lambda,Pabs
350, 0.891055
351, 0.879234
352, 0.866006
353, 0.851644
354, 0.836422
355, 0.820608
356, 0.804461
357, 0.78822
358, 0.772101
359, 0.756293
360, 0.740955
361, 0.726215
362, 0.712169
363, 0.698889
364, 0.686426
365, 0.674815
366, 0.664077
367, 0.654229
368, 0.645284
369, 0.637253
370, 0.630142
371, 0.623958
372, 0.618703
373, 0.614373
374, 0.610959
375, 0.608446
376, 0.606815
377, 0.606041
378, 0.6061
379, 0.606969
380, 0.608623
381, 0.611045
382, 0.614218
383, 0.61813
384, 0.622768
385, 0.628122
386, 0.634176
387, 0.640913
388, 0.648309
389, 0.656333
390, 0.664948
391, 0.674111
392, 0.683773
393, 0.69388
394, 0.704374
395, 0.715192
396, 0.726271
397, 0.73754
398, 0.748929
399, 0.760359
400, 0.771751
401, 0.783017
402, 0.794068
403, 0.804808
404, 0.815139
405, 0.824964
406, 0.834182
407, 0.842699
408, 0.850426
409, 0.857279
410, 0.863188
411, 0.868091
412, 0.871943
413, 0.87471
414, 0.876374
415, 0.876932
416, 0.876393
417, 0.87478
418, 0.872128
419, 0.86848
420, 0.863889
421, 0.858415
422, 0.852124
423, 0.845088
424, 0.837378
425, 0.829073
426, 0.820249
427, 0.810985
428, 0.801359
429, 0.791447
430, 0.781323
431, 0.771059
432, 0.760721
433, 0.750372
434, 0.740069
435, 0.729864
436, 0.719803
437, 0.709926
438, 0.700268
439, 0.690859
440, 0.681725
441, 0.672887
442, 0.664364
443, 0.656171
444, 0.648324
445, 0.640834
446, 0.633711
447, 0.626964
448, 0.620601
449, 0.614627
450, 0.609044
451, 0.603855
452, 0.599056
453, 0.594644
454, 0.59061
455, 0.586943
456, 0.58363
457, 0.580653
458, 0.577992
459, 0.575626
460, 0.573528
461, 0.571671
462, 0.570026
463, 0.568561
464, 0.567242
465, 0.566036
466, 0.564906
467, 0.563818
468, 0.562736
469, 0.561626
470, 0.560455
471, 0.559195
472, 0.557816
473, 0.556297
474, 0.554618
475, 0.552764
476, 0.550725
477, 0.548497
478, 0.546079
479, 0.543474
480, 0.540691
481, 0.537741
482, 0.53464
483, 0.531405
484, 0.528055
485, 0.524612
486, 0.521098
487, 0.517536
488, 0.513948
489, 0.510357
490, 0.506785
491, 0.503254
492, 0.499782
493, 0.496388
494, 0.493089
495, 0.489898
496, 0.486829
497, 0.483891
498, 0.481092
499, 0.478438
500, 0.475932
501, 0.473574
502, 0.471364
503, 0.469297
504, 0.467368
505, 0.465568
506, 0.463887
507, 0.462314
508, 0.460835
509, 0.459434
510, 0.458096
511, 0.456801
512, 0.455532
513, 0.454266
514, 0.452984
515, 0.451662
516, 0.450279
517, 0.448811
518, 0.447234
519, 0.445526
520, 0.443663
521, 0.441621
522, 0.439379
523, 0.436917
524, 0.434213
525, 0.43125
526, 0.428011
527, 0.424483
528, 0.420654
529, 0.416516
530, 0.412062
531, 0.407291
532, 0.402202
533, 0.3968
534, 0.391092
535, 0.385089
536, 0.378803
537, 0.372252
538, 0.365454
539, 0.358431
540, 0.351206
541, 0.343804
542, 0.336251
543, 0.328575
544, 0.320802
545, 0.312961
546, 0.305078
547, 0.29718
548, 0.289292
549, 0.281439
550, 0.273643
551, 0.265925
552, 0.258305
553, 0.2508
554, 0.243426
555, 0.236195
556, 0.229119
557, 0.222208
558, 0.21547
559, 0.208911
560, 0.202535
561, 0.196345
562, 0.190344
563, 0.184532
564, 0.178908
565, 0.173472
566, 0.168222
567, 0.163155
568, 0.158268
569, 0.153557
570, 0.149019
571, 0.144649
572, 0.140444
573, 0.136398
574, 0.132508
575, 0.128768
576, 0.125174
577, 0.12172
578, 0.118403
579, 0.115218
580, 0.11216
581, 0.109224
582, 0.106407
583, 0.103703
584, 0.101108
585, 0.0986177
586, 0.0962285
587, 0.0939362
588, 0.0917368
589, 0.0896264
590, 0.0876015
591, 0.0856586
592, 0.0837941
593, 0.0820049
594, 0.0802878
595, 0.0786398
596, 0.077058
597, 0.0755398
598, 0.0740824
599, 0.0726834
600, 0.0713404
601, 0.0700512
602, 0.0688135
603, 0.0676252
604, 0.0664845
605, 0.0653895
606, 0.0643383
607, 0.0633293
608, 0.0623608
609, 0.0614312
610, 0.0605392
611, 0.0596832
612, 0.058862
613, 0.0580743
614, 0.0573188
615, 0.0565944
616, 0.0559
617, 0.0552346
618, 0.0545972
619, 0.0539868
620, 0.0534025
621, 0.0528435
622, 0.052309
623, 0.0517982
624, 0.0513104
625, 0.0508448
626, 0.0504009
627, 0.049978
628, 0.0495754
629, 0.0491925
630, 0.0488289
631, 0.048484
632, 0.0481571
633, 0.0478479
634, 0.0475558
635, 0.0472804
636, 0.0470211
637, 0.0467776
638, 0.0465493
639, 0.0463359
640, 0.0461369
641, 0.045952
642, 0.0457807
643, 0.0456227
644, 0.0454776
645, 0.0453451
646, 0.0452248
647, 0.0451164
648, 0.0450196
649, 0.0449341
650, 0.0448596
651, 0.0447959
652, 0.0447427
653, 0.0446996
654, 0.0446666
655, 0.0446433
656, 0.0446295
657, 0.0446251
658, 0.0446296
659, 0.0446431
660, 0.0446651
661, 0.0446956
662, 0.0447343
663, 0.0447809
664, 0.0448353
665, 0.0448973
666, 0.0449664
667, 0.0450427
668, 0.0451257
669, 0.0452153
670, 0.0453111
671, 0.0454129
672, 0.0455204
673, 0.0456333
674, 0.0457513
675, 0.0458741
676, 0.0460014
677, 0.0461327
678, 0.0462678
679, 0.0464062
680, 0.0465477
681, 0.0466917
682, 0.046838
683, 0.0469861
684, 0.0471356
685, 0.047286
686, 0.047437
687, 0.047588
688, 0.0477386
689, 0.0478883
690, 0.0480368
691, 0.0481833
692, 0.0483276
693, 0.0484691
694, 0.0486073
695, 0.0487417
696, 0.0488719
697, 0.0489972
698, 0.0491172
699, 0.0492315
700, 0.0493395


