lambda,Pabs
350, 0.88402
351, 0.871301
352, 0.857289
353, 0.842272
354, 0.82653
355, 0.81033
356, 0.793918
357, 0.77752
358, 0.761335
359, 0.745537
360, 0.730271
361, 0.715655
362, 0.70178
363, 0.688714
364, 0.676505
365, 0.665185
366, 0.654771
367, 0.645276
368, 0.636703
369, 0.629054
370, 0.622331
371, 0.616531
372, 0.611651
373, 0.607685
374, 0.604624
375, 0.602455
376, 0.601161
377, 0.600724
378, 0.601122
379, 0.602334
380, 0.604339
381, 0.607115
382, 0.610646
383, 0.614915
384, 0.619905
385, 0.625601
386, 0.631986
387, 0.63904
388, 0.646738
389, 0.655053
390, 0.663949
391, 0.673385
392, 0.683314
393, 0.693682
394, 0.704431
395, 0.715495
396, 0.726806
397, 0.738289
398, 0.749866
399, 0.761455
400, 0.77297
401, 0.784321
402, 0.795414
403, 0.806153
404, 0.816442
405, 0.826182
406, 0.835277
407, 0.843632
408, 0.851161
409, 0.857783
410, 0.863427
411, 0.868036
412, 0.871564
413, 0.873982
414, 0.875274
415, 0.875442
416, 0.874499
417, 0.872474
418, 0.869408
419, 0.865351
420, 0.860362
421, 0.854507
422, 0.847858
423, 0.840487
424, 0.832473
425, 0.823893
426, 0.814825
427, 0.805346
428, 0.795535
429, 0.785465
430, 0.77521
431, 0.764837
432, 0.754413
433, 0.744
434, 0.733652
435, 0.723422
436, 0.713355
437, 0.703489
438, 0.69386
439, 0.684498
440, 0.675425
441, 0.666664
442, 0.658231
443, 0.65014
444, 0.642403
445, 0.63503
446, 0.62803
447, 0.62141
448, 0.615175
449, 0.609329
450, 0.603874
451, 0.59881
452, 0.594135
453, 0.589845
454, 0.585932
455, 0.582385
456, 0.579192
457, 0.576335
458, 0.573796
459, 0.571552
460, 0.569578
461, 0.567846
462, 0.566328
463, 0.56499
464, 0.563799
465, 0.56272
466, 0.561717
467, 0.560755
468, 0.559797
469, 0.558809
470, 0.557758
471, 0.556613
472, 0.555348
473, 0.553939
474, 0.552366
475, 0.550616
476, 0.548679
477, 0.54655
478, 0.544228
479, 0.541717
480, 0.539027
481, 0.536169
482, 0.533159
483, 0.530013
484, 0.526753
485, 0.523399
486, 0.519973
487, 0.516498
488, 0.512997
489, 0.509492
490, 0.506004
491, 0.502556
492, 0.499164
493, 0.495848
494, 0.492624
495, 0.489505
496, 0.486503
497, 0.483629
498, 0.48089
499, 0.478292
500, 0.475837
501, 0.473527
502, 0.471361
503, 0.469334
504, 0.467441
505, 0.465674
506, 0.464023
507, 0.462476
508, 0.46102
509, 0.459639
510, 0.458316
511, 0.457033
512, 0.45577
513, 0.454506
514, 0.45322
515, 0.451888
516, 0.450488
517, 0.448996
518, 0.447388
519, 0.44564
520, 0.443728
521, 0.441631
522, 0.439327
523, 0.436793
524, 0.434012
525, 0.430965
526, 0.427637
527, 0.424015
528, 0.420089
529, 0.415851
530, 0.411296
531, 0.406423
532, 0.401233
533, 0.395732
534, 0.389927
535, 0.383831
536, 0.377456
537, 0.370821
538, 0.363944
539, 0.356848
540, 0.349556
541, 0.342094
542, 0.334488
543, 0.326765
544, 0.318952
545, 0.311078
546, 0.303169
547, 0.295251
548, 0.287349
549, 0.279489
550, 0.271691
551, 0.263977
552, 0.256367
553, 0.248876
554, 0.24152
555, 0.234312
556, 0.227263
557, 0.220382
558, 0.213677
559, 0.207153
560, 0.200815
561, 0.194665
562, 0.188705
563, 0.182935
564, 0.177354
565, 0.171962
566, 0.166755
567, 0.161732
568, 0.156888
569, 0.152219
570, 0.147723
571, 0.143395
572, 0.139229
573, 0.135222
574, 0.131369
575, 0.127665
576, 0.124106
577, 0.120687
578, 0.117402
579, 0.114248
580, 0.11122
581, 0.108314
582, 0.105524
583, 0.102847
584, 0.100278
585, 0.0978132
586, 0.0954482
587, 0.0931792
588, 0.0910024
589, 0.0889138
590, 0.08691
591, 0.0849874
592, 0.0831426
593, 0.0813724
594, 0.0796736
595, 0.0780434
596, 0.0764787
597, 0.074977
598, 0.0735356
599, 0.0721519
600, 0.0708237
601, 0.0695486
602, 0.0683245
603, 0.0671494
604, 0.0660213
605, 0.0649383
606, 0.0638987
607, 0.0629007
608, 0.0619427
609, 0.0610233
610, 0.0601409
611, 0.0592942
612, 0.0584818
613, 0.0577025
614, 0.0569551
615, 0.0562384
616, 0.0555513
617, 0.0548929
618, 0.0542621
619, 0.053658
620, 0.0530798
621, 0.0525267
622, 0.0519977
623, 0.0514923
624, 0.0510096
625, 0.0505489
626, 0.0501098
627, 0.0496914
628, 0.0492932
629, 0.0489147
630, 0.0485552
631, 0.0482143
632, 0.0478914
633, 0.047586
634, 0.0472976
635, 0.0470257
636, 0.04677
637, 0.0465298
638, 0.0463049
639, 0.0460947
640, 0.0458988
641, 0.0457169
642, 0.0455485
643, 0.0453933
644, 0.0452508
645, 0.0451209
646, 0.045003
647, 0.0448969
648, 0.0448023
649, 0.0447189
650, 0.0446463
651, 0.0445844
652, 0.0445328
653, 0.0444913
654, 0.0444596
655, 0.0444376
656, 0.044425
657, 0.0444215
658, 0.044427
659, 0.0444412
660, 0.044464
661, 0.0444951
662, 0.0445343
663, 0.0445814
664, 0.0446361
665, 0.0446983
666, 0.0447677
667, 0.0448442
668, 0.0449273
669, 0.0450169
670, 0.0451128
671, 0.0452145
672, 0.045322
673, 0.0454348
674, 0.0455527
675, 0.0456753
676, 0.0458023
677, 0.0459334
678, 0.0460682
679, 0.0462064
680, 0.0463475
681, 0.0464912
682, 0.046637
683, 0.0467846
684, 0.0469336
685, 0.0470834
686, 0.0472337
687, 0.0473841
688, 0.0475339
689, 0.0476829
690, 0.0478304
691, 0.047976
692, 0.0481193
693, 0.0482597
694, 0.0483967
695, 0.0485299
696, 0.0486588
697, 0.0487827
698, 0.0489013
699, 0.0490141
700, 0.0491206


