X,T
1.65436e-18, 310.15
0.026611, 310.15
0.450435, 310.15
0.479456, 310.15
0.920388, 310.15
0.943751, 310.15
0.958053, 310.15
0.984136, 310.15
1.01864, 310.15
1.33603, 310.15
1.54672, 310.15
1.56766, 310.15
1.66285, 310.15
1.85361, 310.15
1.89075, 310.15
2.20782, 310.15
2.23044, 310.15
2.71663, 310.15
2.75892, 310.15
2.77303, 310.15
2.78777, 310.15
3.36375, 310.15
3.38426, 310.15
3.42272, 310.15
3.45008, 310.15
3.87234, 310.15
4.04458, 310.15
4.06199, 310.15
4.07682, 310.15
4.13519, 310.15
4.65798, 310.15
4.67617, 310.15
4.81042, 310.15
4.82951, 310.15
5.66468, 310.15
5.6894, 310.15
5.68973, 310.15
5.69056, 310.15
5.71584, 310.15
5.75985, 310.15
6.21645, 310.15
6.65194, 310.15
6.67622, 310.15
6.68491, 310.15
6.7146, 310.15
7.14492, 310.15
7.18644, 310.15
7.57083, 310.15
7.61949, 310.15
7.64455, 310.15
7.66509, 310.15
8.14952, 310.15
8.26178, 310.15
8.2706, 310.15
8.28619, 310.15
8.84704, 310.15
8.99541, 310.15
8.99853, 310.15
9.01498, 310.15
9.01848, 310.15
9.27814, 310.15
9.58666, 310.15
9.62544, 310.15
9.75279, 310.15
9.78025, 310.15
9.79686, 310.15
10.0801, 310.15
10.097, 310.15
10.4156, 310.15
10.6204, 310.15
10.6353, 310.15
10.9705, 310.15
11.3235, 310.15
11.3358, 310.15
11.5411, 310.15
11.564, 310.15
11.5727, 310.15
12.0297, 310.151
12.0627, 310.151
12.0676, 310.151
12.0711, 310.151
12.0999, 310.151
12.1381, 310.151
12.7835, 310.151
13.0428, 310.151
13.0601, 310.151
13.2813, 310.151
13.6913, 310.151
13.7997, 310.151
13.8245, 310.151
13.945, 310.151
13.9585, 310.151
14.2549, 310.151
14.4881, 310.151
14.7388, 310.151
14.7515, 310.151
14.8784, 310.151
15.283, 310.151
15.3056, 310.151
15.3255, 310.151
15.3347, 310.151
15.8207, 310.151
15.8349, 310.151
16.3841, 310.151
16.3972, 310.151
16.4016, 310.151
16.4151, 310.151
16.5279, 310.151
16.9285, 310.151
17.0795, 310.151
17.1278, 310.151
17.4555, 310.151
17.6936, 310.151
17.7159, 310.151
17.7317, 310.151
17.985, 310.151
18.0003, 310.151
18.526, 310.151
18.5328, 310.151
18.5419, 310.151
18.5499, 310.151
18.5515, 310.151
19.2168, 310.152
19.2354, 310.152
19.2714, 310.152
19.6897, 310.152
19.7087, 310.152
20.1214, 310.152
20.1922, 310.152
20.1972, 310.152
20.2009, 310.152
20.2261, 310.152
20.5898, 310.152
20.6112, 310.152
20.636, 310.152
20.6802, 310.152
20.7126, 310.152
20.9198, 310.152
21.1152, 310.152
21.4234, 310.152
21.4341, 310.152
21.4465, 310.152
21.6259, 310.152
21.6551, 310.152
21.9185, 310.152
22.1911, 310.153
22.5042, 310.153
22.5387, 310.153
22.7653, 310.153
22.8466, 310.153
23.1385, 310.153
23.4583, 310.153
23.4931, 310.153
23.5742, 310.153
23.6023, 310.153
23.9528, 310.153
24.2379, 310.153
24.2575, 310.153
24.526, 310.154
24.6312, 310.154
24.7344, 310.154
24.7522, 310.154
24.7695, 310.154
25.2271, 310.154
25.2471, 310.154
25.2848, 310.154
25.2926, 310.154
25.3204, 310.154
25.7761, 310.154
26.2559, 310.155
26.2868, 310.155
26.2882, 310.155
26.3078, 310.155
26.9139, 310.155
27.0281, 310.155
27.0489, 310.155
27.1721, 310.156
27.5629, 310.156
27.5785, 310.156
27.7514, 310.156
28.1134, 310.156
28.1297, 310.156
28.6727, 310.157
28.7064, 310.157
28.809, 310.157
28.8601, 310.157
28.9902, 310.157
29.3606, 310.158
29.3812, 310.158
29.5282, 310.158
29.8467, 310.158
29.8739, 310.159
30.2631, 310.159
30.2987, 310.159
30.7564, 310.16
30.7863, 310.16
31.0668, 310.16
31.3058, 310.161
31.5669, 310.161
31.5799, 310.161
31.5874, 310.161
31.787, 310.162
31.8076, 310.162
32.1754, 310.162
32.3411, 310.163
32.8618, 310.164
32.8845, 310.164
32.9165, 310.164
32.9852, 310.164
33.0153, 310.164
33.5781, 310.165
33.5823, 310.165
33.5978, 310.165
33.7747, 310.166
34.1201, 310.167
34.14, 310.167
34.1755, 310.167
34.756, 310.168
34.7599, 310.168
34.7795, 310.168
34.7813, 310.169
34.8055, 310.169
35.2554, 310.17
35.2657, 310.17
35.549, 310.171
35.5719, 310.171
35.611, 310.171
35.922, 310.172
35.9454, 310.172
36.2024, 310.173
36.4823, 310.174
36.5107, 310.174
36.6461, 310.175
37.0254, 310.176
37.0785, 310.177
37.3684, 310.178
37.4527, 310.178
37.4828, 310.178
38, 310.181
38.0434, 310.181
38.0466, 310.181
38.3016, 310.182
38.6528, 310.184
38.6785, 310.184
38.6958, 310.184
38.711, 310.185
38.74, 310.185
39.1869, 310.187
39.6681, 310.19
39.696, 310.19
39.6974, 310.19
40.1489, 310.193
40.474, 310.196
40.6682, 310.197
40.6968, 310.197
41.0949, 310.201
41.1777, 310.201
41.3592, 310.203
41.6366, 310.205
41.6505, 310.205
41.849, 310.207
41.8956, 310.208
42.1177, 310.21
42.5174, 310.214
42.6262, 310.215
42.6472, 310.215
42.7134, 310.216
42.8704, 310.217
42.9143, 310.218
43.1131, 310.22
43.3901, 310.223
43.577, 310.225
43.5923, 310.226
43.671, 310.227
44.0774, 310.232
44.0934, 310.232
44.3507, 310.236
44.3948, 310.236
44.4979, 310.238
44.564, 310.239
44.588, 310.239
45.0461, 310.246
45.2621, 310.25
45.2731, 310.25
45.6414, 310.256
45.7037, 310.257
45.7572, 310.258
45.7776, 310.259
45.7874, 310.259
45.8173, 310.26
46.2255, 310.267
46.2808, 310.268
46.5351, 310.274
46.7105, 310.277
46.7399, 310.278
46.7733, 310.279
47.1013, 310.286
47.3182, 310.292
47.3318, 310.292
47.3343, 310.292
47.3821, 310.293
47.8598, 310.306
47.9927, 310.31
48.0109, 310.31
48.2294, 310.317
48.5775, 310.328
48.9268, 310.341
48.9619, 310.342
49.0286, 310.345
49.0642, 310.346
49.0813, 310.347
49.4653, 310.363
49.48, 310.364
49.5271, 310.366
49.5731, 310.369
49.7606, 310.379
49.7804, 310.38
49.8589, 310.385
49.8592, 310.385
49.8602, 310.385
49.9285, 310.392
50, 310.4
50.0338, 310.4
50.0725, 310.4
50.0737, 310.4
50.0789, 310.4
50.1045, 310.4
50.1324, 310.4
50.1619, 310.4
50.1837, 310.4
50.2095, 310.4
50.2412, 310.4
50.2606, 310.4
50.2858, 310.4
50.3004, 310.4
50.3418, 310.401
50.3747, 310.401
50.3916, 310.401
50.4311, 310.401
50.437, 310.401
50.4438, 310.401
50.5019, 310.401
50.5051, 310.401
50.507, 310.401
50.5229, 310.401
50.5537, 310.401
50.5887, 310.401
50.5897, 310.401
50.5933, 310.401
50.6409, 310.401
50.6558, 310.402
50.6924, 310.402
50.699, 310.402
50.7125, 310.402
50.7281, 310.402
50.7584, 310.402
50.7643, 310.402
50.8072, 310.402
50.8123, 310.402
50.8495, 310.402
50.8651, 310.402
50.8833, 310.402
50.906, 310.402
50.9536, 310.403
50.9615, 310.403
50.969, 310.403
51.0116, 310.403
51.0211, 310.403
51.0774, 310.403
51.1123, 310.403
51.1192, 310.403
51.1314, 310.403
51.1969, 310.403
51.1991, 310.403
51.2014, 310.403
51.2509, 310.404
51.2681, 310.404
51.2893, 310.404
51.3152, 310.404
51.3324, 310.404
51.3553, 310.404
51.3945, 310.404
51.4005, 310.404
51.4486, 310.404
51.4732, 310.404
51.4965, 310.405
51.5339, 310.405
51.5489, 310.405
51.5831, 310.405
51.6209, 310.405
51.6424, 310.405
51.662, 310.405
51.6828, 310.405
51.6982, 310.405
51.7301, 310.405
51.7374, 310.405
51.757, 310.405
51.7811, 310.406
51.8096, 310.406
51.8281, 310.406
51.8536, 310.406
51.8961, 310.406
51.8977, 310.406
51.936, 310.406
51.9413, 310.406
51.9789, 310.406
52.0164, 310.406
52.0252, 310.406
52.061, 310.407
52.0811, 310.407
52.0902, 310.407
52.1538, 310.407
52.1565, 310.407
52.1646, 310.407
52.1716, 310.407
52.2392, 310.407
52.2648, 310.407
52.2958, 310.407
52.3131, 310.408
52.387, 310.408
52.4159, 310.408
52.4287, 310.408
52.4676, 310.408
52.4678, 310.408
52.4707, 310.408
52.5096, 310.408
52.5121, 310.408
52.5506, 310.408
52.5817, 310.408
52.6014, 310.409
52.6051, 310.409
52.6399, 310.409
52.6593, 310.409
52.7186, 310.409
52.7187, 310.409
52.7188, 310.409
52.7574, 310.409
52.8082, 310.409
52.8272, 310.409
52.8497, 310.409
52.8571, 310.409
52.8999, 310.41
52.9015, 310.41
52.9044, 310.41
52.9393, 310.41
52.9431, 310.41
52.9442, 310.41
52.9532, 310.41
52.9823, 310.41
53.0262, 310.41
53.0294, 310.41
53.0922, 310.41
53.1709, 310.411
53.1733, 310.411
53.1852, 310.411
53.1917, 310.411
53.2322, 310.411
53.2394, 310.411
53.2552, 310.411
53.3497, 310.411
53.3847, 310.411
53.4254, 310.412
53.441, 310.412
53.4801, 310.412
53.4938, 310.412
53.5246, 310.412
53.5264, 310.412
53.5621, 310.412
53.5921, 310.412
53.6278, 310.412
53.6281, 310.412
53.6376, 310.412
53.6948, 310.412
53.7177, 310.413
53.7412, 310.413
53.7855, 310.413
53.7934, 310.413
53.8137, 310.413
53.8297, 310.413
53.8678, 310.413
53.9001, 310.413
53.9288, 310.413
53.9335, 310.413
53.9473, 310.413
53.9725, 310.413
53.9977, 310.413
54.0299, 310.414
54.0618, 310.414
54.0634, 310.414
54.0666, 310.414
54.0993, 310.414
54.1468, 310.414
54.1645, 310.414
54.1894, 310.414
54.2201, 310.414
54.2407, 310.414
54.2597, 310.414
54.3069, 310.415
54.3391, 310.415
54.3413, 310.415
54.3435, 310.415
54.3531, 310.415
54.3773, 310.415
54.4095, 310.415
54.4205, 310.415
54.4394, 310.415
54.4521, 310.415
54.4842, 310.415
54.5114, 310.415
54.5265, 310.415
54.5498, 310.415
54.5524, 310.415
54.5575, 310.415
54.5666, 310.415
54.6169, 310.416
54.6694, 310.416
54.6767, 310.416
54.722, 310.416
54.7381, 310.416
54.7766, 310.416
54.7891, 310.416
54.7991, 310.416
54.811, 310.416
54.8444, 310.416
54.8532, 310.416
54.8672, 310.416
54.9052, 310.416
54.9228, 310.417
54.9465, 310.417
54.9877, 310.417
54.9979, 310.417
55.0186, 310.417
55.043, 310.417
55.07, 310.417
55.1163, 310.417
55.1194, 310.417
55.1704, 310.417
55.182, 310.417
55.2192, 310.417
55.2447, 310.418
55.2587, 310.418
55.2997, 310.418
55.343, 310.418
55.3476, 310.418
55.3483, 310.418
55.351, 310.418
55.3862, 310.418
55.387, 310.418
55.3903, 310.418
55.4256, 310.418
55.4343, 310.418
55.4435, 310.418
55.4644, 310.418
55.5029, 310.418
55.5261, 310.418
55.5338, 310.418
55.5721, 310.419
55.588, 310.419
55.5957, 310.419
55.6168, 310.419
55.6341, 310.419
55.6546, 310.419
55.6623, 310.419
55.6907, 310.419
55.6907, 310.419
55.7363, 310.419
55.7568, 310.419
55.7952, 310.419
55.8476, 310.419
55.8579, 310.419
55.8596, 310.419
55.8679, 310.419
55.8958, 310.42
55.9175, 310.42
55.9354, 310.42
55.9409, 310.42
55.985, 310.42
55.9939, 310.42
55.9999, 310.42
56.0245, 310.42
56.0449, 310.42
56.0742, 310.42
56.1358, 310.42
56.1443, 310.42
56.1472, 310.42
56.1532, 310.42
56.198, 310.42
56.2326, 310.421
56.2485, 310.421
56.2591, 310.421
56.2814, 310.421
56.2954, 310.421
56.299, 310.421
56.3405, 310.421
56.3641, 310.421
56.3842, 310.421
56.3948, 310.421
56.423, 310.421
56.4598, 310.421
56.4933, 310.421
56.5149, 310.421
56.542, 310.421
56.5479, 310.422
56.5503, 310.422
56.5799, 310.422
56.6014, 310.422
56.6175, 310.422
56.6312, 310.422
56.6549, 310.422
56.705, 310.422
56.7059, 310.422
56.7518, 310.422
56.7669, 310.422
56.7978, 310.422
56.838, 310.422
56.8488, 310.422
56.8606, 310.422
56.9129, 310.423
56.9184, 310.423
56.9236, 310.423
56.9432, 310.423
56.9564, 310.423
56.9894, 310.423
57.0254, 310.423
57.0477, 310.423
57.0587, 310.423
57.1211, 310.423
57.1214, 310.423
57.1568, 310.423
57.1906, 310.423
57.2131, 310.423
57.2364, 310.423
57.2662, 310.424
57.302, 310.424
57.3191, 310.424
57.3223, 310.424
57.3335, 310.424
57.3526, 310.424
57.3751, 310.424
57.3994, 310.424
57.4385, 310.424
57.4574, 310.424
57.4624, 310.424
57.4681, 310.424
57.5036, 310.424
57.5406, 310.424
57.5761, 310.424
57.5889, 310.424
57.6216, 310.425
57.6232, 310.425
57.6633, 310.425
57.6832, 310.425
57.7075, 310.425
57.7348, 310.425
57.7704, 310.425
57.7733, 310.425
57.7744, 310.425
57.8153, 310.425
57.8694, 310.425
57.8935, 310.425
57.9088, 310.425
57.9403, 310.425
57.9536, 310.425
57.959, 310.425
58.0035, 310.426
58.0169, 310.426
58.0189, 310.426
58.074, 310.426
58.0845, 310.426
58.1125, 310.426
58.1284, 310.426
58.1356, 310.426
58.1386, 310.426
58.1677, 310.426
58.1733, 310.426
58.2311, 310.426
58.2341, 310.426
58.2473, 310.426
58.2753, 310.426
58.2888, 310.426
58.3416, 310.426
58.342, 310.426
58.3444, 310.426
58.3835, 310.426
58.4114, 310.427
58.4276, 310.427
58.4482, 310.427
58.4831, 310.427
58.4932, 310.427
58.5194, 310.427
58.5331, 310.427
58.5696, 310.427
58.5704, 310.427
58.6198, 310.427
58.6298, 310.427
58.6365, 310.427
58.6864, 310.427
58.7118, 310.427
58.7153, 310.427
58.7158, 310.427
58.7177, 310.427
58.7426, 310.427
58.7795, 310.427
58.802, 310.428
58.8269, 310.428
58.8273, 310.428
58.8732, 310.428
58.8803, 310.428
58.9281, 310.428
58.9474, 310.428
59.0011, 310.428
59.0073, 310.428
59.0114, 310.428
59.0523, 310.428
59.1021, 310.428
59.1058, 310.428
59.1569, 310.428
59.1723, 310.428
59.2072, 310.429
59.2176, 310.429
59.2451, 310.429
59.2534, 310.429
59.2725, 310.429
59.2893, 310.429
59.3333, 310.429
59.3434, 310.429
59.3794, 310.429
59.4026, 310.429
59.4062, 310.429
59.4439, 310.429
59.4662, 310.429
59.5136, 310.429
59.5358, 310.429
59.5577, 310.429
59.5666, 310.429
59.6219, 310.429
59.6319, 310.429
59.6364, 310.43
59.6578, 310.43
59.6919, 310.43
59.7219, 310.43
59.7389, 310.43
59.7491, 310.43
59.771, 310.43
59.8002, 310.43
59.8524, 310.43
59.8553, 310.43
59.8558, 310.43
59.8974, 310.43
59.9166, 310.43
59.9547, 310.43
59.9745, 310.43
59.989, 310.43
60.0131, 310.43
60.045, 310.43
60.0472, 310.43
60.0492, 310.43
60.116, 310.431
60.1307, 310.431
60.1587, 310.431
60.2046, 310.431
60.2064, 310.431
60.2084, 310.431
60.2119, 310.431
60.2302, 310.431
60.2461, 310.431
60.2633, 310.431
60.2835, 310.431
60.2841, 310.431
60.3014, 310.431
60.3275, 310.431
60.3397, 310.431
60.3583, 310.431
60.363, 310.431
60.3974, 310.431
60.4418, 310.431
60.4465, 310.431
60.4505, 310.431
60.4925, 310.431
60.5148, 310.431
60.5559, 310.432
60.5709, 310.432
60.5908, 310.432
60.6171, 310.432
60.6229, 310.432
60.6875, 310.432
60.7053, 310.432
60.7458, 310.432
60.7592, 310.432
60.7792, 310.432
60.8037, 310.432
60.8159, 310.432
60.8402, 310.432
60.8479, 310.432
60.8717, 310.432
60.886, 310.432
60.9187, 310.432
60.9292, 310.432
60.963, 310.432
60.9686, 310.432
61.0178, 310.432
61.0517, 310.433
61.062, 310.433
61.1109, 310.433
61.1184, 310.433
61.1593, 310.433
61.1732, 310.433
61.1984, 310.433
61.2145, 310.433
61.2485, 310.433
61.2692, 310.433
61.2892, 310.433
61.327, 310.433
61.3521, 310.433
61.3598, 310.433
61.366, 310.433
61.4013, 310.433
61.439, 310.433
61.4475, 310.433
61.4643, 310.433
61.4803, 310.433
61.5292, 310.434
61.5486, 310.434
61.5719, 310.434
61.5891, 310.434
61.6178, 310.434
61.6428, 310.434
61.6489, 310.434
61.6791, 310.434
61.702, 310.434
61.7269, 310.434
61.7601, 310.434
61.774, 310.434
61.7933, 310.434
61.8145, 310.434
61.8163, 310.434
61.8456, 310.434
61.8581, 310.434
61.8602, 310.434
61.8808, 310.434
61.896, 310.434
61.9296, 310.434
61.9771, 310.434
61.9804, 310.434
61.9823, 310.434
61.9929, 310.434
62.0321, 310.434
62.0604, 310.435
62.0855, 310.435
62.0929, 310.435
62.094, 310.435
62.101, 310.435
62.1365, 310.435
62.1959, 310.435
62.225, 310.435
62.2413, 310.435
62.2503, 310.435
62.2636, 310.435
62.277, 310.435
62.2867, 310.435
62.3169, 310.435
62.3597, 310.435
62.3774, 310.435
62.4027, 310.435
62.4232, 310.435
62.4356, 310.435
62.4541, 310.435
62.4679, 310.435
62.517, 310.435
62.5229, 310.435
62.541, 310.435
62.5804, 310.435
62.5836, 310.435
62.6195, 310.436
62.6345, 310.436
62.6612, 310.436
62.6868, 310.436
62.6959, 310.436
62.7326, 310.436
62.7387, 310.436
62.7521, 310.436
62.7874, 310.436
62.8143, 310.436
62.8269, 310.436
62.8491, 310.436
62.8761, 310.436
62.8901, 310.436
62.9149, 310.436
62.9383, 310.436
62.9747, 310.436
62.9817, 310.436
63.0046, 310.436
63.0408, 310.436
63.0665, 310.436
63.0904, 310.436
63.1096, 310.436
63.1209, 310.436
63.1563, 310.436
63.1734, 310.436
63.1916, 310.436
63.2089, 310.436
63.2493, 310.437
63.256, 310.437
63.2902, 310.437
63.318, 310.437
63.3254, 310.437
63.3313, 310.437
63.3756, 310.437
63.3929, 310.437
63.4125, 310.437
63.4362, 310.437
63.46, 310.437
63.482, 310.437
63.528, 310.437
63.5389, 310.437
63.5853, 310.437
63.5924, 310.437
63.6365, 310.437
63.653, 310.437
63.6688, 310.437
63.696, 310.437
63.704, 310.437
63.7382, 310.437
63.7735, 310.437
63.7962, 310.437
63.8, 310.437
63.8262, 310.437
63.8315, 310.437
63.8658, 310.438
63.8715, 310.438
63.8732, 310.438
63.9204, 310.438
63.9433, 310.438
63.9445, 310.438
63.9465, 310.438
63.9835, 310.438
64.0206, 310.438
64.0681, 310.438
64.0682, 310.438
64.0682, 310.438
64.0684, 310.438
64.1028, 310.438
64.1395, 310.438
64.1429, 310.438
64.1755, 310.438
64.1888, 310.438
64.2299, 310.438
64.2631, 310.438
64.2827, 310.438
64.3111, 310.438
64.3363, 310.438
64.3774, 310.438
64.4013, 310.438
64.4203, 310.438
64.4408, 310.438
64.4541, 310.438
64.4849, 310.438
64.4922, 310.438
64.5096, 310.438
64.52, 310.438
64.5273, 310.439
64.5353, 310.439
64.5537, 310.439
64.5637, 310.439
64.6039, 310.439
64.6275, 310.439
64.6475, 310.439
64.6533, 310.439
64.697, 310.439
64.7014, 310.439
64.7027, 310.439
64.7519, 310.439
64.7854, 310.439
64.7966, 310.439
64.8222, 310.439
64.8322, 310.439
64.882, 310.439
64.9173, 310.439
64.9542, 310.439
64.9714, 310.439
65.0041, 310.439
65.018, 310.439
65.0473, 310.439
65.0506, 310.439
65.0706, 310.439
65.0834, 310.439
65.1026, 310.439
65.1255, 310.439
65.1375, 310.439
65.1509, 310.439
65.1788, 310.439
65.2049, 310.439
65.2178, 310.439
65.2376, 310.439
65.2573, 310.439
65.2884, 310.44
65.3015, 310.44
65.3078, 310.44
65.3407, 310.44
65.3791, 310.44
65.3873, 310.44
65.4173, 310.44
65.4451, 310.44
65.4611, 310.44
65.4659, 310.44
65.4856, 310.44
65.5073, 310.44
65.5383, 310.44
65.5681, 310.44
65.583, 310.44
65.608, 310.44
65.6276, 310.44
65.6397, 310.44
65.6501, 310.44
65.661, 310.44
65.6635, 310.44
65.6837, 310.44
65.7139, 310.44
65.7161, 310.44
65.7544, 310.44
65.7786, 310.44
65.7804, 310.44
65.7813, 310.44
65.8114, 310.44
65.8456, 310.44
65.8643, 310.44
65.8753, 310.44
65.9028, 310.44
65.9389, 310.44
65.9553, 310.44
65.9814, 310.44
66.0148, 310.44
66.0439, 310.44
66.0515, 310.44
66.0722, 310.44
66.0846, 310.44
66.1285, 310.441
66.133, 310.441
66.1652, 310.441
66.1971, 310.441
66.2053, 310.441
66.2475, 310.441
66.2671, 310.441
66.2741, 310.441
66.2966, 310.441
66.3234, 310.441
66.3334, 310.441
66.3742, 310.441
66.393, 310.441
66.426, 310.441
66.468, 310.441
66.4784, 310.441
66.4896, 310.441
66.5163, 310.441
66.5295, 310.441
66.5591, 310.441
66.6009, 310.441
66.6239, 310.441
66.6581, 310.441
66.6758, 310.441
66.717, 310.441
66.7299, 310.441
66.7599, 310.441
66.8164, 310.441
66.8207, 310.441
66.8812, 310.441
66.8981, 310.441
66.9351, 310.441
66.9414, 310.441
66.9596, 310.441
66.9708, 310.441
66.9813, 310.441
67.0138, 310.441
67.0174, 310.442
67.0211, 310.442
67.0464, 310.442
67.068, 310.442
67.0765, 310.442
67.086, 310.442
67.1312, 310.442
67.1605, 310.442
67.1847, 310.442
67.1997, 310.442
67.2233, 310.442
67.2342, 310.442
67.2694, 310.442
67.2891, 310.442
67.3143, 310.442
67.3568, 310.442
67.3639, 310.442
67.3675, 310.442
67.4068, 310.442
67.4191, 310.442
67.4521, 310.442
67.4531, 310.442
67.4702, 310.442
67.4961, 310.442
67.5239, 310.442
67.5358, 310.442
67.5621, 310.442
67.6047, 310.442
67.6258, 310.442
67.6331, 310.442
67.643, 310.442
67.7083, 310.442
67.7092, 310.442
67.7116, 310.442
67.7553, 310.442
67.7776, 310.442
67.7911, 310.442
67.8299, 310.442
67.8387, 310.442
67.8842, 310.442
67.8898, 310.442
67.8937, 310.442
67.9297, 310.442
67.9559, 310.442
67.9907, 310.442
68.007, 310.442
68.0356, 310.442
68.0403, 310.442
68.043, 310.442
68.0755, 310.442
68.0828, 310.442
68.1253, 310.443
68.1428, 310.443
68.1841, 310.443
68.1852, 310.443
68.1896, 310.443
68.2431, 310.443
68.2657, 310.443
68.2953, 310.443
68.3306, 310.443
68.3452, 310.443
68.3965, 310.443
68.4296, 310.443
68.4307, 310.443
68.4335, 310.443
68.4772, 310.443
68.5274, 310.443
68.5427, 310.443
68.6038, 310.443
68.6193, 310.443
68.6588, 310.443
68.6866, 310.443
68.7129, 310.443
68.733, 310.443
68.7406, 310.443
68.7628, 310.443
68.8007, 310.443
68.8056, 310.443
68.8299, 310.443
68.8475, 310.443
68.8504, 310.443
68.9028, 310.443
68.9237, 310.443
68.9429, 310.443
68.9564, 310.443
68.9692, 310.443
68.9849, 310.443
69, 310.443
69.008, 310.443
69.0287, 310.443
69.0497, 310.443
69.0874, 310.443
69.113, 310.443
69.1166, 310.443
69.1487, 310.443
69.1564, 310.443
69.2174, 310.443
69.2191, 310.443
69.2514, 310.443
69.2615, 310.443
69.2973, 310.443
69.3143, 310.443
69.3451, 310.443
69.3582, 310.443
69.3808, 310.443
69.4168, 310.443
69.4374, 310.443
69.4508, 310.443
69.4547, 310.443
69.479, 310.443
69.4885, 310.444
69.502, 310.444
69.5172, 310.444
69.5323, 310.444
69.5653, 310.444
69.5773, 310.444
69.5882, 310.444
69.6527, 310.444
69.663, 310.444
69.6989, 310.444
69.738, 310.444
69.7732, 310.444
69.7758, 310.444
69.7762, 310.444
69.7772, 310.444
69.7818, 310.444
69.839, 310.444
69.855, 310.444
69.9067, 310.444
69.9236, 310.444
69.9279, 310.444
69.9357, 310.444
69.9851, 310.444
69.994, 310.444
70.0017, 310.444
70.0294, 310.444
70.0399, 310.444
70.0946, 310.444
70.1014, 310.444
70.1375, 310.444
70.185, 310.444
70.2309, 310.444
70.2363, 310.444
70.2429, 310.444
70.271, 310.444
70.2889, 310.444
70.3005, 310.444
70.3041, 310.444
70.3386, 310.444
70.3705, 310.444
70.3735, 310.444
70.3757, 310.444
70.4205, 310.444
70.4414, 310.444
70.4777, 310.444
70.514, 310.444
70.5262, 310.444
70.5375, 310.444
70.5775, 310.444
70.6001, 310.444
70.6174, 310.444
70.6468, 310.444
70.6546, 310.444
70.68, 310.444
70.6923, 310.444
70.7177, 310.444
70.7589, 310.444
70.789, 310.444
70.7964, 310.444
70.8002, 310.444
70.832, 310.444
70.8692, 310.444
70.8751, 310.444
70.8985, 310.444
70.9028, 310.444
70.9363, 310.444
70.9527, 310.444
70.9607, 310.444
70.9773, 310.444
70.9916, 310.444
71.0005, 310.444
71.0317, 310.444
71.0476, 310.444
71.0772, 310.444
71.0853, 310.444
71.1021, 310.444
71.1209, 310.444
71.152, 310.444
71.1544, 310.444
71.1567, 310.444
71.1589, 310.444
71.2043, 310.444
71.2158, 310.444
71.2296, 310.444
71.2416, 310.444
71.2828, 310.444
71.2872, 310.444
71.3213, 310.444
71.3318, 310.444
71.3623, 310.444
71.3952, 310.444
71.4055, 310.444
71.4242, 310.444
71.4272, 310.444
71.443, 310.444
71.4708, 310.444
71.4762, 310.444
71.4948, 310.444
71.5071, 310.444
71.5199, 310.444
71.5545, 310.444
71.5677, 310.444
71.6039, 310.444
71.6261, 310.444
71.6543, 310.444
71.6792, 310.444
71.69, 310.445
71.722, 310.445
71.7225, 310.445
71.7666, 310.445
71.768, 310.445
71.8164, 310.445
71.8423, 310.445
71.8706, 310.445
71.9175, 310.445
71.9183, 310.445
71.92, 310.445
71.9603, 310.445
72.0059, 310.445
72.0432, 310.445
72.0498, 310.445
72.0661, 310.445
72.0955, 310.445
72.122, 310.445
72.1289, 310.445
72.1295, 310.445
72.1659, 310.445
72.1684, 310.445
72.1927, 310.445
72.2128, 310.445
72.2174, 310.445
72.2544, 310.445
72.3041, 310.445
72.3369, 310.445
72.3469, 310.445
72.4117, 310.445
72.4256, 310.445
72.4791, 310.445
72.4797, 310.445
72.481, 310.445
72.4821, 310.445
72.4826, 310.445
72.4865, 310.445
72.5403, 310.445
72.561, 310.445
72.5763, 310.445
72.6047, 310.445
72.6528, 310.445
72.6801, 310.445
72.6927, 310.445
72.7275, 310.445
72.7658, 310.445
72.7709, 310.445
72.775, 310.445
72.8116, 310.445
72.8175, 310.445
72.858, 310.445
72.8587, 310.445
72.8588, 310.445
72.8595, 310.445
72.8604, 310.445
72.898, 310.445
72.9067, 310.445
72.9229, 310.445
72.936, 310.445
72.9815, 310.445
73.0143, 310.445
73.0195, 310.445
73.0315, 310.445
73.0537, 310.445
73.0624, 310.445
73.0985, 310.445
73.108, 310.445
73.1363, 310.445
73.1492, 310.445
73.1682, 310.445
73.1953, 310.445
73.2171, 310.445
73.2389, 310.445
73.2626, 310.445
73.2779, 310.445
73.2873, 310.445
73.3016, 310.445
73.3094, 310.445
73.3357, 310.445
73.3415, 310.445
73.379, 310.445
73.3955, 310.445
73.424, 310.445
73.4651, 310.445
73.4986, 310.445
73.5029, 310.445
73.529, 310.445
73.5298, 310.445
73.5838, 310.445
73.5969, 310.445
73.6199, 310.445
73.6332, 310.445
73.6394, 310.445
73.6578, 310.445
73.6915, 310.445
73.7008, 310.445
73.7334, 310.445
73.7339, 310.445
73.7375, 310.445
73.7925, 310.445
73.8455, 310.445
73.8623, 310.445
73.9145, 310.445
73.9213, 310.445
73.9433, 310.445
73.954, 310.445
73.9667, 310.445
73.9798, 310.445
74.0159, 310.445
74.0186, 310.445
74.0543, 310.445
74.1005, 310.445
74.102, 310.445
74.1433, 310.445
74.1611, 310.445
74.1732, 310.445
74.1947, 310.445
74.2254, 310.445
74.2316, 310.445
74.2353, 310.445
74.2397, 310.445
74.2656, 310.445
74.2774, 310.445
74.2911, 310.445
74.3039, 310.445
74.3086, 310.445
74.3536, 310.445
74.4011, 310.445
74.4033, 310.445
74.4475, 310.445
74.4859, 310.445
74.5091, 310.445
74.5373, 310.445
74.5431, 310.445
74.5534, 310.445
74.5813, 310.445
74.5964, 310.445
74.6027, 310.445
74.6627, 310.445
74.6756, 310.445
74.7061, 310.445
74.7152, 310.445
74.7283, 310.445
74.7492, 310.445
74.8067, 310.445
74.8097, 310.445
74.8112, 310.445
74.8172, 310.445
74.8377, 310.445
74.8918, 310.445
74.9294, 310.445
74.9361, 310.445
74.9412, 310.445
74.9475, 310.445
74.9989, 310.445
75.0126, 310.445
75.0245, 310.445
75.1139, 310.445
75.1213, 310.445
75.1263, 310.445
75.1497, 310.445
75.1754, 310.445
75.2055, 310.445
75.2223, 310.445
75.2759, 310.445
75.3045, 310.445
75.3154, 310.445
75.3379, 310.445
75.36, 310.445
75.4214, 310.445
75.4253, 310.445
75.4329, 310.445
75.45, 310.445
75.476, 310.445
75.4915, 310.445
75.5387, 310.445
75.5433, 310.445
75.5502, 310.445
75.601, 310.445
75.61, 310.445
75.6441, 310.445
75.6471, 310.445
75.6487, 310.445
75.68, 310.444
75.7038, 310.444
75.708, 310.444
75.7167, 310.444
75.7494, 310.444
75.7757, 310.444
75.7913, 310.444
75.8084, 310.444
75.8563, 310.444
75.8633, 310.444
75.9219, 310.444
75.9833, 310.444
75.99, 310.444
75.9958, 310.444
76.0235, 310.444
76.0321, 310.444
76.0637, 310.444
76.0911, 310.444
76.0944, 310.444
76.1014, 310.444
76.1369, 310.444
76.1844, 310.444
76.1977, 310.444
76.2162, 310.444
76.2453, 310.444
76.2735, 310.444
76.2958, 310.444
76.2965, 310.444
76.3001, 310.444
76.3335, 310.444
76.3672, 310.444
76.3945, 310.444
76.43, 310.444
76.4589, 310.444
76.5017, 310.444
76.5112, 310.444
76.548, 310.444
76.5493, 310.444
76.5845, 310.444
76.6349, 310.444
76.6472, 310.444
76.679, 310.444
76.6901, 310.444
76.7107, 310.444
76.7668, 310.444
76.7968, 310.444
76.8084, 310.444
76.8327, 310.444
76.8675, 310.444
76.8959, 310.444
76.908, 310.444
76.9291, 310.444
76.9704, 310.444
77.0013, 310.444
77.0059, 310.444
77.0388, 310.444
77.0698, 310.444
77.0975, 310.444
77.1037, 310.444
77.133, 310.444
77.1902, 310.444
77.197, 310.444
77.1997, 310.444
77.2222, 310.444
77.2462, 310.444
77.2645, 310.444
77.275, 310.444
77.2913, 310.444
77.3102, 310.444
77.3241, 310.444
77.3311, 310.444
77.3552, 310.444
77.3723, 310.444
77.4149, 310.444
77.4152, 310.444
77.465, 310.444
77.484, 310.444
77.5045, 310.444
77.5291, 310.444
77.5372, 310.444
77.5684, 310.444
77.5957, 310.444
77.6022, 310.444
77.6319, 310.444
77.6572, 310.444
77.6783, 310.444
77.7137, 310.444
77.741, 310.444
77.7729, 310.444
77.7769, 310.444
77.8129, 310.444
77.8445, 310.444
77.8476, 310.444
77.854, 310.444
77.893, 310.443
77.9331, 310.443
77.9724, 310.443
77.98, 310.443
78.008, 310.443
78.0082, 310.443
78.0085, 310.443
78.0089, 310.443
78.0735, 310.443
78.0844, 310.443
78.1017, 310.443
78.1272, 310.443
78.1583, 310.443
78.1787, 310.443
78.2107, 310.443
78.2145, 310.443
78.2352, 310.443
78.2508, 310.443
78.2729, 310.443
78.2916, 310.443
78.3085, 310.443
78.3459, 310.443
78.3501, 310.443
78.388, 310.443
78.402, 310.443
78.4036, 310.443
78.4075, 310.443
78.4503, 310.443
78.4757, 310.443
78.5004, 310.443
78.5136, 310.443
78.556, 310.443
78.5626, 310.443
78.5701, 310.443
78.6213, 310.443
78.6231, 310.443
78.6739, 310.443
78.6891, 310.443
78.6995, 310.443
78.7062, 310.443
78.7418, 310.443
78.7519, 310.443
78.7713, 310.443
78.7984, 310.443
78.8072, 310.443
78.8476, 310.443
78.8609, 310.443
78.8972, 310.443
78.9307, 310.443
78.9437, 310.443
78.9453, 310.443
78.9489, 310.443
78.9957, 310.443
79.0045, 310.443
79.0292, 310.443
79.06, 310.443
79.0642, 310.443
79.0712, 310.443
79.1274, 310.443
79.1508, 310.443
79.1832, 310.443
79.2106, 310.443
79.2439, 310.443
79.2439, 310.443
79.2441, 310.443
79.2774, 310.443
79.2989, 310.443
79.3215, 310.443
79.3218, 310.443
79.3219, 310.443
79.3221, 310.443
79.3854, 310.442
79.3892, 310.442
79.4034, 310.442
79.4293, 310.442
79.4496, 310.442
79.4697, 310.442
79.5144, 310.442
79.516, 310.442
79.5632, 310.442
79.5897, 310.442
79.6188, 310.442
79.6416, 310.442
79.6584, 310.442
79.6842, 310.442
79.7309, 310.442
79.7529, 310.442
79.7679, 310.442
79.7925, 310.442
79.819, 310.442
79.8496, 310.442
79.8538, 310.442
79.866, 310.442
79.8906, 310.442
79.8988, 310.442
79.9528, 310.442
80, 310.442
80.0778, 310.44
80, 310.442


