X,T
4.63221e-17, 310.15
0.0317604, 310.15
0.564402, 310.15
0.606842, 310.15
0.806717, 310.15
1.03352, 310.15
1.23305, 310.15
1.25032, 310.15
1.45253, 310.15
1.56749, 310.15
1.98922, 310.15
1.98963, 310.15
1.99892, 310.15
2.00593, 310.15
2.01857, 310.15
2.02193, 310.15
2.26796, 310.15
2.74597, 310.15
2.75442, 310.15
3.08377, 310.15
3.10334, 310.15
3.32958, 310.15
3.48654, 310.15
4.2415, 310.15
4.284, 310.15
4.29715, 310.15
4.3057, 310.15
4.33152, 310.15
4.76671, 310.15
4.77464, 310.15
5.20965, 310.15
5.21513, 310.15
5.21932, 310.15
5.23954, 310.15
5.65036, 310.15
5.66558, 310.15
5.91406, 310.15
6.08968, 310.15
6.34958, 310.15
6.36483, 310.15
6.39529, 310.15
6.53938, 310.15
6.63314, 310.15
6.65259, 310.15
6.67788, 310.15
7.34889, 310.15
7.38022, 310.15
7.38816, 310.15
7.61408, 310.15
7.64202, 310.15
8.27256, 310.15
8.3822, 310.15
8.54723, 310.15
8.58584, 310.15
8.60166, 310.15
8.62643, 310.15
8.74005, 310.15
8.75527, 310.15
8.87457, 310.15
8.89068, 310.15
9.27209, 310.15
9.2985, 310.15
9.58474, 310.15
9.86148, 310.15
9.86698, 310.15
9.88141, 310.15
9.88884, 310.15
10.2544, 310.15
10.4471, 310.15
10.7694, 310.15
10.7925, 310.15
11.0775, 310.15
11.0957, 310.15
11.2037, 310.15
11.4174, 310.15
11.725, 310.15
11.7432, 310.15
11.8143, 310.15
12.0693, 310.15
12.1174, 310.15
12.2572, 310.15
12.3028, 310.15
12.6136, 310.15
12.9258, 310.15
12.9483, 310.15
12.9804, 310.15
12.9994, 310.15
13.0501, 310.15
13.0867, 310.15
13.5427, 310.15
13.7765, 310.15
14.0824, 310.15
14.1017, 310.15
14.1491, 310.15
14.2116, 310.15
14.6403, 310.15
14.6593, 310.15
14.9267, 310.15
15.1927, 310.15
15.2153, 310.15
15.2996, 310.15
15.5265, 310.15
15.7981, 310.15
15.8138, 310.15
15.8905, 310.15
16.3378, 310.15
16.4013, 310.15
16.4096, 310.15
16.4116, 310.15
16.4814, 310.15
17.2067, 310.15
17.2259, 310.15
17.3859, 310.15
17.6951, 310.15
17.9523, 310.15
17.9625, 310.15
18.393, 310.15
18.4204, 310.15
18.457, 310.15
18.4715, 310.15
18.8943, 310.15
19.2516, 310.15
19.2726, 310.15
19.457, 310.15
19.4727, 310.15
20.1879, 310.15
20.2201, 310.15
20.3535, 310.15
20.4372, 310.15
20.6908, 310.15
20.7096, 310.15
20.7867, 310.15
20.9852, 310.15
21.4371, 310.15
21.4638, 310.15
21.732, 310.15
21.7564, 310.15
22.1703, 310.15
22.1994, 310.15
22.3036, 310.15
22.7281, 310.15
22.748, 310.15
22.7676, 310.15
22.775, 310.15
23.2167, 310.15
23.3879, 310.15
23.6628, 310.15
23.6979, 310.15
23.8423, 310.15
23.8603, 310.15
24.0646, 310.15
24.0847, 310.15
24.5677, 310.15
24.6035, 310.15
24.725, 310.15
24.874, 310.15
24.9037, 310.15
25.3666, 310.151
25.3875, 310.151
25.6347, 310.151
25.646, 310.151
26.1145, 310.151
26.1614, 310.151
26.178, 310.151
26.2078, 310.151
26.6127, 310.151
26.6996, 310.151
26.7089, 310.151
26.7208, 310.151
26.8396, 310.151
27.2192, 310.151
27.6702, 310.151
27.6945, 310.151
27.8739, 310.151
27.9048, 310.151
28.1108, 310.151
28.4765, 310.151
28.6697, 310.151
28.9209, 310.151
28.9566, 310.151
29.294, 310.151
29.3837, 310.151
29.3948, 310.151
29.4985, 310.151
29.9841, 310.151
29.999, 310.151
30.0228, 310.151
30.0622, 310.152
30.6434, 310.152
30.66, 310.152
30.6694, 310.152
31.0537, 310.152
31.1894, 310.152
31.1983, 310.152
31.4031, 310.152
31.4147, 310.152
31.9215, 310.152
32.1598, 310.152
32.178, 310.152
32.4853, 310.153
32.8697, 310.153
32.8905, 310.153
33.0817, 310.153
33.5797, 310.153
33.5823, 310.153
33.5954, 310.153
33.6104, 310.153
33.6185, 310.153
34.0518, 310.154
34.3505, 310.154
34.5342, 310.154
34.5624, 310.154
34.7639, 310.154
34.7813, 310.154
35.0372, 310.155
35.3865, 310.155
35.7157, 310.155
35.7415, 310.156
35.8644, 310.156
35.8874, 310.156
36.5077, 310.157
36.5147, 310.157
36.5775, 310.157
36.7864, 310.157
36.9928, 310.157
37.1563, 310.158
37.2037, 310.158
37.2183, 310.158
37.2275, 310.158
37.39, 310.158
37.9179, 310.159
37.934, 310.159
37.9441, 310.159
38.0788, 310.159
38.2111, 310.16
38.7453, 310.161
38.7666, 310.161
38.7738, 310.161
39.0475, 310.162
39.6681, 310.163
39.6964, 310.164
39.6977, 310.164
40.1284, 310.165
40.2834, 310.166
40.6895, 310.167
40.7145, 310.167
40.9151, 310.168
40.9346, 310.168
41.4786, 310.17
41.5093, 310.171
41.5343, 310.171
41.5453, 310.171
41.5633, 310.171
42.0642, 310.173
42.0791, 310.173
42.3821, 310.175
42.4058, 310.175
42.7301, 310.177
42.7465, 310.177
43.0674, 310.179
43.3186, 310.181
43.3376, 310.181
43.5216, 310.183
44.0623, 310.187
44.1114, 310.187
44.1297, 310.187
44.3482, 310.189
44.7016, 310.193
44.7169, 310.193
44.7283, 310.193
44.8113, 310.194
45.181, 310.198
45.6039, 310.202
45.6273, 310.203
45.6428, 310.203
45.6864, 310.203
45.73, 310.204
46.062, 310.208
46.0768, 310.209
46.2364, 310.211
46.2586, 310.211
46.591, 310.216
47.0445, 310.223
47.2645, 310.227
47.2935, 310.228
47.4844, 310.232
47.5054, 310.232
48.0083, 310.243
48.0267, 310.243
48.1182, 310.245
48.27, 310.249
48.6293, 310.258
48.6496, 310.259
49.0159, 310.27
49.0531, 310.271
49.3067, 310.279
49.3442, 310.28
49.4872, 310.285
49.5273, 310.287
49.6262, 310.291
49.646, 310.292
49.7745, 310.299
49.7858, 310.299
49.8146, 310.301
49.8296, 310.302
49.8999, 310.308
50, 310.315
50.0514, 310.315
50.0853, 310.315
50.1062, 310.315
50.1343, 310.315
50.1428, 310.315
50.1537, 310.315
50.1663, 310.315
50.1913, 310.315
50.2147, 310.315
50.2393, 310.315
50.2601, 310.316
50.281, 310.316
50.3046, 310.316
50.3204, 310.316
50.3304, 310.316
50.3609, 310.316
50.3666, 310.316
50.4194, 310.316
50.4357, 310.316
50.4671, 310.316
50.4766, 310.316
50.5005, 310.316
50.523, 310.316
50.5467, 310.316
50.5772, 310.316
50.6139, 310.316
50.633, 310.316
50.6635, 310.317
50.6876, 310.317
50.7149, 310.317
50.7249, 310.317
50.7459, 310.317
50.7886, 310.317
50.8017, 310.317
50.8293, 310.317
50.8339, 310.317
50.8493, 310.317
50.8855, 310.317
50.8988, 310.317
50.9086, 310.317
50.9257, 310.317
50.9497, 310.317
50.9649, 310.317
50.9972, 310.317
51.0055, 310.318
51.0352, 310.318
51.0418, 310.318
51.0601, 310.318
51.0855, 310.318
51.0995, 310.318
51.1367, 310.318
51.1601, 310.318
51.2018, 310.318
51.2188, 310.318
51.2252, 310.318
51.2671, 310.318
51.2687, 310.318
51.2732, 310.318
51.3127, 310.318
51.3349, 310.318
51.3585, 310.319
51.3949, 310.319
51.4213, 310.319
51.4293, 310.319
51.4441, 310.319
51.4711, 310.319
51.4927, 310.319
51.5187, 310.319
51.5614, 310.319
51.5865, 310.319
51.5928, 310.319
51.5947, 310.319
51.6221, 310.319
51.6553, 310.319
51.6859, 310.319
51.7025, 310.319
51.7239, 310.32
51.7552, 310.32
51.7729, 310.32
51.8018, 310.32
51.83, 310.32
51.8464, 310.32
51.8738, 310.32
51.8983, 310.32
51.9203, 310.32
51.9324, 310.32
51.9416, 310.32
52.0013, 310.32
52.004, 310.32
52.0078, 310.32
52.0325, 310.32
52.0671, 310.321
52.1036, 310.321
52.1051, 310.321
52.1093, 310.321
52.1361, 310.321
52.1485, 310.321
52.1649, 310.321
52.1979, 310.321
52.2106, 310.321
52.2402, 310.321
52.2804, 310.321
52.2855, 310.321
52.3242, 310.321
52.3329, 310.321
52.3474, 310.321
52.3787, 310.321
52.4679, 310.322
52.4728, 310.322
52.4773, 310.322
52.5386, 310.322
52.5598, 310.322
52.57, 310.322
52.6012, 310.322
52.6021, 310.322
52.6028, 310.322
52.6466, 310.322
52.6971, 310.322
52.7193, 310.322
52.7322, 310.322
52.7424, 310.322
52.7493, 310.322
52.776, 310.323
52.806, 310.323
52.8164, 310.323
52.8446, 310.323
52.8794, 310.323
52.8935, 310.323
52.9319, 310.323
52.9379, 310.323
52.9696, 310.323
52.9979, 310.323
53.0186, 310.323
53.0385, 310.323
53.0484, 310.323
53.0819, 310.323
53.114, 310.323
53.1373, 310.323
53.1552, 310.324
53.193, 310.324
53.2055, 310.324
53.2516, 310.324
53.2682, 310.324
53.3023, 310.324
53.3269, 310.324
53.3549, 310.324
53.3608, 310.324
53.3856, 310.324
53.3994, 310.324
53.4033, 310.324
53.4389, 310.324
53.4413, 310.324
53.4725, 310.324
53.4939, 310.324
53.5085, 310.324
53.5397, 310.325
53.5595, 310.325
53.586, 310.325
53.5921, 310.325
53.6269, 310.325
53.63, 310.325
53.6759, 310.325
53.7046, 310.325
53.7207, 310.325
53.7541, 310.325
53.7599, 310.325
53.7667, 310.325
53.7969, 310.325
53.8172, 310.325
53.8535, 310.325
53.8608, 310.325
53.8628, 310.325
53.9035, 310.325
53.9042, 310.325
53.9389, 310.326
53.9573, 310.326
53.9684, 310.326
53.9871, 310.326
54.0188, 310.326
54.0299, 310.326
54.0568, 310.326
54.0758, 310.326
54.1013, 310.326
54.1644, 310.326
54.1648, 310.326
54.1772, 310.326
54.2027, 310.326
54.2456, 310.326
54.2472, 310.326
54.2506, 310.326
54.2748, 310.326
54.2829, 310.326
54.2993, 310.326
54.3183, 310.327
54.326, 310.327
54.3307, 310.327
54.3691, 310.327
54.4021, 310.327
54.4291, 310.327
54.4481, 310.327
54.4648, 310.327
54.4757, 310.327
54.4817, 310.327
54.5223, 310.327
54.5268, 310.327
54.5293, 310.327
54.5408, 310.327
54.589, 310.327
54.6116, 310.327
54.6439, 310.327
54.6666, 310.327
54.6843, 310.327
54.7383, 310.328
54.7523, 310.328
54.7757, 310.328
54.803, 310.328
54.8425, 310.328
54.8772, 310.328
54.9083, 310.328
54.9284, 310.328
54.9429, 310.328
54.9795, 310.328
55.0073, 310.328
55.0105, 310.328
55.017, 310.328
55.0449, 310.328
55.0745, 310.328
55.097, 310.328
55.1044, 310.328
55.1318, 310.328
55.1376, 310.328
55.1724, 310.329
55.1849, 310.329
55.2295, 310.329
55.2357, 310.329
55.2616, 310.329
55.2833, 310.329
55.2974, 310.329
55.3209, 310.329
55.3254, 310.329
55.3387, 310.329
55.375, 310.329
55.3952, 310.329
55.4234, 310.329
55.4345, 310.329
55.4544, 310.329
55.4939, 310.329
55.4954, 310.329
55.4965, 310.329
55.5536, 310.329
55.5634, 310.329
55.61, 310.33
55.6112, 310.33
55.6488, 310.33
55.6582, 310.33
55.6692, 310.33
55.6969, 310.33
55.7112, 310.33
55.731, 310.33
55.7599, 310.33
55.7853, 310.33
55.8032, 310.33
55.8401, 310.33
55.8489, 310.33
55.8826, 310.33
55.8967, 310.33
55.9239, 310.33
55.9352, 310.33
55.9574, 310.33
56.0042, 310.33
56.0155, 310.33
56.021, 310.33
56.0474, 310.33
56.0624, 310.33
56.0977, 310.331
56.1103, 310.331
56.1583, 310.331
56.1634, 310.331
56.2144, 310.331
56.249, 310.331
56.2527, 310.331
56.303, 310.331
56.3316, 310.331
56.3477, 310.331
56.398, 310.331
56.4067, 310.331
56.4259, 310.331
56.4381, 310.331
56.4724, 310.331
56.4856, 310.331
56.5113, 310.331
56.5225, 310.331
56.5466, 310.331
56.554, 310.331
56.5777, 310.332
56.6068, 310.332
56.6098, 310.332
56.6556, 310.332
56.6742, 310.332
56.6971, 310.332
56.7108, 310.332
56.7303, 310.332
56.7392, 310.332
56.7408, 310.332
56.7582, 310.332
56.7834, 310.332
56.7864, 310.332
56.8, 310.332
56.8381, 310.332
56.856, 310.332
56.8749, 310.332
56.8855, 310.332
56.9306, 310.332
56.9617, 310.332
56.9636, 310.332
56.967, 310.332
56.9978, 310.332
57.0007, 310.332
57.0359, 310.332
57.0411, 310.332
57.0768, 310.333
57.0821, 310.333
57.1237, 310.333
57.1302, 310.333
57.1639, 310.333
57.228, 310.333
57.2384, 310.333
57.2531, 310.333
57.2871, 310.333
57.3284, 310.333
57.3351, 310.333
57.4016, 310.333
57.4198, 310.333
57.4288, 310.333
57.4485, 310.333
57.4547, 310.333
57.4895, 310.333
57.5122, 310.333
57.5396, 310.333
57.5477, 310.333
57.5661, 310.333
57.5934, 310.334
57.6261, 310.334
57.6523, 310.334
57.6715, 310.334
57.6773, 310.334
57.726, 310.334
57.7368, 310.334
57.7447, 310.334
57.788, 310.334
57.7921, 310.334
57.7946, 310.334
57.8293, 310.334
57.8701, 310.334
57.8774, 310.334
57.8837, 310.334
57.9173, 310.334
57.9458, 310.334
57.9635, 310.334
57.9722, 310.334
57.9992, 310.334
58.0151, 310.334
58.0265, 310.334
58.0529, 310.334
58.0911, 310.334
58.0912, 310.334
58.0939, 310.334
58.1269, 310.334
58.1298, 310.334
58.1598, 310.335
58.1646, 310.335
58.1653, 310.335
58.2121, 310.335
58.2535, 310.335
58.2669, 310.335
58.3127, 310.335
58.3356, 310.335
58.3665, 310.335
58.3764, 310.335
58.3866, 310.335
58.4315, 310.335
58.453, 310.335
58.455, 310.335
58.4648, 310.335
58.4704, 310.335
58.4848, 310.335
58.5053, 310.335
58.518, 310.335
58.5512, 310.335
58.5547, 310.335
58.5567, 310.335
58.5981, 310.335
58.6015, 310.335
58.6348, 310.335
58.6788, 310.335
58.6946, 310.335
58.7123, 310.335
58.7374, 310.336
58.7402, 310.336
58.7864, 310.336
58.7946, 310.336
58.8439, 310.336
58.8442, 310.336
58.8682, 310.336
58.8895, 310.336
58.9045, 310.336
58.9218, 310.336
58.9469, 310.336
58.952, 310.336
59.0129, 310.336
59.0269, 310.336
59.0431, 310.336
59.061, 310.336
59.1017, 310.336
59.1383, 310.336
59.1413, 310.336
59.1716, 310.336
59.1977, 310.336
59.2188, 310.336
59.2554, 310.336
59.2647, 310.336
59.2944, 310.336
59.3222, 310.336
59.3406, 310.336
59.3782, 310.337
59.3987, 310.337
59.4123, 310.337
59.4321, 310.337
59.4395, 310.337
59.4488, 310.337
59.4837, 310.337
59.5293, 310.337
59.532, 310.337
59.5324, 310.337
59.5745, 310.337
59.6141, 310.337
59.6174, 310.337
59.6767, 310.337
59.7057, 310.337
59.7189, 310.337
59.7372, 310.337
59.7508, 310.337
59.8023, 310.337
59.8189, 310.337
59.8386, 310.337
59.8726, 310.337
59.913, 310.337
59.9137, 310.337
59.9149, 310.337
59.9814, 310.337
59.9912, 310.337
60, 310.337
60.0395, 310.338
60.0764, 310.338
60.0804, 310.338
60.1173, 310.338
60.1245, 310.338
60.1574, 310.338
60.1797, 310.338
60.1903, 310.338
60.2186, 310.338
60.23, 310.338
60.2722, 310.338
60.3087, 310.338
60.3137, 310.338
60.3296, 310.338
60.3586, 310.338
60.3751, 310.338
60.3906, 310.338
60.4178, 310.338
60.428, 310.338
60.4667, 310.338
60.4715, 310.338
60.4929, 310.338
60.5014, 310.338
60.5148, 310.338
60.5386, 310.338
60.5936, 310.338
60.6196, 310.338
60.6253, 310.338
60.6434, 310.338
60.6723, 310.338
60.6822, 310.338
60.6951, 310.338
60.7189, 310.338
60.7486, 310.338
60.7492, 310.338
60.7692, 310.339
60.7736, 310.339
60.8148, 310.339
60.8354, 310.339
60.8523, 310.339
60.8556, 310.339
60.9027, 310.339
60.9254, 310.339
60.9429, 310.339
60.9671, 310.339
60.9795, 310.339
61.0133, 310.339
61.0173, 310.339
61.0532, 310.339
61.0622, 310.339
61.0932, 310.339
61.168, 310.339
61.1856, 310.339
61.1947, 310.339
61.2315, 310.339
61.2544, 310.339
61.2652, 310.339
61.2842, 310.339
61.3036, 310.339
61.3297, 310.339
61.3499, 310.339
61.4024, 310.339
61.4199, 310.339
61.4437, 310.339
61.4577, 310.339
61.4831, 310.339
61.4863, 310.339
61.4922, 310.339
61.5328, 310.339
61.557, 310.34
61.5731, 310.34
61.5799, 310.34
61.6309, 310.34
61.6508, 310.34
61.6706, 310.34
61.6834, 310.34
61.7233, 310.34
61.7498, 310.34
61.7664, 310.34
61.7723, 310.34
61.8142, 310.34
61.8374, 310.34
61.8516, 310.34
61.8873, 310.34
61.8924, 310.34
61.9304, 310.34
61.9343, 310.34
61.9747, 310.34
61.997, 310.34
62.0057, 310.34
62.0195, 310.34
62.0586, 310.34
62.0709, 310.34
62.0944, 310.34
62.1036, 310.34
62.1436, 310.34
62.164, 310.34
62.1665, 310.34
62.1683, 310.34
62.1941, 310.34
62.2057, 310.34
62.2389, 310.34
62.2671, 310.34
62.2864, 310.34
62.3154, 310.34
62.3287, 310.34
62.3346, 310.34
62.3475, 310.34
62.3619, 310.34
62.3791, 310.34
62.4242, 310.341
62.4477, 310.341
62.4756, 310.341
62.4971, 310.341
62.5192, 310.341
62.5489, 310.341
62.5939, 310.341
62.5986, 310.341
62.6477, 310.341
62.6615, 310.341
62.6996, 310.341
62.7021, 310.341
62.7063, 310.341
62.729, 310.341
62.7437, 310.341
62.7652, 310.341
62.7703, 310.341
62.7841, 310.341
62.8108, 310.341
62.8289, 310.341
62.8368, 310.341
62.8857, 310.341
62.8879, 310.341
62.8928, 310.341
62.9191, 310.341
62.9631, 310.341
62.9751, 310.341
63.0016, 310.341
63.028, 310.341
63.0562, 310.341
63.079, 310.341
63.1217, 310.341
63.1535, 310.341
63.1795, 310.341
63.2071, 310.341
63.2108, 310.341
63.2508, 310.341
63.2716, 310.341
63.3008, 310.341
63.3023, 310.341
63.3026, 310.341
63.3058, 310.341
63.3093, 310.341
63.3415, 310.341
63.385, 310.342
63.4098, 310.342
63.4574, 310.342
63.4655, 310.342
63.4948, 310.342
63.4999, 310.342
63.5411, 310.342
63.5583, 310.342
63.5893, 310.342
63.5975, 310.342
63.6319, 310.342
63.6972, 310.342
63.7489, 310.342
63.7619, 310.342
63.7685, 310.342
63.7781, 310.342
63.8188, 310.342
63.8759, 310.342
63.8778, 310.342
63.8798, 310.342
63.9361, 310.342
63.9665, 310.342
64.005, 310.342
64.0281, 310.342
64.059, 310.342
64.0988, 310.342
64.1171, 310.342
64.1594, 310.342
64.1726, 310.342
64.2259, 310.342
64.2379, 310.342
64.2576, 310.342
64.2796, 310.342
64.331, 310.342
64.3312, 310.342
64.3644, 310.342
64.3682, 310.342
64.3799, 310.342
64.4469, 310.342
64.4545, 310.342
64.4563, 310.342
64.5164, 310.343
64.543, 310.343
64.5767, 310.343
64.5881, 310.343
64.611, 310.343
64.635, 310.343
64.6538, 310.343
64.6865, 310.343
64.7243, 310.343
64.7386, 310.343
64.7746, 310.343
64.7892, 310.343
64.8119, 310.343
64.8415, 310.343
64.8737, 310.343
64.9074, 310.343
64.9305, 310.343
64.944, 310.343
64.9576, 310.343
64.9901, 310.343
65.0006, 310.343
65.004, 310.343
65.0296, 310.343
65.0628, 310.343
65.1351, 310.343
65.1528, 310.343
65.1571, 310.343
65.1956, 310.343
65.2148, 310.343
65.2163, 310.343
65.2225, 310.343
65.2461, 310.343
65.3077, 310.343
65.334, 310.343
65.3481, 310.343
65.36, 310.343
65.4164, 310.343
65.4251, 310.343
65.4355, 310.343
65.4561, 310.343
65.4807, 310.343
65.5019, 310.343
65.5177, 310.343
65.5313, 310.343
65.5564, 310.343
65.5691, 310.343
65.5818, 310.343
65.601, 310.343
65.6473, 310.343
65.6582, 310.343
65.6944, 310.343
65.7059, 310.343
65.7331, 310.343
65.7452, 310.343
65.7714, 310.343
65.7964, 310.343
65.8027, 310.343
65.8178, 310.343
65.8492, 310.344
65.8921, 310.344
65.9023, 310.344
65.9057, 310.344
65.9437, 310.344
65.9637, 310.344
65.9781, 310.344
66.0003, 310.344
66.012, 310.344
66.0599, 310.344
66.0781, 310.344
66.1033, 310.344
66.1236, 310.344
66.1495, 310.344
66.1752, 310.344
66.2121, 310.344
66.221, 310.344
66.2226, 310.344
66.2269, 310.344
66.2621, 310.344
66.2912, 310.344
66.3111, 310.344
66.3305, 310.344
66.3645, 310.344
66.3831, 310.344
66.4033, 310.344
66.4137, 310.344
66.4202, 310.344
66.4652, 310.344
66.4694, 310.344
66.4747, 310.344
66.4999, 310.344
66.5231, 310.344
66.583, 310.344
66.6073, 310.344
66.625, 310.344
66.6303, 310.344
66.656, 310.344
66.6643, 310.344
66.6713, 310.344
66.6841, 310.344
66.7022, 310.344
66.742, 310.344
66.7645, 310.344
66.7819, 310.344
66.7977, 310.344
66.8241, 310.344
66.877, 310.344
66.8801, 310.344
66.9166, 310.344
66.9574, 310.344
66.9823, 310.344
66.997, 310.344
67.0195, 310.344
67.044, 310.344
67.0799, 310.344
67.1217, 310.344
67.1324, 310.344
67.1475, 310.344
67.1758, 310.344
67.189, 310.344
67.2538, 310.344
67.2659, 310.344
67.279, 310.344
67.2988, 310.344
67.3194, 310.344
67.3421, 310.344
67.352, 310.344
67.3761, 310.344
67.3823, 310.344
67.3893, 310.344
67.3985, 310.344
67.444, 310.344
67.4487, 310.344
67.4811, 310.344
67.4889, 310.344
67.4971, 310.344
67.5551, 310.344
67.6198, 310.344
67.6435, 310.345
67.6844, 310.345
67.7, 310.345
67.7284, 310.345
67.7465, 310.345
67.7811, 310.345
67.7835, 310.345
67.7844, 310.345
67.8201, 310.345
67.8225, 310.345
67.8266, 310.345
67.8642, 310.345
67.8796, 310.345
67.9001, 310.345
67.923, 310.345
67.9493, 310.345
67.9698, 310.345
68.011, 310.345
68.0346, 310.345
68.0546, 310.345
68.0586, 310.345
68.0948, 310.345
68.1257, 310.345
68.1559, 310.345
68.1662, 310.345
68.1722, 310.345
68.1932, 310.345
68.1974, 310.345
68.2108, 310.345
68.2318, 310.345
68.2391, 310.345
68.2897, 310.345
68.3217, 310.345
68.3414, 310.345
68.3658, 310.345
68.4113, 310.345
68.4356, 310.345
68.4545, 310.345
68.476, 310.345
68.4788, 310.345
68.5196, 310.345
68.5264, 310.345
68.5552, 310.345
68.5669, 310.345
68.5958, 310.345
68.6349, 310.345
68.6419, 310.345
68.6584, 310.345
68.7006, 310.345
68.7415, 310.345
68.7889, 310.345
68.796, 310.345
68.8046, 310.345
68.8402, 310.345
68.8624, 310.345
68.8895, 310.345
68.9255, 310.345
68.9393, 310.345
68.9807, 310.345
68.9823, 310.345
68.983, 310.345
68.9842, 310.345
69.0037, 310.345
69.0201, 310.345
69.0324, 310.345
69.0435, 310.345
69.0584, 310.345
69.0763, 310.345
69.0988, 310.345
69.1346, 310.345
69.1459, 310.345
69.1599, 310.345
69.203, 310.345
69.2343, 310.345
69.2476, 310.345
69.2796, 310.345
69.3179, 310.345
69.3616, 310.345
69.3663, 310.345
69.3667, 310.345
69.3888, 310.345
69.3936, 310.345
69.4107, 310.345
69.4345, 310.345
69.4557, 310.345
69.4565, 310.345
69.4587, 310.345
69.5021, 310.345
69.5151, 310.345
69.5417, 310.345
69.5586, 310.345
69.5801, 310.345
69.613, 310.345
69.6218, 310.345
69.6719, 310.345
69.6724, 310.345
69.6731, 310.345
69.6742, 310.345
69.7077, 310.345
69.7417, 310.345
69.7449, 310.345
69.7806, 310.345
69.7896, 310.345
69.8197, 310.345
69.8507, 310.345
69.8655, 310.345
69.879, 310.345
69.9011, 310.345
69.9353, 310.345
69.9658, 310.345
69.9839, 310.345
70.0204, 310.345
70.0336, 310.345
70.0677, 310.345
70.0734, 310.345
70.1346, 310.345
70.1545, 310.345
70.1844, 310.345
70.2056, 310.345
70.263, 310.345
70.2744, 310.345
70.3069, 310.345
70.3102, 310.345
70.3409, 310.345
70.3469, 310.345
70.3497, 310.345
70.3649, 310.345
70.3754, 310.345
70.4126, 310.345
70.4145, 310.345
70.4152, 310.345
70.4379, 310.345
70.4419, 310.345
70.4551, 310.345
70.489, 310.345
70.5048, 310.345
70.5203, 310.345
70.5475, 310.345
70.5853, 310.345
70.5871, 310.345
70.5894, 310.345
70.642, 310.345
70.6504, 310.345
70.69, 310.345
70.6913, 310.345
70.7324, 310.345
70.74, 310.345
70.791, 310.345
70.8038, 310.345
70.8325, 310.345
70.855, 310.345
70.9013, 310.345
70.9078, 310.345
70.945, 310.345
70.9466, 310.345
70.9753, 310.345
70.9778, 310.345
71.0223, 310.345
71.0461, 310.345
71.0712, 310.345
71.0965, 310.345
71.123, 310.345
71.145, 310.345
71.1697, 310.345
71.1752, 310.345
71.2001, 310.345
71.2516, 310.345
71.2777, 310.345
71.2957, 310.345
71.3108, 310.345
71.3398, 310.345
71.3618, 310.345
71.3974, 310.345
71.4061, 310.345
71.4395, 310.345
71.4503, 310.345
71.4888, 310.345
71.4914, 310.345
71.4944, 310.345
71.5252, 310.345
71.5341, 310.345
71.5882, 310.345
71.5921, 310.345
71.6146, 310.345
71.6395, 310.345
71.6637, 310.345
71.6732, 310.345
71.6755, 310.345
71.6889, 310.345
71.7177, 310.345
71.7574, 310.345
71.7613, 310.345
71.7616, 310.345
71.7619, 310.345
71.8202, 310.345
71.8243, 310.345
71.8389, 310.345
71.9092, 310.345
71.9222, 310.345
71.9295, 310.345
71.9489, 310.345
71.9677, 310.345
71.9926, 310.345
72.0106, 310.345
72.06, 310.345
72.0971, 310.345
72.1123, 310.345
72.1154, 310.345
72.1257, 310.345
72.1526, 310.345
72.1565, 310.345
72.1968, 310.345
72.2115, 310.345
72.2154, 310.345
72.2423, 310.345
72.2688, 310.345
72.3018, 310.345
72.3237, 310.345
72.3364, 310.345
72.3604, 310.345
72.41, 310.345
72.4232, 310.345
72.4485, 310.345
72.4645, 310.345
72.5153, 310.345
72.5259, 310.345
72.5625, 310.345
72.5856, 310.345
72.6023, 310.345
72.6158, 310.345
72.646, 310.345
72.6574, 310.345
72.685, 310.345
72.6906, 310.345
72.721, 310.345
72.7556, 310.345
72.7722, 310.345
72.8073, 310.345
72.8227, 310.345
72.8609, 310.345
72.8747, 310.345
72.914, 310.345
72.933, 310.345
72.9581, 310.345
72.9874, 310.345
72.9904, 310.345
73.0037, 310.345
73.0265, 310.345
73.0383, 310.345
73.0745, 310.345
73.0928, 310.345
73.1103, 310.345
73.1252, 310.345
73.1644, 310.345
73.165, 310.345
73.1913, 310.345
73.208, 310.345
73.2471, 310.345
73.2672, 310.345
73.3125, 310.345
73.32, 310.345
73.3216, 310.345
73.3915, 310.345
73.4242, 310.345
73.4429, 310.345
73.4608, 310.345
73.4852, 310.345
73.517, 310.345
73.5315, 310.345
73.5591, 310.345
73.5817, 310.345
73.6154, 310.345
73.6155, 310.345
73.6157, 310.345
73.6516, 310.345
73.6659, 310.345
73.6861, 310.345
73.7272, 310.345
73.7417, 310.345
73.7735, 310.345
73.7867, 310.345
73.7952, 310.345
73.8108, 310.345
73.831, 310.345
73.8391, 310.345
73.8468, 310.345
73.89, 310.345
73.9434, 310.345
73.9465, 310.345
73.9471, 310.345
73.9475, 310.345
73.9766, 310.345
73.9963, 310.345
74.0178, 310.345
74.0449, 310.345
74.0729, 310.345
74.0792, 310.345
74.1159, 310.345
74.1444, 310.345
74.1589, 310.345
74.18, 310.345
74.1864, 310.345
74.216, 310.345
74.2373, 310.345
74.2541, 310.345
74.2639, 310.345
74.2835, 310.345
74.3173, 310.345
74.3767, 310.345
74.3771, 310.345
74.4133, 310.345
74.4308, 310.345
74.4736, 310.345
74.4886, 310.345
74.5106, 310.345
74.539, 310.345
74.5417, 310.345
74.5549, 310.345
74.5996, 310.345
74.6122, 310.345
74.6235, 310.345
74.6427, 310.345
74.6899, 310.345
74.7139, 310.345
74.7482, 310.345
74.7753, 310.345
74.7881, 310.345
74.8126, 310.345
74.8292, 310.345
74.8622, 310.345
74.883, 310.345
74.9081, 310.345
74.9256, 310.345
74.9425, 310.345
74.972, 310.345
75.0008, 310.345
75.0528, 310.345
75.0636, 310.345
75.076, 310.345
75.0947, 310.345
75.1521, 310.345
75.155, 310.345
75.1924, 310.345
75.1988, 310.345
75.2397, 310.345
75.2583, 310.345
75.2806, 310.345
75.2833, 310.345
75.2914, 310.345
75.3316, 310.345
75.3732, 310.345
75.3797, 310.345
75.3929, 310.345
75.4605, 310.345
75.4727, 310.345
75.4759, 310.345
75.4963, 310.345
75.5034, 310.345
75.5652, 310.345
75.5739, 310.344
75.6035, 310.344
75.6155, 310.344
75.6198, 310.344
75.6503, 310.344
75.6596, 310.344
75.6842, 310.344
75.7357, 310.344
75.7562, 310.344
75.7792, 310.344
75.8207, 310.344
75.8458, 310.344
75.8736, 310.344
75.8814, 310.344
75.8851, 310.344
75.9246, 310.344
75.9505, 310.344
75.9592, 310.344
75.9972, 310.344
76.0003, 310.344
76.0125, 310.344
76.0441, 310.344
76.0464, 310.344
76.0786, 310.344
76.102, 310.344
76.1062, 310.344
76.156, 310.344
76.1797, 310.344
76.2177, 310.344
76.2521, 310.344
76.2655, 310.344
76.2707, 310.344
76.3163, 310.344
76.3664, 310.344
76.3723, 310.344
76.4044, 310.344
76.466, 310.344
76.5152, 310.344
76.5337, 310.344
76.5594, 310.344
76.582, 310.344
76.5849, 310.344
76.5868, 310.344
76.6389, 310.344
76.6562, 310.344
76.6681, 310.344
76.6692, 310.344
76.7092, 310.344
76.7193, 310.344
76.749, 310.344
76.77, 310.344
76.7786, 310.344
76.7971, 310.344
76.8383, 310.344
76.8681, 310.344
76.8811, 310.344
76.9074, 310.344
76.9475, 310.344
76.9719, 310.344
76.9791, 310.344
77.0017, 310.344
77.0251, 310.344
77.0419, 310.344
77.0607, 310.344
77.0739, 310.344
77.0862, 310.344
77.12, 310.344
77.1351, 310.344
77.1419, 310.344
77.1748, 310.344
77.1841, 310.344
77.234, 310.344
77.257, 310.344
77.2726, 310.344
77.3022, 310.344
77.3211, 310.344
77.3506, 310.344
77.3752, 310.344
77.3839, 310.344
77.3929, 310.344
77.4435, 310.343
77.4453, 310.343
77.448, 310.343
77.4626, 310.343
77.4816, 310.343
77.4996, 310.343
77.5159, 310.343
77.5483, 310.343
77.5587, 310.343
77.5986, 310.343
77.614, 310.343
77.6421, 310.343
77.6543, 310.343
77.6804, 310.343
77.7095, 310.343
77.7174, 310.343
77.7519, 310.343
77.7547, 310.343
77.768, 310.343
77.8011, 310.343
77.837, 310.343
77.8559, 310.343
77.8778, 310.343
77.9024, 310.343
77.9152, 310.343
77.9259, 310.343
77.9517, 310.343
77.9761, 310.343
78.0061, 310.343
78.029, 310.343
78.0558, 310.343
78.0715, 310.343
78.1067, 310.343
78.1074, 310.343
78.1423, 310.343
78.179, 310.343
78.1902, 310.343
78.2055, 310.343
78.2177, 310.343
78.2261, 310.343
78.253, 310.343
78.2638, 310.343
78.294, 310.343
78.313, 310.343
78.376, 310.343
78.4051, 310.343
78.429, 310.343
78.4467, 310.343
78.4756, 310.343
78.4891, 310.343
78.5096, 310.343
78.5207, 310.343
78.5657, 310.343
78.582, 310.343
78.5901, 310.343
78.6006, 310.343
78.6281, 310.343
78.6561, 310.343
78.6708, 310.343
78.6728, 310.343
78.7044, 310.343
78.7308, 310.343
78.7482, 310.343
78.7646, 310.343
78.7857, 310.343
78.8089, 310.343
78.8347, 310.342
78.8477, 310.342
78.8711, 310.342
78.8789, 310.342
78.9015, 310.342
78.9253, 310.342
78.9304, 310.342
78.98, 310.342
79.0185, 310.342
79.0523, 310.342
79.0584, 310.342
79.0661, 310.342
79.089, 310.342
79.1384, 310.342
79.162, 310.342
79.1847, 310.342
79.1947, 310.342
79.2158, 310.342
79.2571, 310.342
79.2611, 310.342
79.2976, 310.342
79.2987, 310.342
79.2989, 310.342
79.3346, 310.342
79.3387, 310.342
79.3447, 310.342
79.366, 310.342
79.4061, 310.342
79.4358, 310.342
79.4477, 310.342
79.4537, 310.342
79.4674, 310.342
79.4896, 310.342
79.507, 310.342
79.5315, 310.342
79.5416, 310.342
79.5592, 310.342
79.5651, 310.342
79.5882, 310.342
79.6071, 310.342
79.616, 310.342
79.6317, 310.342
79.6415, 310.342
79.6664, 310.342
79.6847, 310.342
79.6945, 310.342
79.7206, 310.342
79.7601, 310.342
79.7758, 310.342
79.8019, 310.342
79.8047, 310.342
79.8433, 310.342
79.8442, 310.342
79.8443, 310.342
79.8989, 310.342
79.9066, 310.342
79.9244, 310.342
79.9586, 310.342
79.9701, 310.342
80, 310.342
80.0724, 310.34
80, 310.342


