X,T
9.92617e-18, 310.151
0.0357955, 310.151
0.464191, 310.151
0.489998, 310.151
0.741889, 310.151
0.763463, 310.151
0.950225, 310.151
0.960342, 310.151
1.17241, 310.151
1.44031, 310.151
1.45531, 310.151
1.81936, 310.151
1.87596, 310.151
1.94517, 310.151
1.98825, 310.151
2.28214, 310.151
2.50011, 310.151
2.60435, 310.151
2.61799, 310.151
2.64576, 310.151
2.69252, 310.151
3.20698, 310.151
3.45765, 310.151
3.49173, 310.151
3.654, 310.151
4.10695, 310.151
4.14747, 310.151
4.15249, 310.151
4.16458, 310.151
4.18573, 310.151
4.6704, 310.151
4.86654, 310.151
4.88891, 310.151
5.33036, 310.151
5.34657, 310.151
5.59286, 310.152
5.7882, 310.152
5.81397, 310.152
5.83233, 310.152
6.19126, 310.152
6.65893, 310.152
6.68083, 310.152
6.68834, 310.152
6.70789, 310.152
7.1087, 310.152
7.50789, 310.152
7.53024, 310.152
7.53616, 310.152
7.55606, 310.152
8.00765, 310.152
8.62176, 310.152
8.63745, 310.152
8.64539, 310.152
8.65428, 310.152
8.65969, 310.152
8.66298, 310.152
9.27297, 310.152
9.28885, 310.152
9.71108, 310.152
9.88816, 310.152
9.90734, 310.152
9.98732, 310.153
10.2582, 310.153
10.3584, 310.153
10.3625, 310.153
10.3916, 310.153
10.826, 310.153
11.194, 310.153
11.2126, 310.153
11.4002, 310.153
11.5638, 310.153
11.5817, 310.153
11.8032, 310.153
11.8971, 310.153
12.1443, 310.153
12.3519, 310.153
12.3735, 310.153
12.4825, 310.154
12.7897, 310.154
13.0998, 310.154
13.1231, 310.154
13.3707, 310.154
13.4086, 310.154
13.7324, 310.154
13.7541, 310.154
14.0746, 310.154
14.2583, 310.154
14.2902, 310.155
14.7834, 310.155
14.8121, 310.155
14.8733, 310.155
15.272, 310.155
15.3841, 310.155
15.4035, 310.155
15.8552, 310.156
16.3811, 310.156
16.3879, 310.156
16.4101, 310.156
16.4106, 310.156
16.415, 310.156
16.9068, 310.157
16.9292, 310.157
17.0451, 310.157
17.0654, 310.157
17.3455, 310.157
17.3521, 310.157
17.36, 310.157
17.5102, 310.157
17.5491, 310.157
17.7991, 310.157
17.8144, 310.157
18.0927, 310.158
18.5832, 310.158
18.6142, 310.158
18.6942, 310.158
19.0909, 310.159
19.1939, 310.159
19.213, 310.159
19.2211, 310.159
19.2643, 310.159
19.3455, 310.159
19.3994, 310.159
19.67, 310.16
19.7374, 310.16
19.7667, 310.16
19.7972, 310.16
20.0662, 310.16
20.0909, 310.16
20.3493, 310.161
20.7402, 310.161
20.973, 310.162
21.206, 310.162
21.451, 310.162
21.4865, 310.163
21.4995, 310.163
21.9386, 310.163
21.9831, 310.163
22.0005, 310.164
22.0396, 310.164
22.056, 310.164
22.4761, 310.164
22.8078, 310.165
22.8286, 310.165
22.928, 310.165
22.9477, 310.165
23.3937, 310.166
23.4659, 310.167
23.504, 310.167
23.5183, 310.167
23.5602, 310.167
24.0891, 310.168
24.1241, 310.168
24.1394, 310.168
24.1651, 310.168
24.1862, 310.168
24.7693, 310.17
24.9582, 310.171
24.9673, 310.171
24.9856, 310.171
25.3536, 310.172
25.3945, 310.172
25.4102, 310.172
25.4713, 310.172
25.5161, 310.172
25.541, 310.172
25.5639, 310.173
26.0067, 310.174
26.0173, 310.174
26.023, 310.174
26.5421, 310.176
26.5601, 310.176
26.6526, 310.176
26.6738, 310.176
26.7164, 310.177
27.2775, 310.179
27.2992, 310.179
27.3482, 310.179
27.3607, 310.179
27.4852, 310.18
27.52, 310.18
27.8799, 310.181
28.1984, 310.183
28.2226, 310.183
28.4234, 310.184
28.5566, 310.185
28.5826, 310.185
28.9062, 310.186
29.2228, 310.188
29.5348, 310.19
29.5505, 310.19
29.8506, 310.192
29.8865, 310.192
30.0086, 310.193
30.3878, 310.195
30.4798, 310.196
30.5245, 310.196
30.5342, 310.196
30.5621, 310.196
30.5988, 310.197
31.1095, 310.2
31.6133, 310.204
31.6471, 310.204
31.6493, 310.204
31.651, 310.204
31.6743, 310.204
32.0235, 310.207
32.0428, 310.207
32.1341, 310.208
32.389, 310.21
32.6403, 310.213
32.6696, 310.213
33.0103, 310.216
33.0266, 310.216
33.5816, 310.222
33.5822, 310.222
33.6012, 310.222
33.6013, 310.222
34.108, 310.227
34.1189, 310.227
34.3774, 310.23
34.4085, 310.231
34.7321, 310.235
34.7647, 310.235
35.1045, 310.239
35.2812, 310.242
35.4671, 310.244
35.4988, 310.245
35.6824, 310.247
36.0627, 310.253
36.0749, 310.253
36.1806, 310.254
36.7499, 310.263
36.7677, 310.264
36.8592, 310.265
36.8845, 310.266
37.4117, 310.275
37.4296, 310.275
37.5102, 310.277
37.5339, 310.277
37.7995, 310.282
37.8297, 310.283
38.1152, 310.288
38.1228, 310.288
38.2528, 310.291
38.5934, 310.298
38.6573, 310.3
38.9781, 310.307
38.9883, 310.307
39.0964, 310.309
39.6681, 310.323
39.6824, 310.324
39.696, 310.324
39.6983, 310.324
40.2766, 310.34
40.4621, 310.345
40.4763, 310.345
40.6511, 310.35
41.1702, 310.366
41.1845, 310.367
41.337, 310.372
41.6019, 310.381
41.649, 310.382
41.7446, 310.385
41.7641, 310.386
42.1318, 310.399
42.2461, 310.403
42.4068, 310.41
42.8385, 310.427
42.8592, 310.428
42.8672, 310.428
43.327, 310.448
43.3931, 310.451
43.3979, 310.451
43.5086, 310.456
43.9783, 310.478
43.9922, 310.479
44.2614, 310.493
44.5276, 310.507
44.5645, 310.509
44.8794, 310.526
44.9573, 310.531
45.0982, 310.54
45.2983, 310.552
45.6671, 310.575
45.7331, 310.58
45.7926, 310.584
45.835, 310.587
46.6745, 310.648
46.7129, 310.651
46.7322, 310.653
46.7988, 310.658
47.3678, 310.707
47.3831, 310.709
47.3954, 310.71
47.6855, 310.738
48.0327, 310.773
48.0686, 310.777
48.2545, 310.797
48.2929, 310.801
48.6007, 310.837
48.8973, 310.876
49.0061, 310.89
49.021, 310.892
49.0789, 310.9
49.0926, 310.902
49.4855, 310.962
49.4969, 310.964
49.5194, 310.968
49.5265, 310.969
49.5558, 310.975
49.6296, 310.989
49.7865, 311.019
49.8402, 311.034
49.8866, 311.045
49.9472, 311.068
50, 311.087
50.0406, 311.088
50.0896, 311.088
50.1108, 311.088
50.1291, 311.088
50.147, 311.089
50.1594, 311.089
50.1678, 311.089
50.196, 311.089
50.2184, 311.089
50.2384, 311.089
50.2747, 311.09
50.3134, 311.09
50.3549, 311.091
50.3594, 311.091
50.3644, 311.091
50.4012, 311.091
50.4222, 311.092
50.4404, 311.092
50.4808, 311.092
50.4898, 311.093
50.5579, 311.093
50.5678, 311.094
50.5757, 311.094
50.6028, 311.094
50.6251, 311.094
50.6414, 311.095
50.6645, 311.095
50.6712, 311.095
50.69, 311.095
50.7133, 311.096
50.7306, 311.096
50.7358, 311.096
50.7412, 311.096
50.7828, 311.097
50.8081, 311.097
50.8366, 311.098
50.8538, 311.098
50.8636, 311.098
50.8788, 311.098
50.9144, 311.099
50.9354, 311.099
50.9702, 311.1
50.9703, 311.1
50.9999, 311.1
51.0069, 311.101
51.04, 311.101
51.0611, 311.102
51.082, 311.102
51.0861, 311.102
51.1305, 311.103
51.1389, 311.103
51.1414, 311.103
51.1815, 311.104
51.1856, 311.104
51.2008, 311.104
51.2598, 311.105
51.2628, 311.105
51.266, 311.105
51.2909, 311.106
51.3072, 311.106
51.3115, 311.106
51.3276, 311.106
51.359, 311.107
51.4009, 311.108
51.4326, 311.108
51.4593, 311.109
51.4933, 311.11
51.502, 311.11
51.5048, 311.11
51.5165, 311.11
51.5511, 311.111
51.5691, 311.111
51.581, 311.111
51.627, 311.112
51.6478, 311.113
51.657, 311.113
51.6721, 311.113
51.7005, 311.114
51.7095, 311.114
51.7206, 311.114
51.7403, 311.115
51.7487, 311.115
51.7751, 311.116
51.8028, 311.116
51.815, 311.116
51.8334, 311.117
51.8796, 311.118
51.8921, 311.118
51.9067, 311.118
51.9463, 311.119
51.9635, 311.12
51.986, 311.12
52.0064, 311.121
52.0119, 311.121
52.0454, 311.122
52.0521, 311.122
52.0802, 311.122
52.087, 311.122
52.1268, 311.123
52.1359, 311.124
52.154, 311.124
52.1547, 311.124
52.1974, 311.125
52.2167, 311.126
52.2415, 311.126
52.2767, 311.127
52.2911, 311.127
52.3183, 311.128
52.3487, 311.129
52.3552, 311.129
52.3865, 311.13
52.4072, 311.13
52.4148, 311.13
52.4215, 311.13
52.4331, 311.131
52.4725, 311.132
52.4873, 311.132
52.5065, 311.133
52.5244, 311.133
52.5536, 311.134
52.5629, 311.134
52.6001, 311.135
52.6008, 311.135
52.6018, 311.135
52.6401, 311.136
52.6477, 311.136
52.6646, 311.137
52.6995, 311.137
52.7189, 311.138
52.7356, 311.138
52.7587, 311.139
52.7847, 311.14
52.7992, 311.14
52.8431, 311.141
52.854, 311.141
52.8746, 311.142
52.8891, 311.142
52.9024, 311.143
52.9319, 311.144
52.9534, 311.144
52.9702, 311.145
53.0131, 311.146
53.042, 311.147
53.0614, 311.147
53.1055, 311.148
53.1138, 311.148
53.1223, 311.149
53.1561, 311.15
53.1638, 311.15
53.1933, 311.151
53.2062, 311.151
53.219, 311.151
53.2412, 311.152
53.2446, 311.152
53.2526, 311.152
53.2602, 311.153
53.2798, 311.153
53.2908, 311.153
53.3243, 311.154
53.3528, 311.155
53.3784, 311.156
53.3886, 311.156
53.4061, 311.157
53.4154, 311.157
53.4271, 311.157
53.4377, 311.158
53.4862, 311.159
53.4937, 311.159
53.5364, 311.161
53.5722, 311.162
53.5876, 311.162
53.6105, 311.163
53.6338, 311.163
53.6576, 311.164
53.6918, 311.165
53.6967, 311.165
53.7366, 311.167
53.7685, 311.167
53.8121, 311.169
53.8259, 311.169
53.8525, 311.17
53.8804, 311.171
53.8901, 311.171
53.905, 311.172
53.9424, 311.173
53.9741, 311.174
53.9845, 311.174
54.0039, 311.175
54.041, 311.176
54.0414, 311.176
54.0697, 311.177
54.1025, 311.178
54.1132, 311.178
54.1189, 311.178
54.1734, 311.18
54.1807, 311.18
54.2133, 311.181
54.217, 311.182
54.2573, 311.183
54.26, 311.183
54.2996, 311.184
54.3074, 311.185
54.3512, 311.186
54.3522, 311.186
54.3531, 311.186
54.3536, 311.186
54.4189, 311.188
54.4356, 311.189
54.4463, 311.189
54.4766, 311.19
54.5109, 311.191
54.5112, 311.191
54.5119, 311.191
54.5557, 311.193
54.5848, 311.194
54.6163, 311.195
54.6235, 311.195
54.6578, 311.196
54.6843, 311.197
54.6903, 311.197
54.7479, 311.199
54.78, 311.201
54.8245, 311.202
54.846, 311.203
54.8626, 311.204
54.8814, 311.204
54.9099, 311.205
54.9423, 311.206
54.9591, 311.207
54.9641, 311.207
55.0064, 311.209
55.0164, 311.209
55.0474, 311.21
55.0856, 311.212
55.1287, 311.213
55.1412, 311.214
55.1514, 311.214
55.1834, 311.215
55.2288, 311.217
55.24, 311.217
55.2976, 311.219
55.3035, 311.22
55.3356, 311.221
55.3513, 311.221
55.3643, 311.222
55.3713, 311.222
55.3861, 311.223
55.4043, 311.223
55.4132, 311.224
55.4242, 311.224
55.4521, 311.225
55.4567, 311.225
55.4651, 311.226
55.5336, 311.228
55.5349, 311.228
55.5355, 311.228
55.603, 311.231
55.6315, 311.232
55.6359, 311.232
55.6403, 311.232
55.6771, 311.234
55.68, 311.234
55.6814, 311.234
55.7213, 311.236
55.7669, 311.237
55.7708, 311.238
55.8101, 311.239
55.824, 311.24
55.8265, 311.24
55.8626, 311.241
55.8806, 311.242
55.9095, 311.243
55.9163, 311.243
55.9198, 311.244
55.9664, 311.245
55.9954, 311.247
56.0056, 311.247
56.0087, 311.247
56.062, 311.249
56.1162, 311.252
56.1339, 311.252
56.1443, 311.253
56.1591, 311.253
56.1714, 311.254
56.1856, 311.255
56.2259, 311.256
56.231, 311.256
56.2982, 311.259
56.3476, 311.261
56.3596, 311.262
56.3939, 311.263
56.4066, 311.264
56.4176, 311.264
56.4859, 311.267
56.4995, 311.268
56.509, 311.268
56.5165, 311.269
56.5451, 311.27
56.6153, 311.273
56.6156, 311.273
56.6157, 311.273
56.6158, 311.273
56.6162, 311.273
56.6766, 311.276
56.7207, 311.278
56.7357, 311.278
56.7406, 311.278
56.7517, 311.279
56.7805, 311.28
56.7952, 311.281
56.8302, 311.282
56.8303, 311.282
56.8305, 311.283
56.8824, 311.285
56.9043, 311.286
56.9148, 311.286
56.9426, 311.288
56.975, 311.289
56.9891, 311.29
56.9928, 311.29
56.9987, 311.29
57.0571, 311.293
57.0704, 311.293
57.0749, 311.294
57.085, 311.294
57.1083, 311.295
57.1257, 311.296
57.1764, 311.298
57.1799, 311.299
57.2137, 311.3
57.2207, 311.3
57.2496, 311.302
57.2622, 311.302
57.2767, 311.303
57.3161, 311.305
57.3277, 311.306
57.358, 311.307
57.3865, 311.308
57.4051, 311.309
57.4221, 311.31
57.427, 311.31
57.4425, 311.311
57.4896, 311.313
57.4926, 311.313
57.4974, 311.314
57.6008, 311.319
57.6184, 311.32
57.6281, 311.32
57.6469, 311.321
57.6708, 311.322
57.6779, 311.323
57.714, 311.324
57.7179, 311.325
57.7196, 311.325
57.7589, 311.327
57.7872, 311.328
57.8011, 311.329
57.8558, 311.332
57.8657, 311.332
57.9094, 311.334
57.9124, 311.334
57.9379, 311.336
57.9528, 311.336
57.9669, 311.337
58.0182, 311.34
58.0192, 311.34
58.0206, 311.34
58.0493, 311.341
58.0699, 311.343
58.0799, 311.343
58.0855, 311.343
58.1277, 311.346
58.1351, 311.346
58.1406, 311.346
58.1676, 311.348
58.1998, 311.349
58.2269, 311.351
58.2321, 311.351
58.2552, 311.352
58.2751, 311.353
58.2854, 311.354
58.3416, 311.357
58.3419, 311.357
58.344, 311.357
58.3835, 311.359
58.4114, 311.361
58.4276, 311.361
58.4482, 311.363
58.4831, 311.365
58.4932, 311.365
58.5194, 311.366
58.5331, 311.367
58.5696, 311.369
58.5704, 311.369
58.6198, 311.372
58.6298, 311.373
58.6365, 311.373
58.6864, 311.376
58.7118, 311.377
58.7153, 311.377
58.7158, 311.377
58.7177, 311.377
58.7426, 311.379
58.7795, 311.381
58.802, 311.382
58.8269, 311.384
58.8273, 311.384
58.8732, 311.386
58.8803, 311.387
58.9281, 311.389
58.9474, 311.39
59.0011, 311.394
59.0073, 311.394
59.0409, 311.396
59.0473, 311.396
59.1021, 311.399
59.1058, 311.4
59.1569, 311.403
59.1723, 311.404
59.2072, 311.406
59.2176, 311.406
59.2451, 311.408
59.2534, 311.408
59.2725, 311.409
59.2893, 311.41
59.3333, 311.413
59.3434, 311.414
59.3794, 311.416
59.4026, 311.417
59.4062, 311.418
59.4439, 311.42
59.4662, 311.421
59.5136, 311.424
59.5358, 311.425
59.5577, 311.427
59.5666, 311.427
59.6219, 311.431
59.6319, 311.431
59.6364, 311.432
59.6578, 311.433
59.6919, 311.435
59.7219, 311.437
59.7389, 311.438
59.7491, 311.439
59.771, 311.44
59.8002, 311.442
59.8524, 311.445
59.8553, 311.445
59.8558, 311.445
59.8962, 311.448
59.9131, 311.449
59.9306, 311.45
59.958, 311.452
59.9713, 311.453
59.9791, 311.453
60.005, 311.455
60.018, 311.456
60.0434, 311.457
60.075, 311.46
60.1251, 311.463
60.1729, 311.466
60.1836, 311.467
60.2097, 311.468
60.2414, 311.471
60.2523, 311.471
60.2597, 311.472
60.3012, 311.475
60.3332, 311.477
60.3487, 311.478
60.3674, 311.479
60.4256, 311.483
60.4279, 311.483
60.4443, 311.484
60.468, 311.486
60.4793, 311.487
60.523, 311.49
60.5406, 311.491
60.58, 311.494
60.5917, 311.494
60.6058, 311.495
60.64, 311.498
60.6443, 311.498
60.6893, 311.501
60.7152, 311.503
60.7288, 311.504
60.7747, 311.507
60.8177, 311.51
60.839, 311.512
60.8504, 311.513
60.8622, 311.513
60.8827, 311.515
60.8998, 311.516
60.9179, 311.517
60.961, 311.521
60.9706, 311.521
60.99, 311.523
61.0103, 311.524
61.0606, 311.528
61.1102, 311.531
61.1172, 311.532
61.1585, 311.535
61.1729, 311.536
61.1979, 311.538
61.2145, 311.539
61.2485, 311.542
61.2692, 311.543
61.2892, 311.545
61.327, 311.548
61.3521, 311.55
61.3598, 311.55
61.366, 311.551
61.4013, 311.553
61.439, 311.556
61.4475, 311.557
61.4643, 311.558
61.4834, 311.56
61.5268, 311.563
61.5449, 311.564
61.5734, 311.567
61.5799, 311.567
61.585, 311.567
61.6155, 311.57
61.6477, 311.572
61.6517, 311.573
61.7001, 311.577
61.7173, 311.578
61.7237, 311.578
61.7326, 311.579
61.7465, 311.58
61.7826, 311.583
61.7949, 311.584
61.8143, 311.586
61.8388, 311.588
61.8459, 311.588
61.8808, 311.591
61.896, 311.592
61.9296, 311.595
61.9771, 311.599
61.9808, 311.599
61.9823, 311.599
61.9929, 311.6
62.0321, 311.603
62.0604, 311.606
62.0855, 311.608
62.0929, 311.608
62.094, 311.609
62.101, 311.609
62.1365, 311.612
62.1959, 311.617
62.225, 311.62
62.2413, 311.621
62.2503, 311.622
62.2636, 311.623
62.277, 311.624
62.2867, 311.625
62.3169, 311.627
62.3597, 311.631
62.3774, 311.633
62.4027, 311.635
62.4232, 311.636
62.4356, 311.638
62.4541, 311.639
62.4679, 311.64
62.517, 311.645
62.5229, 311.645
62.541, 311.647
62.5804, 311.65
62.5825, 311.65
62.5838, 311.651
62.6235, 311.654
62.6396, 311.656
62.6868, 311.66
62.6959, 311.661
62.7382, 311.664
62.7638, 311.667
62.7716, 311.667
62.7846, 311.669
62.8113, 311.671
62.8255, 311.672
62.8488, 311.674
62.8762, 311.677
62.9046, 311.68
62.92, 311.681
62.9476, 311.684
62.9599, 311.685
62.9899, 311.687
63.0463, 311.693
63.052, 311.693
63.0904, 311.697
63.1096, 311.699
63.1209, 311.7
63.1563, 311.703
63.1663, 311.704
63.1799, 311.705
63.2182, 311.709
63.2349, 311.711
63.2609, 311.713
63.2906, 311.716
63.2978, 311.717
63.351, 311.722
63.377, 311.725
63.4023, 311.727
63.4379, 311.731
63.4482, 311.732
63.4527, 311.732
63.484, 311.735
63.5162, 311.738
63.5165, 311.738
63.5168, 311.738
63.5241, 311.739
63.554, 311.742
63.5552, 311.742
63.5585, 311.743
63.5888, 311.746
63.6052, 311.747
63.6253, 311.749
63.6613, 311.753
63.6661, 311.754
63.7167, 311.759
63.7257, 311.76
63.7346, 311.761
63.7573, 311.763
63.7805, 311.765
63.8081, 311.768
63.8181, 311.769
63.8612, 311.774
63.8918, 311.777
63.9017, 311.778
63.9256, 311.781
63.9408, 311.782
63.9521, 311.783
63.9834, 311.787
64.0219, 311.791
64.0314, 311.792
64.0534, 311.794
64.0657, 311.796
64.0964, 311.799
64.1259, 311.802
64.1331, 311.803
64.1689, 311.807
64.1746, 311.807
64.2023, 311.81
64.2152, 311.812
64.2465, 311.815
64.2702, 311.818
64.3152, 311.823
64.328, 311.824
64.3539, 311.827
64.38, 311.83
64.4165, 311.834
64.434, 311.836
64.4468, 311.838
64.458, 311.839
64.4839, 311.842
64.5112, 311.845
64.5435, 311.849
64.5553, 311.85
64.5582, 311.851
64.5725, 311.852
64.5915, 311.855
64.6104, 311.857
64.6322, 311.859
64.6399, 311.86
64.6685, 311.864
64.7025, 311.868
64.7242, 311.87
64.7452, 311.873
64.761, 311.875
64.7709, 311.876
64.8233, 311.882
64.8612, 311.887
64.8697, 311.888
64.8804, 311.889
64.9186, 311.894
64.9569, 311.898
64.9773, 311.901
65.0147, 311.906
65.0216, 311.907
65.0574, 311.911
65.0631, 311.912
65.0643, 311.912
65.1087, 311.917
65.1123, 311.918
65.1506, 311.923
65.1508, 311.923
65.206, 311.93
65.216, 311.931
65.2368, 311.934
65.2568, 311.936
65.2888, 311.941
65.2943, 311.941
65.2973, 311.942
65.3053, 311.943
65.3171, 311.944
65.3257, 311.945
65.3385, 311.947
65.3457, 311.948
65.3471, 311.948
65.3523, 311.949
65.377, 311.952
65.3782, 311.952
65.394, 311.954
65.4083, 311.956
65.4252, 311.959
65.449, 311.962
65.4621, 311.963
65.4798, 311.966
65.494, 311.968
65.5371, 311.974
65.5376, 311.974
65.5681, 311.978
65.5944, 311.981
65.5996, 311.982
65.6036, 311.983
65.6412, 311.988
65.6483, 311.989
65.6759, 311.993
65.7026, 311.996
65.7331, 312.001
65.7544, 312.004
65.7787, 312.007
65.7804, 312.007
65.7826, 312.008
65.813, 312.012
65.848, 312.017
65.8551, 312.018
65.8908, 312.023
65.9113, 312.026
65.9372, 312.03
65.9509, 312.032
65.9926, 312.038
66.0133, 312.041
66.0437, 312.045
66.0673, 312.049
66.0807, 312.051
66.0908, 312.052
66.1266, 312.058
66.1332, 312.059
66.2013, 312.069
66.2034, 312.069
66.2442, 312.075
66.2608, 312.078
66.2964, 312.083
66.3002, 312.084
66.3073, 312.085
66.3434, 312.091
66.3618, 312.094
66.3789, 312.096
66.4213, 312.103
66.4592, 312.109
66.4596, 312.109
66.4749, 312.111
66.496, 312.115
66.5516, 312.124
66.5568, 312.125
66.5622, 312.125
66.5745, 312.127
66.6005, 312.132
66.6158, 312.134
66.6453, 312.139
66.6589, 312.141
66.691, 312.147
66.7244, 312.152
66.7458, 312.156
66.7755, 312.161
66.783, 312.162
66.8042, 312.166
66.8203, 312.168
66.8583, 312.175
66.8935, 312.181
66.9112, 312.184
66.9293, 312.187
66.9479, 312.19
66.9744, 312.195
66.9901, 312.198
67.0277, 312.204
67.0353, 312.206
67.0682, 312.211
67.0853, 312.215
67.112, 312.219
67.1347, 312.223
67.1557, 312.227
67.1997, 312.235
67.2087, 312.237
67.2108, 312.237
67.2342, 312.242
67.2459, 312.244
67.2476, 312.244
67.2796, 312.25
67.2863, 312.251
67.3062, 312.255
67.3196, 312.257
67.3562, 312.264
67.3674, 312.266
67.4015, 312.273
67.4104, 312.275
67.4487, 312.282
67.4596, 312.284
67.5014, 312.292
67.5689, 312.305
67.5831, 312.308
67.5986, 312.311
67.6103, 312.314
67.6433, 312.32
67.6664, 312.325
67.6729, 312.326
67.7115, 312.334
67.7263, 312.337
67.7551, 312.343
67.7735, 312.347
67.8236, 312.357
67.8352, 312.359
67.8595, 312.364
67.8625, 312.365
67.898, 312.372
67.9102, 312.375
67.9503, 312.384
67.9557, 312.385
68.0009, 312.394
68.0054, 312.395
68.0448, 312.404
68.0511, 312.405
68.0802, 312.412
68.0854, 312.413
68.1314, 312.423
68.1519, 312.428
68.1653, 312.43
68.2086, 312.44
68.2259, 312.444
68.2527, 312.45
68.2636, 312.453
68.3093, 312.463
68.3332, 312.469
68.3417, 312.471
68.3444, 312.471
68.4104, 312.487
68.4158, 312.488
68.4535, 312.497
68.4822, 312.504
68.4949, 312.507
68.5425, 312.518
68.5565, 312.521
68.5805, 312.527
68.589, 312.529
68.6121, 312.535
68.6549, 312.545
68.6803, 312.552
68.6846, 312.553
68.6922, 312.555
68.6988, 312.556
68.7487, 312.569
68.7976, 312.581
68.81, 312.584
68.8572, 312.597
68.8778, 312.602
68.8865, 312.604
68.8915, 312.605
68.9167, 312.612
68.9469, 312.62
68.9568, 312.622
69.0077, 312.636
69.0143, 312.638
69.0223, 312.64
69.0302, 312.642
69.0454, 312.646
69.0622, 312.65
69.1225, 312.667
69.1384, 312.671
69.1715, 312.68
69.1819, 312.683
69.1951, 312.686
69.2257, 312.695
69.24, 312.699
69.2758, 312.709
69.2859, 312.712
69.2949, 312.714
69.3079, 312.718
69.3385, 312.726
69.3672, 312.734
69.3739, 312.736
69.3989, 312.744
69.4234, 312.751
69.4405, 312.755
69.4517, 312.759
69.4749, 312.765
69.4805, 312.767
69.5014, 312.773
69.5178, 312.778
69.5478, 312.786
69.5564, 312.789
69.5942, 312.8
69.6005, 312.802
69.6433, 312.814
69.6847, 312.827
69.6884, 312.828
69.7231, 312.838
69.761, 312.849
69.7658, 312.851
69.7777, 312.854
69.8049, 312.862
69.8192, 312.867
69.8286, 312.869
69.8685, 312.881
69.8706, 312.882
69.8717, 312.882
69.8765, 312.884
69.8991, 312.891
69.9157, 312.896
69.9632, 312.91
69.9735, 312.913
69.9917, 312.918
70.0088, 312.924
70.0299, 312.93
70.0469, 312.935
70.0589, 312.939
70.1149, 312.956
70.1266, 312.959
70.1671, 312.971
70.2032, 312.982
70.2492, 312.996
70.25, 312.996
70.2815, 313.005
70.3024, 313.012
70.3558, 313.027
70.3819, 313.035
70.4223, 313.047
70.4451, 313.053
70.4682, 313.06
70.5065, 313.071
70.5397, 313.08
70.545, 313.082
70.5837, 313.092
70.5861, 313.093
70.6099, 313.1
70.6257, 313.104
70.6308, 313.105
70.6638, 313.114
70.6965, 313.123
70.7058, 313.126
70.7123, 313.127
70.7515, 313.138
70.76, 313.14
70.7846, 313.146
70.7999, 313.15
70.8126, 313.153
70.8339, 313.159
70.8387, 313.16
70.859, 313.165
70.8771, 313.169
70.9067, 313.177
70.9615, 313.19
70.9775, 313.194
71.0064, 313.2
71.0544, 313.211
71.0593, 313.212
71.094, 313.22
71.0989, 313.221
71.137, 313.229
71.1524, 313.232
71.1548, 313.233
71.1745, 313.237
71.1835, 313.238
71.2068, 313.243
71.2135, 313.244
71.2546, 313.252
71.2583, 313.253
71.2604, 313.253
71.2653, 313.254
71.3007, 313.26
71.3392, 313.267
71.3617, 313.271
71.3868, 313.275
71.3921, 313.276
71.4191, 313.28
71.4409, 313.283
71.4868, 313.29
71.4955, 313.292
71.5238, 313.295
71.5473, 313.299
71.5489, 313.299
71.5905, 313.304
71.6027, 313.306
71.6223, 313.308
71.6433, 313.31
71.6697, 313.313
71.6947, 313.316
71.713, 313.317
71.727, 313.319
71.7495, 313.321
71.7725, 313.323
71.8152, 313.326
71.8655, 313.329
71.8656, 313.329
71.9146, 313.333
71.9164, 313.333
71.9251, 313.333
71.9663, 313.335
72.0012, 313.336
72.0133, 313.336
72.0427, 313.337
72.0677, 313.338
72.0858, 313.338
72.1134, 313.338
72.1288, 313.338
72.1495, 313.338
72.1755, 313.338
72.1826, 313.338
72.189, 313.338
72.2004, 313.338
72.2714, 313.337
72.2808, 313.337
72.2864, 313.337
72.3086, 313.336
72.3452, 313.334
72.3855, 313.332
72.4159, 313.331
72.4363, 313.33
72.4527, 313.329
72.4578, 313.328
72.4715, 313.327
72.4896, 313.326
72.5067, 313.325
72.5335, 313.323
72.5601, 313.321
72.593, 313.318
72.6523, 313.312
72.6672, 313.31
72.7121, 313.305
72.7403, 313.302
72.7612, 313.299
72.785, 313.297
72.7926, 313.296
72.8403, 313.289
72.8543, 313.287
72.871, 313.285
72.8885, 313.282
72.9344, 313.276
72.9499, 313.273
72.9805, 313.268
73.0207, 313.262
73.0558, 313.256
73.0873, 313.251
73.0983, 313.249
73.1422, 313.241
73.1796, 313.234
73.1826, 313.233
73.1917, 313.232
73.2133, 313.228
73.22, 313.226
73.2453, 313.221
73.2689, 313.217
73.2927, 313.212
73.3096, 313.209
73.3371, 313.203
73.3518, 313.2
73.3887, 313.193
73.3999, 313.19
73.4345, 313.183
73.4797, 313.173
73.4995, 313.169
73.5336, 313.161
73.5586, 313.156
73.5853, 313.15
73.6359, 313.139
73.6484, 313.136
73.6992, 313.125
73.7102, 313.122
73.7374, 313.116
73.7421, 313.115
73.767, 313.109
73.8158, 313.098
73.8215, 313.097
73.8491, 313.09
73.8703, 313.085
73.882, 313.082
73.9034, 313.077
73.9433, 313.068
73.9479, 313.067
73.957, 313.065
73.9591, 313.064
73.9661, 313.063
73.9713, 313.062
74.0464, 313.044
74.0594, 313.041
74.065, 313.04
74.0868, 313.035
74.1143, 313.028
74.12, 313.027
74.1228, 313.026
74.161, 313.017
74.1652, 313.016
74.1806, 313.013
74.2032, 313.008
74.2149, 313.005
74.2568, 312.995
74.2939, 312.987
74.3311, 312.978
74.3381, 312.977
74.3507, 312.974
74.3869, 312.966
74.4045, 312.962
74.4322, 312.956
74.4557, 312.95
74.4826, 312.944
74.4849, 312.944
74.5122, 312.938
74.5361, 312.933
74.5651, 312.926
74.5796, 312.923
74.5943, 312.92
74.6158, 312.915
74.6506, 312.908
74.6678, 312.904
74.7029, 312.897
74.7134, 312.895
74.7284, 312.891
74.7419, 312.889
74.7652, 312.884
74.8104, 312.875
74.8527, 312.866
74.8694, 312.862
74.8883, 312.859
74.9113, 312.854
74.9293, 312.85
74.9356, 312.849
74.9675, 312.843
74.9819, 312.84
75.0239, 312.832
75.077, 312.822
75.0816, 312.821
75.1159, 312.814
75.1628, 312.805
75.1736, 312.803
75.1932, 312.8
75.2237, 312.794
75.2472, 312.79
75.2731, 312.785
75.3025, 312.78
75.3038, 312.78
75.3346, 312.774
75.3624, 312.769
75.4115, 312.761
75.4191, 312.76
75.4266, 312.758
75.439, 312.756
75.4519, 312.754
75.4753, 312.75
75.4927, 312.747
75.5021, 312.745
75.5215, 312.742
75.5386, 312.739
75.5428, 312.739
75.569, 312.734
75.5975, 312.73
75.6262, 312.725
75.6484, 312.721
75.6645, 312.719
75.7073, 312.712
75.7186, 312.71
75.7544, 312.705
75.8007, 312.698
75.8026, 312.697
75.8374, 312.692
75.8569, 312.689
75.8819, 312.686
75.8995, 312.683
75.9337, 312.678
75.9709, 312.672
75.989, 312.67
76.0095, 312.667
76.0147, 312.666
76.0342, 312.663
76.0511, 312.661
76.0859, 312.656
76.0873, 312.656
76.0887, 312.656
76.1113, 312.653
76.1489, 312.648
76.1609, 312.646
76.1981, 312.641
76.2192, 312.638
76.2358, 312.636
76.2413, 312.635
76.2526, 312.634
76.2807, 312.63
76.3119, 312.626
76.3305, 312.624
76.3441, 312.622
76.3848, 312.617
76.424, 312.612
76.43, 312.611
76.4541, 312.608
76.4848, 312.605
76.4963, 312.603
76.5002, 312.603
76.504, 312.602
76.5285, 312.599
76.5483, 312.597
76.5632, 312.595
76.5944, 312.592
76.6065, 312.59
76.6122, 312.59
76.6675, 312.583
76.6964, 312.58
76.7197, 312.577
76.7393, 312.575
76.7541, 312.574
76.7906, 312.57
76.8034, 312.568
76.848, 312.564
76.8484, 312.564
76.8495, 312.564
76.8802, 312.56
76.8863, 312.56
76.908, 312.557
76.9306, 312.555
76.9847, 312.55
77.0303, 312.545
77.0424, 312.544
77.0796, 312.54
77.0827, 312.54
77.1146, 312.537
77.1385, 312.535
77.151, 312.534
77.1784, 312.531
77.2053, 312.529
77.2121, 312.528
77.2247, 312.527
77.2467, 312.525
77.2742, 312.522
77.2938, 312.521
77.322, 312.518
77.3591, 312.515
77.3615, 312.515
77.4044, 312.511
77.4309, 312.509
77.4778, 312.505
77.4779, 312.505
77.478, 312.505
77.5181, 312.502
77.5572, 312.499
77.5695, 312.498
77.5951, 312.496
77.6446, 312.492
77.6805, 312.489
77.6926, 312.488
77.6992, 312.488
77.702, 312.488
77.7237, 312.486
77.7394, 312.485
77.7565, 312.484
77.7927, 312.481
77.8253, 312.479
77.8954, 312.474
77.9178, 312.472
77.9553, 312.47
77.9574, 312.47
77.9588, 312.47
78.0201, 312.466
78.0258, 312.465
78.0433, 312.464
78.0601, 312.463
78.0747, 312.462
78.0802, 312.462
78.0951, 312.461
78.1588, 312.457
78.1667, 312.457
78.1729, 312.456
78.2196, 312.454
78.2207, 312.454
78.252, 312.452
78.2664, 312.451
78.3042, 312.449
78.3425, 312.447
78.3529, 312.446
78.3808, 312.445
78.4054, 312.444
78.4165, 312.443
78.4255, 312.443
78.4505, 312.441
78.4913, 312.439
78.4917, 312.439
78.5159, 312.438
78.5403, 312.437
78.5567, 312.436
78.5823, 312.435
78.6248, 312.433
78.6642, 312.431
78.6831, 312.43
78.71, 312.429
78.7541, 312.427
78.7769, 312.426
78.7981, 312.426
78.8495, 312.424
78.8862, 312.422
78.8909, 312.422
78.8939, 312.422
78.8998, 312.422
78.9295, 312.421
78.9674, 312.419
78.9845, 312.419
79.0258, 312.417
79.0508, 312.416
79.0677, 312.416
79.1298, 312.414
79.1679, 312.413
79.1762, 312.413
79.1935, 312.412
79.2166, 312.411
79.2359, 312.411
79.2629, 312.41
79.2872, 312.41
79.298, 312.409
79.3196, 312.409
79.3239, 312.409
79.3604, 312.408
79.3999, 312.407
79.4201, 312.406
79.4313, 312.406
79.4592, 312.406
79.4763, 312.405
79.4909, 312.405
79.5404, 312.404
79.5429, 312.404
79.5682, 312.403
79.613, 312.403
79.6173, 312.403
79.6449, 312.402
79.6484, 312.402
79.6581, 312.402
79.6774, 312.402
79.6896, 312.402
79.7121, 312.401
79.7268, 312.401
79.7448, 312.401
79.7817, 312.4
79.7894, 312.4
79.8309, 312.4
79.8763, 312.4
79.8786, 312.4
79.8797, 312.4
79.8851, 312.4
79.9406, 312.399
80, 312.399
80.125, 312.371
80, 312.399


