X,T
9.92617e-18, 310.15
0.0357955, 310.15
0.464191, 310.15
0.489998, 310.15
0.741889, 310.15
0.763463, 310.15
0.950225, 310.15
0.960342, 310.15
1.17241, 310.15
1.44031, 310.15
1.45531, 310.15
1.81936, 310.15
1.87596, 310.15
1.94517, 310.15
1.98825, 310.15
2.28214, 310.15
2.50011, 310.15
2.60435, 310.15
2.61799, 310.15
2.64576, 310.15
2.69252, 310.15
3.20698, 310.15
3.45765, 310.15
3.49173, 310.15
3.654, 310.15
4.10695, 310.15
4.14747, 310.15
4.15249, 310.15
4.16458, 310.15
4.18573, 310.15
4.6704, 310.15
4.86654, 310.15
4.88891, 310.15
5.33036, 310.15
5.34657, 310.15
5.59286, 310.15
5.7882, 310.15
5.81397, 310.15
5.83233, 310.15
6.19126, 310.15
6.65893, 310.15
6.68083, 310.15
6.68834, 310.15
6.70789, 310.15
7.1087, 310.15
7.50789, 310.15
7.53024, 310.15
7.53616, 310.15
7.55606, 310.15
8.00765, 310.15
8.62176, 310.15
8.63745, 310.15
8.64539, 310.15
8.65428, 310.15
8.65969, 310.15
8.66298, 310.15
9.27297, 310.15
9.28885, 310.15
9.71108, 310.15
9.88816, 310.15
9.90734, 310.15
9.98732, 310.15
10.2582, 310.15
10.3584, 310.15
10.3625, 310.15
10.3916, 310.15
10.826, 310.15
11.194, 310.15
11.2126, 310.15
11.4002, 310.15
11.5638, 310.15
11.5817, 310.15
11.8032, 310.151
11.8971, 310.151
12.1443, 310.151
12.3519, 310.151
12.3735, 310.151
12.4825, 310.151
12.7897, 310.151
13.0998, 310.151
13.1231, 310.151
13.3707, 310.151
13.4086, 310.151
13.7324, 310.151
13.7541, 310.151
14.0746, 310.151
14.2583, 310.151
14.2902, 310.151
14.7834, 310.151
14.8121, 310.151
14.8733, 310.151
15.272, 310.151
15.3841, 310.151
15.4035, 310.151
15.8552, 310.151
16.3811, 310.151
16.3879, 310.151
16.4101, 310.151
16.4106, 310.151
16.415, 310.151
16.9068, 310.151
16.9292, 310.151
17.0451, 310.151
17.0654, 310.151
17.3455, 310.151
17.3521, 310.151
17.36, 310.151
17.5102, 310.151
17.5491, 310.151
17.7991, 310.151
17.8144, 310.151
18.0927, 310.151
18.5832, 310.151
18.6142, 310.151
18.6942, 310.151
19.0909, 310.151
19.1939, 310.151
19.213, 310.151
19.2211, 310.151
19.2643, 310.151
19.3455, 310.151
19.3994, 310.151
19.67, 310.152
19.7374, 310.152
19.7667, 310.152
19.7972, 310.152
20.0662, 310.152
20.0909, 310.152
20.3493, 310.152
20.7402, 310.152
20.973, 310.152
21.206, 310.152
21.451, 310.152
21.4865, 310.152
21.4995, 310.152
21.9386, 310.152
21.9831, 310.152
22.0005, 310.152
22.0396, 310.152
22.056, 310.152
22.4761, 310.152
22.8078, 310.152
22.8286, 310.152
22.928, 310.152
22.9477, 310.152
23.3937, 310.153
23.4659, 310.153
23.504, 310.153
23.5183, 310.153
23.5602, 310.153
24.0891, 310.153
24.1241, 310.153
24.1394, 310.153
24.1651, 310.153
24.1862, 310.153
24.7693, 310.153
24.9582, 310.153
24.9673, 310.153
24.9856, 310.153
25.3536, 310.153
25.3945, 310.154
25.4102, 310.154
25.4713, 310.154
25.5161, 310.154
25.541, 310.154
25.5639, 310.154
26.0067, 310.154
26.0173, 310.154
26.023, 310.154
26.5421, 310.154
26.5601, 310.154
26.6526, 310.154
26.6738, 310.154
26.7164, 310.154
27.2775, 310.155
27.2992, 310.155
27.3482, 310.155
27.3607, 310.155
27.4852, 310.155
27.52, 310.155
27.8799, 310.155
28.1984, 310.155
28.2226, 310.155
28.4234, 310.155
28.5566, 310.156
28.5826, 310.156
28.9062, 310.156
29.2228, 310.156
29.5348, 310.156
29.5505, 310.156
29.8506, 310.157
29.8865, 310.157
30.0086, 310.157
30.3878, 310.157
30.4798, 310.157
30.5245, 310.157
30.5342, 310.157
30.5621, 310.157
30.5988, 310.157
31.1095, 310.158
31.6133, 310.159
31.6471, 310.159
31.6493, 310.159
31.651, 310.159
31.6743, 310.159
32.0235, 310.159
32.0428, 310.159
32.1341, 310.159
32.389, 310.16
32.6403, 310.16
32.6696, 310.16
33.0103, 310.161
33.0266, 310.161
33.5816, 310.161
33.5822, 310.161
33.6012, 310.161
33.6013, 310.161
34.108, 310.162
34.1189, 310.162
34.3774, 310.163
34.4085, 310.163
34.7321, 310.164
34.7647, 310.164
35.1045, 310.164
35.2812, 310.165
35.4671, 310.165
35.4988, 310.165
35.6824, 310.165
36.0627, 310.166
36.0749, 310.166
36.1806, 310.167
36.7499, 310.168
36.7677, 310.168
36.8592, 310.168
36.8845, 310.168
37.4117, 310.17
37.4296, 310.17
37.5102, 310.17
37.5339, 310.17
37.7995, 310.171
37.8297, 310.171
38.1152, 310.172
38.1228, 310.172
38.2528, 310.173
38.5934, 310.174
38.6573, 310.174
38.9781, 310.175
38.9883, 310.175
39.0964, 310.175
39.6681, 310.178
39.6824, 310.178
39.696, 310.178
39.6983, 310.178
40.2766, 310.18
40.4621, 310.181
40.4763, 310.181
40.6511, 310.182
41.1702, 310.185
41.1845, 310.185
41.337, 310.185
41.6019, 310.187
41.649, 310.187
41.7446, 310.188
41.7641, 310.188
42.1318, 310.19
42.2461, 310.19
42.4068, 310.191
42.8385, 310.194
42.8592, 310.194
42.8672, 310.194
43.327, 310.198
43.3931, 310.198
43.3979, 310.198
43.5086, 310.199
43.9783, 310.202
43.9922, 310.203
44.2614, 310.205
44.5276, 310.207
44.5645, 310.207
44.8794, 310.21
44.9573, 310.211
45.0982, 310.212
45.2983, 310.214
45.6671, 310.218
45.7331, 310.219
45.7926, 310.219
45.835, 310.22
46.6745, 310.23
46.7129, 310.23
46.7322, 310.23
46.7988, 310.231
47.3678, 310.239
47.3831, 310.239
47.3954, 310.239
47.6855, 310.244
48.0327, 310.249
48.0686, 310.25
48.2545, 310.253
48.2929, 310.254
48.6007, 310.26
48.8973, 310.266
49.0061, 310.268
49.021, 310.268
49.0789, 310.27
49.0926, 310.27
49.4855, 310.28
49.4969, 310.28
49.5194, 310.281
49.5265, 310.281
49.5558, 310.282
49.6296, 310.284
49.7865, 310.289
49.8402, 310.291
49.8866, 310.293
49.9472, 310.296
50, 310.3
50.0406, 310.3
50.0896, 310.3
50.1108, 310.3
50.1291, 310.3
50.147, 310.3
50.1594, 310.3
50.1678, 310.3
50.196, 310.3
50.2184, 310.3
50.2384, 310.3
50.2747, 310.3
50.3134, 310.3
50.3549, 310.3
50.3594, 310.3
50.3644, 310.3
50.4012, 310.3
50.4222, 310.3
50.4404, 310.3
50.4808, 310.3
50.4898, 310.3
50.5579, 310.301
50.5678, 310.301
50.5757, 310.301
50.6028, 310.301
50.6251, 310.301
50.6414, 310.301
50.6645, 310.301
50.6712, 310.301
50.69, 310.301
50.7133, 310.301
50.7306, 310.301
50.7358, 310.301
50.7412, 310.301
50.7828, 310.301
50.8081, 310.301
50.8366, 310.301
50.8538, 310.301
50.8636, 310.301
50.8788, 310.301
50.9144, 310.301
50.9354, 310.301
50.9702, 310.302
50.9703, 310.302
50.9999, 310.302
51.0069, 310.302
51.04, 310.302
51.0611, 310.302
51.082, 310.302
51.0861, 310.302
51.1305, 310.302
51.1389, 310.302
51.1414, 310.302
51.1815, 310.302
51.1856, 310.302
51.2008, 310.302
51.2598, 310.302
51.2628, 310.302
51.266, 310.302
51.2909, 310.303
51.3072, 310.303
51.3115, 310.303
51.3276, 310.303
51.359, 310.303
51.4009, 310.303
51.4326, 310.303
51.4593, 310.303
51.4933, 310.303
51.502, 310.303
51.5048, 310.303
51.5165, 310.303
51.5511, 310.303
51.5691, 310.303
51.581, 310.303
51.627, 310.304
51.6478, 310.304
51.657, 310.304
51.6721, 310.304
51.7005, 310.304
51.7095, 310.304
51.7206, 310.304
51.7403, 310.304
51.7487, 310.304
51.7751, 310.304
51.8028, 310.304
51.815, 310.304
51.8334, 310.304
51.8796, 310.304
51.8921, 310.304
51.9067, 310.305
51.9463, 310.305
51.9635, 310.305
51.986, 310.305
52.0064, 310.305
52.0119, 310.305
52.0454, 310.305
52.0521, 310.305
52.0802, 310.305
52.087, 310.305
52.1268, 310.305
52.1359, 310.305
52.154, 310.305
52.1547, 310.305
52.1974, 310.306
52.2167, 310.306
52.2415, 310.306
52.2767, 310.306
52.2911, 310.306
52.3183, 310.306
52.3487, 310.306
52.3552, 310.306
52.3865, 310.306
52.4072, 310.306
52.4148, 310.306
52.4215, 310.306
52.4331, 310.307
52.4725, 310.307
52.4873, 310.307
52.5065, 310.307
52.5244, 310.307
52.5536, 310.307
52.5629, 310.307
52.6001, 310.307
52.6008, 310.307
52.6018, 310.307
52.6401, 310.307
52.6477, 310.307
52.6646, 310.307
52.6995, 310.308
52.7189, 310.308
52.7356, 310.308
52.7587, 310.308
52.7847, 310.308
52.7992, 310.308
52.8431, 310.308
52.854, 310.308
52.8746, 310.308
52.8891, 310.308
52.9024, 310.308
52.9319, 310.309
52.9534, 310.309
52.9702, 310.309
53.0131, 310.309
53.042, 310.309
53.0614, 310.309
53.1055, 310.309
53.1138, 310.309
53.1223, 310.309
53.1561, 310.31
53.1638, 310.31
53.1933, 310.31
53.2062, 310.31
53.219, 310.31
53.2412, 310.31
53.2446, 310.31
53.2526, 310.31
53.2602, 310.31
53.2798, 310.31
53.2908, 310.31
53.3243, 310.31
53.3528, 310.31
53.3784, 310.311
53.3886, 310.311
53.4061, 310.311
53.4154, 310.311
53.4271, 310.311
53.4377, 310.311
53.4862, 310.311
53.4937, 310.311
53.5364, 310.311
53.5722, 310.311
53.5876, 310.311
53.6105, 310.312
53.6338, 310.312
53.6576, 310.312
53.6918, 310.312
53.6967, 310.312
53.7366, 310.312
53.7685, 310.312
53.8121, 310.313
53.8259, 310.313
53.8525, 310.313
53.8804, 310.313
53.8901, 310.313
53.905, 310.313
53.9424, 310.313
53.9741, 310.313
53.9845, 310.313
54.0039, 310.314
54.041, 310.314
54.0414, 310.314
54.0697, 310.314
54.1025, 310.314
54.1132, 310.314
54.1189, 310.314
54.1734, 310.314
54.1807, 310.314
54.2133, 310.315
54.217, 310.315
54.2573, 310.315
54.26, 310.315
54.2996, 310.315
54.3074, 310.315
54.3512, 310.315
54.3522, 310.315
54.3531, 310.315
54.3536, 310.315
54.4189, 310.316
54.4356, 310.316
54.4463, 310.316
54.4766, 310.316
54.5109, 310.316
54.5112, 310.316
54.5119, 310.316
54.5557, 310.316
54.5848, 310.317
54.6163, 310.317
54.6235, 310.317
54.6578, 310.317
54.6843, 310.317
54.6903, 310.317
54.7479, 310.317
54.78, 310.318
54.8245, 310.318
54.846, 310.318
54.8626, 310.318
54.8814, 310.318
54.9099, 310.318
54.9423, 310.319
54.9591, 310.319
54.9641, 310.319
55.0064, 310.319
55.0164, 310.319
55.0474, 310.319
55.0856, 310.319
55.1287, 310.32
55.1412, 310.32
55.1514, 310.32
55.1834, 310.32
55.2288, 310.32
55.24, 310.32
55.2976, 310.321
55.3035, 310.321
55.3356, 310.321
55.3513, 310.321
55.3643, 310.321
55.3713, 310.321
55.3861, 310.321
55.4043, 310.321
55.4132, 310.321
55.4242, 310.321
55.4521, 310.322
55.4567, 310.322
55.4651, 310.322
55.5336, 310.322
55.5349, 310.322
55.5355, 310.322
55.603, 310.322
55.6315, 310.323
55.6359, 310.323
55.6403, 310.323
55.6771, 310.323
55.68, 310.323
55.6814, 310.323
55.7213, 310.323
55.7669, 310.324
55.7708, 310.324
55.8101, 310.324
55.824, 310.324
55.8265, 310.324
55.8626, 310.324
55.8806, 310.324
55.9095, 310.324
55.9163, 310.324
55.9198, 310.324
55.9664, 310.325
55.9954, 310.325
56.0056, 310.325
56.0087, 310.325
56.062, 310.325
56.1162, 310.326
56.1339, 310.326
56.1443, 310.326
56.1591, 310.326
56.1714, 310.326
56.1856, 310.326
56.2259, 310.326
56.231, 310.327
56.2982, 310.327
56.3476, 310.327
56.3596, 310.327
56.3939, 310.328
56.4066, 310.328
56.4176, 310.328
56.4859, 310.328
56.4995, 310.328
56.509, 310.328
56.5165, 310.328
56.5451, 310.329
56.6153, 310.329
56.6156, 310.329
56.6157, 310.329
56.6158, 310.329
56.6162, 310.329
56.6766, 310.33
56.7207, 310.33
56.7357, 310.33
56.7406, 310.33
56.7517, 310.33
56.7805, 310.33
56.7952, 310.33
56.8302, 310.331
56.8303, 310.331
56.8305, 310.331
56.8824, 310.331
56.9043, 310.331
56.9148, 310.331
56.9426, 310.331
56.975, 310.332
56.9891, 310.332
56.9928, 310.332
56.9987, 310.332
57.0571, 310.332
57.0704, 310.332
57.0749, 310.332
57.085, 310.333
57.1083, 310.333
57.1257, 310.333
57.1764, 310.333
57.1799, 310.333
57.2137, 310.333
57.2207, 310.334
57.2496, 310.334
57.2622, 310.334
57.2767, 310.334
57.3161, 310.334
57.3277, 310.334
57.358, 310.335
57.3865, 310.335
57.4051, 310.335
57.4221, 310.335
57.427, 310.335
57.4425, 310.335
57.4896, 310.336
57.4926, 310.336
57.4974, 310.336
57.6008, 310.336
57.6184, 310.337
57.6281, 310.337
57.6469, 310.337
57.6708, 310.337
57.6779, 310.337
57.714, 310.337
57.7179, 310.337
57.7196, 310.337
57.7589, 310.338
57.7872, 310.338
57.8011, 310.338
57.8558, 310.338
57.8657, 310.339
57.9094, 310.339
57.9124, 310.339
57.9379, 310.339
57.9528, 310.339
57.9669, 310.339
58.0182, 310.34
58.0192, 310.34
58.0206, 310.34
58.0493, 310.34
58.0699, 310.34
58.0799, 310.34
58.0855, 310.34
58.1277, 310.341
58.1351, 310.341
58.1406, 310.341
58.1676, 310.341
58.1998, 310.341
58.2269, 310.342
58.2321, 310.342
58.2552, 310.342
58.2751, 310.342
58.2854, 310.342
58.3416, 310.343
58.3419, 310.343
58.344, 310.343
58.3835, 310.343
58.4114, 310.343
58.4276, 310.343
58.4482, 310.343
58.4831, 310.344
58.4932, 310.344
58.5194, 310.344
58.5331, 310.344
58.5696, 310.344
58.5704, 310.345
58.6198, 310.345
58.6298, 310.345
58.6365, 310.345
58.6864, 310.346
58.7118, 310.346
58.7153, 310.346
58.7158, 310.346
58.7177, 310.346
58.7426, 310.346
58.7795, 310.346
58.802, 310.347
58.8269, 310.347
58.8273, 310.347
58.8732, 310.347
58.8803, 310.347
58.9281, 310.348
58.9474, 310.348
59.0011, 310.348
59.0073, 310.348
59.0409, 310.349
59.0473, 310.349
59.1021, 310.349
59.1058, 310.349
59.1569, 310.35
59.1723, 310.35
59.2072, 310.35
59.2176, 310.35
59.2451, 310.351
59.2534, 310.351
59.2725, 310.351
59.2893, 310.351
59.3333, 310.351
59.3434, 310.352
59.3794, 310.352
59.4026, 310.352
59.4062, 310.352
59.4439, 310.353
59.4662, 310.353
59.5136, 310.353
59.5358, 310.353
59.5577, 310.354
59.5666, 310.354
59.6219, 310.354
59.6319, 310.354
59.6364, 310.354
59.6578, 310.355
59.6919, 310.355
59.7219, 310.355
59.7389, 310.355
59.7491, 310.356
59.771, 310.356
59.8002, 310.356
59.8524, 310.357
59.8553, 310.357
59.8558, 310.357
59.8962, 310.357
59.9131, 310.357
59.9306, 310.357
59.958, 310.358
59.9713, 310.358
59.9791, 310.358
60.005, 310.358
60.018, 310.358
60.0434, 310.359
60.075, 310.359
60.1251, 310.359
60.1729, 310.36
60.1836, 310.36
60.2097, 310.36
60.2414, 310.361
60.2523, 310.361
60.2597, 310.361
60.3012, 310.361
60.3332, 310.362
60.3487, 310.362
60.3674, 310.362
60.4256, 310.363
60.4279, 310.363
60.4443, 310.363
60.468, 310.363
60.4793, 310.363
60.523, 310.364
60.5406, 310.364
60.58, 310.364
60.5917, 310.364
60.6058, 310.365
60.64, 310.365
60.6443, 310.365
60.6893, 310.365
60.7152, 310.366
60.7288, 310.366
60.7747, 310.366
60.8177, 310.367
60.839, 310.367
60.8504, 310.367
60.8622, 310.367
60.8827, 310.368
60.8998, 310.368
60.9179, 310.368
60.961, 310.369
60.9706, 310.369
60.99, 310.369
61.0103, 310.369
61.0606, 310.37
61.1102, 310.37
61.1172, 310.37
61.1585, 310.371
61.1729, 310.371
61.1979, 310.371
61.2145, 310.372
61.2485, 310.372
61.2692, 310.372
61.2892, 310.372
61.327, 310.373
61.3521, 310.373
61.3598, 310.373
61.366, 310.373
61.4013, 310.374
61.439, 310.374
61.4475, 310.374
61.4643, 310.375
61.4834, 310.375
61.5268, 310.375
61.5449, 310.376
61.5734, 310.376
61.5799, 310.376
61.585, 310.376
61.6155, 310.376
61.6477, 310.377
61.6517, 310.377
61.7001, 310.377
61.7173, 310.378
61.7237, 310.378
61.7326, 310.378
61.7465, 310.378
61.7826, 310.378
61.7949, 310.379
61.8143, 310.379
61.8388, 310.379
61.8459, 310.379
61.8808, 310.38
61.896, 310.38
61.9296, 310.38
61.9771, 310.381
61.9808, 310.381
61.9823, 310.381
61.9929, 310.381
62.0321, 310.382
62.0604, 310.382
62.0855, 310.382
62.0929, 310.383
62.094, 310.383
62.101, 310.383
62.1365, 310.383
62.1959, 310.384
62.225, 310.384
62.2413, 310.384
62.2503, 310.385
62.2636, 310.385
62.277, 310.385
62.2867, 310.385
62.3169, 310.386
62.3597, 310.386
62.3774, 310.386
62.4027, 310.387
62.4232, 310.387
62.4356, 310.387
62.4541, 310.387
62.4679, 310.388
62.517, 310.388
62.5229, 310.388
62.541, 310.389
62.5804, 310.389
62.5825, 310.389
62.5838, 310.389
62.6235, 310.39
62.6396, 310.39
62.6868, 310.391
62.6959, 310.391
62.7382, 310.391
62.7638, 310.392
62.7716, 310.392
62.7846, 310.392
62.8113, 310.392
62.8255, 310.393
62.8488, 310.393
62.8762, 310.393
62.9046, 310.394
62.92, 310.394
62.9476, 310.394
62.9599, 310.395
62.9899, 310.395
63.0463, 310.396
63.052, 310.396
63.0904, 310.397
63.1096, 310.397
63.1209, 310.397
63.1563, 310.398
63.1663, 310.398
63.1799, 310.398
63.2182, 310.398
63.2349, 310.399
63.2609, 310.399
63.2906, 310.4
63.2978, 310.4
63.351, 310.401
63.377, 310.401
63.4023, 310.401
63.4379, 310.402
63.4482, 310.402
63.4527, 310.402
63.484, 310.403
63.5162, 310.403
63.5165, 310.403
63.5168, 310.403
63.5241, 310.403
63.554, 310.404
63.5552, 310.404
63.5585, 310.404
63.5888, 310.404
63.6052, 310.405
63.6253, 310.405
63.6613, 310.405
63.6661, 310.406
63.7167, 310.406
63.7257, 310.407
63.7346, 310.407
63.7573, 310.407
63.7805, 310.407
63.8081, 310.408
63.8181, 310.408
63.8612, 310.409
63.8918, 310.409
63.9017, 310.409
63.9256, 310.41
63.9408, 310.41
63.9521, 310.41
63.9834, 310.411
64.0219, 310.411
64.0314, 310.412
64.0534, 310.412
64.0657, 310.412
64.0964, 310.413
64.1259, 310.413
64.1331, 310.413
64.1689, 310.414
64.1746, 310.414
64.2023, 310.415
64.2152, 310.415
64.2465, 310.415
64.2702, 310.416
64.3152, 310.417
64.328, 310.417
64.3539, 310.417
64.38, 310.418
64.4165, 310.418
64.434, 310.419
64.4468, 310.419
64.458, 310.419
64.4839, 310.42
64.5112, 310.42
64.5435, 310.421
64.5553, 310.421
64.5582, 310.421
64.5725, 310.421
64.5915, 310.422
64.6104, 310.422
64.6322, 310.422
64.6399, 310.422
64.6685, 310.423
64.7025, 310.424
64.7242, 310.424
64.7452, 310.424
64.761, 310.425
64.7709, 310.425
64.8233, 310.426
64.8612, 310.427
64.8697, 310.427
64.8804, 310.427
64.9186, 310.428
64.9569, 310.429
64.9773, 310.429
65.0147, 310.43
65.0216, 310.43
65.0574, 310.431
65.0631, 310.431
65.0643, 310.431
65.1087, 310.432
65.1123, 310.432
65.1506, 310.432
65.1508, 310.432
65.206, 310.434
65.216, 310.434
65.2368, 310.434
65.2568, 310.435
65.2888, 310.435
65.2943, 310.435
65.2973, 310.435
65.3053, 310.436
65.3171, 310.436
65.3257, 310.436
65.3385, 310.436
65.3457, 310.436
65.3471, 310.436
65.3523, 310.437
65.377, 310.437
65.3782, 310.437
65.394, 310.437
65.4083, 310.438
65.4252, 310.438
65.449, 310.439
65.4621, 310.439
65.4798, 310.439
65.494, 310.44
65.5371, 310.44
65.5376, 310.441
65.5681, 310.441
65.5944, 310.442
65.5996, 310.442
65.6036, 310.442
65.6412, 310.443
65.6483, 310.443
65.6759, 310.444
65.7026, 310.444
65.7331, 310.445
65.7544, 310.445
65.7787, 310.446
65.7804, 310.446
65.7826, 310.446
65.813, 310.447
65.848, 310.447
65.8551, 310.448
65.8908, 310.448
65.9113, 310.449
65.9372, 310.449
65.9509, 310.45
65.9926, 310.451
66.0133, 310.451
66.0437, 310.452
66.0673, 310.452
66.0807, 310.453
66.0908, 310.453
66.1266, 310.454
66.1332, 310.454
66.2013, 310.456
66.2034, 310.456
66.2442, 310.457
66.2608, 310.457
66.2964, 310.458
66.3002, 310.458
66.3073, 310.458
66.3434, 310.459
66.3618, 310.46
66.3789, 310.46
66.4213, 310.461
66.4592, 310.462
66.4596, 310.462
66.4749, 310.462
66.496, 310.463
66.5516, 310.464
66.5568, 310.465
66.5622, 310.465
66.5745, 310.465
66.6005, 310.466
66.6158, 310.466
66.6453, 310.467
66.6589, 310.467
66.691, 310.468
66.7244, 310.469
66.7458, 310.469
66.7755, 310.47
66.783, 310.47
66.8042, 310.471
66.8203, 310.471
66.8583, 310.473
66.8935, 310.473
66.9112, 310.474
66.9293, 310.474
66.9479, 310.475
66.9744, 310.476
66.9901, 310.476
67.0277, 310.477
67.0353, 310.477
67.0682, 310.478
67.0853, 310.479
67.112, 310.48
67.1347, 310.48
67.1557, 310.481
67.1997, 310.482
67.2087, 310.482
67.2108, 310.482
67.2342, 310.483
67.2459, 310.483
67.2476, 310.484
67.2796, 310.484
67.2863, 310.485
67.3062, 310.485
67.3196, 310.486
67.3562, 310.487
67.3674, 310.487
67.4015, 310.488
67.4104, 310.488
67.4487, 310.49
67.4596, 310.49
67.5014, 310.491
67.5689, 310.493
67.5831, 310.494
67.5986, 310.494
67.6103, 310.495
67.6433, 310.496
67.6664, 310.496
67.6729, 310.497
67.7115, 310.498
67.7263, 310.498
67.7551, 310.499
67.7735, 310.5
67.8236, 310.501
67.8352, 310.502
67.8595, 310.503
67.8625, 310.503
67.898, 310.504
67.9102, 310.504
67.9503, 310.506
67.9557, 310.506
68.0009, 310.507
68.0054, 310.508
68.0448, 310.509
68.0511, 310.509
68.0802, 310.51
68.0854, 310.51
68.1314, 310.512
68.1519, 310.513
68.1653, 310.513
68.2086, 310.515
68.2259, 310.515
68.2527, 310.516
68.2636, 310.516
68.3093, 310.518
68.3332, 310.519
68.3417, 310.519
68.3444, 310.519
68.4104, 310.522
68.4158, 310.522
68.4535, 310.523
68.4822, 310.524
68.4949, 310.525
68.5425, 310.526
68.5565, 310.527
68.5805, 310.528
68.589, 310.528
68.6121, 310.529
68.6549, 310.531
68.6803, 310.532
68.6846, 310.532
68.6922, 310.532
68.6988, 310.532
68.7487, 310.534
68.7976, 310.536
68.81, 310.536
68.8572, 310.538
68.8778, 310.539
68.8865, 310.539
68.8915, 310.539
68.9167, 310.54
68.9469, 310.542
68.9568, 310.542
69.0077, 310.544
69.0143, 310.544
69.0223, 310.544
69.0302, 310.545
69.0454, 310.545
69.0622, 310.546
69.1225, 310.548
69.1384, 310.549
69.1715, 310.55
69.1819, 310.55
69.1951, 310.551
69.2257, 310.552
69.24, 310.552
69.2758, 310.554
69.2859, 310.554
69.2949, 310.554
69.3079, 310.555
69.3385, 310.556
69.3672, 310.557
69.3739, 310.557
69.3989, 310.558
69.4234, 310.559
69.4405, 310.56
69.4517, 310.56
69.4749, 310.561
69.4805, 310.561
69.5014, 310.562
69.5178, 310.563
69.5478, 310.564
69.5564, 310.564
69.5942, 310.565
69.6005, 310.566
69.6433, 310.567
69.6847, 310.569
69.6884, 310.569
69.7231, 310.57
69.761, 310.571
69.7658, 310.572
69.7777, 310.572
69.8049, 310.573
69.8192, 310.573
69.8286, 310.574
69.8685, 310.575
69.8706, 310.575
69.8717, 310.575
69.8765, 310.575
69.8991, 310.576
69.9157, 310.577
69.9632, 310.578
69.9735, 310.579
69.9917, 310.579
70.0088, 310.58
70.0299, 310.581
70.0469, 310.581
70.0589, 310.581
70.1149, 310.583
70.1266, 310.584
70.1671, 310.585
70.2032, 310.586
70.2492, 310.588
70.25, 310.588
70.2815, 310.589
70.3024, 310.589
70.3558, 310.591
70.3819, 310.592
70.4223, 310.593
70.4451, 310.593
70.4682, 310.594
70.5065, 310.595
70.5397, 310.596
70.545, 310.596
70.5837, 310.597
70.5861, 310.597
70.6099, 310.598
70.6257, 310.599
70.6308, 310.599
70.6638, 310.6
70.6965, 310.6
70.7058, 310.601
70.7123, 310.601
70.7515, 310.602
70.76, 310.602
70.7846, 310.603
70.7999, 310.603
70.8126, 310.603
70.8339, 310.604
70.8387, 310.604
70.859, 310.604
70.8771, 310.605
70.9067, 310.606
70.9615, 310.607
70.9775, 310.607
71.0064, 310.608
71.0544, 310.609
71.0593, 310.609
71.094, 310.61
71.0989, 310.61
71.137, 310.611
71.1524, 310.611
71.1548, 310.611
71.1745, 310.611
71.1835, 310.612
71.2068, 310.612
71.2135, 310.612
71.2546, 310.613
71.2583, 310.613
71.2604, 310.613
71.2653, 310.613
71.3007, 310.614
71.3392, 310.614
71.3617, 310.615
71.3868, 310.615
71.3921, 310.615
71.4191, 310.616
71.4409, 310.616
71.4868, 310.617
71.4955, 310.617
71.5238, 310.617
71.5473, 310.617
71.5489, 310.617
71.5905, 310.618
71.6027, 310.618
71.6223, 310.618
71.6433, 310.619
71.6697, 310.619
71.6947, 310.619
71.713, 310.619
71.727, 310.619
71.7495, 310.62
71.7725, 310.62
71.8152, 310.62
71.8655, 310.621
71.8656, 310.621
71.9146, 310.621
71.9164, 310.621
71.9251, 310.621
71.9663, 310.621
72.0012, 310.622
72.0133, 310.622
72.0427, 310.622
72.0677, 310.622
72.0858, 310.622
72.1134, 310.622
72.1288, 310.622
72.1495, 310.622
72.1755, 310.622
72.1826, 310.622
72.189, 310.622
72.2004, 310.622
72.2714, 310.622
72.2808, 310.622
72.2864, 310.622
72.3086, 310.622
72.3452, 310.622
72.3855, 310.622
72.4159, 310.622
72.4363, 310.622
72.4527, 310.622
72.4578, 310.622
72.4715, 310.622
72.4896, 310.622
72.5067, 310.622
72.5335, 310.622
72.5601, 310.622
72.593, 310.622
72.6523, 310.621
72.6672, 310.621
72.7121, 310.621
72.7403, 310.621
72.7612, 310.621
72.785, 310.62
72.7926, 310.62
72.8403, 310.62
72.8543, 310.62
72.871, 310.62
72.8885, 310.619
72.9344, 310.619
72.9499, 310.619
72.9805, 310.618
73.0207, 310.618
73.0558, 310.618
73.0873, 310.617
73.0983, 310.617
73.1422, 310.617
73.1796, 310.616
73.1826, 310.616
73.1917, 310.616
73.2133, 310.616
73.22, 310.615
73.2453, 310.615
73.2689, 310.615
73.2927, 310.614
73.3096, 310.614
73.3371, 310.614
73.3518, 310.613
73.3887, 310.613
73.3999, 310.613
73.4345, 310.612
73.4797, 310.611
73.4995, 310.611
73.5336, 310.61
73.5586, 310.61
73.5853, 310.609
73.6359, 310.608
73.6484, 310.608
73.6992, 310.607
73.7102, 310.607
73.7374, 310.606
73.7421, 310.606
73.767, 310.606
73.8158, 310.605
73.8215, 310.605
73.8491, 310.604
73.8703, 310.604
73.882, 310.603
73.9034, 310.603
73.9433, 310.602
73.9479, 310.602
73.957, 310.602
73.9591, 310.602
73.9661, 310.602
73.9713, 310.601
74.0464, 310.6
74.0594, 310.599
74.065, 310.599
74.0868, 310.599
74.1143, 310.598
74.12, 310.598
74.1228, 310.598
74.161, 310.597
74.1652, 310.597
74.1806, 310.597
74.2032, 310.596
74.2149, 310.596
74.2568, 310.595
74.2939, 310.594
74.3311, 310.593
74.3381, 310.593
74.3507, 310.593
74.3869, 310.592
74.4045, 310.591
74.4322, 310.591
74.4557, 310.59
74.4826, 310.589
74.4849, 310.589
74.5122, 310.589
74.5361, 310.588
74.5651, 310.587
74.5796, 310.587
74.5943, 310.586
74.6158, 310.586
74.6506, 310.585
74.6678, 310.584
74.7029, 310.584
74.7134, 310.583
74.7284, 310.583
74.7419, 310.583
74.7652, 310.582
74.8104, 310.581
74.8527, 310.58
74.8694, 310.579
74.8883, 310.579
74.9113, 310.578
74.9293, 310.578
74.9356, 310.577
74.9675, 310.577
74.9819, 310.576
75.0239, 310.575
75.077, 310.574
75.0816, 310.574
75.1159, 310.573
75.1628, 310.572
75.1736, 310.571
75.1932, 310.571
75.2237, 310.57
75.2472, 310.569
75.2731, 310.569
75.3025, 310.568
75.3038, 310.568
75.3346, 310.567
75.3624, 310.566
75.4115, 310.565
75.4191, 310.565
75.4266, 310.565
75.439, 310.564
75.4519, 310.564
75.4753, 310.563
75.4927, 310.563
75.5021, 310.563
75.5215, 310.562
75.5386, 310.562
75.5428, 310.562
75.569, 310.561
75.5975, 310.56
75.6262, 310.56
75.6484, 310.559
75.6645, 310.559
75.7073, 310.558
75.7186, 310.558
75.7544, 310.557
75.8007, 310.556
75.8026, 310.556
75.8374, 310.555
75.8569, 310.554
75.8819, 310.554
75.8995, 310.553
75.9337, 310.552
75.9709, 310.552
75.989, 310.551
76.0095, 310.551
76.0147, 310.551
76.0342, 310.55
76.0511, 310.55
76.0859, 310.549
76.0873, 310.549
76.0887, 310.549
76.1113, 310.549
76.1489, 310.548
76.1609, 310.547
76.1981, 310.547
76.2192, 310.546
76.2358, 310.546
76.2413, 310.546
76.2526, 310.546
76.2807, 310.545
76.3119, 310.544
76.3305, 310.544
76.3441, 310.544
76.3848, 310.543
76.424, 310.542
76.43, 310.542
76.4541, 310.542
76.4848, 310.541
76.4963, 310.541
76.5002, 310.541
76.504, 310.541
76.5285, 310.54
76.5483, 310.54
76.5632, 310.539
76.5944, 310.539
76.6065, 310.539
76.6122, 310.539
76.6675, 310.538
76.6964, 310.537
76.7197, 310.537
76.7393, 310.536
76.7541, 310.536
76.7906, 310.535
76.8034, 310.535
76.848, 310.534
76.8484, 310.534
76.8495, 310.534
76.8802, 310.534
76.8863, 310.534
76.908, 310.533
76.9306, 310.533
76.9847, 310.532
77.0303, 310.532
77.0424, 310.531
77.0796, 310.531
77.0827, 310.531
77.1146, 310.53
77.1385, 310.53
77.151, 310.53
77.1784, 310.529
77.2053, 310.529
77.2121, 310.529
77.2247, 310.529
77.2467, 310.528
77.2742, 310.528
77.2938, 310.528
77.322, 310.527
77.3591, 310.527
77.3615, 310.527
77.4044, 310.526
77.4309, 310.526
77.4778, 310.525
77.4779, 310.525
77.478, 310.525
77.5181, 310.525
77.5572, 310.524
77.5695, 310.524
77.5951, 310.524
77.6446, 310.523
77.6805, 310.523
77.6926, 310.522
77.6992, 310.522
77.702, 310.522
77.7237, 310.522
77.7394, 310.522
77.7565, 310.522
77.7927, 310.521
77.8253, 310.521
77.8954, 310.52
77.9178, 310.52
77.9553, 310.52
77.9574, 310.52
77.9588, 310.52
78.0201, 310.519
78.0258, 310.519
78.0433, 310.519
78.0601, 310.518
78.0747, 310.518
78.0802, 310.518
78.0951, 310.518
78.1588, 310.518
78.1667, 310.517
78.1729, 310.517
78.2196, 310.517
78.2207, 310.517
78.252, 310.517
78.2664, 310.517
78.3042, 310.516
78.3425, 310.516
78.3529, 310.516
78.3808, 310.516
78.4054, 310.515
78.4165, 310.515
78.4255, 310.515
78.4505, 310.515
78.4913, 310.515
78.4917, 310.515
78.5159, 310.514
78.5403, 310.514
78.5567, 310.514
78.5823, 310.514
78.6248, 310.514
78.6642, 310.513
78.6831, 310.513
78.71, 310.513
78.7541, 310.513
78.7769, 310.513
78.7981, 310.513
78.8495, 310.512
78.8862, 310.512
78.8909, 310.512
78.8939, 310.512
78.8998, 310.512
78.9295, 310.512
78.9674, 310.512
78.9845, 310.511
79.0258, 310.511
79.0508, 310.511
79.0677, 310.511
79.1298, 310.511
79.1679, 310.51
79.1762, 310.51
79.1935, 310.51
79.2166, 310.51
79.2359, 310.51
79.2629, 310.51
79.2872, 310.51
79.298, 310.51
79.3196, 310.51
79.3239, 310.51
79.3604, 310.51
79.3999, 310.51
79.4201, 310.509
79.4313, 310.509
79.4592, 310.509
79.4763, 310.509
79.4909, 310.509
79.5404, 310.509
79.5429, 310.509
79.5682, 310.509
79.613, 310.509
79.6173, 310.509
79.6449, 310.509
79.6484, 310.509
79.6581, 310.509
79.6774, 310.509
79.6896, 310.509
79.7121, 310.509
79.7268, 310.509
79.7448, 310.509
79.7817, 310.509
79.7894, 310.509
79.8309, 310.508
79.8763, 310.508
79.8786, 310.508
79.8797, 310.508
79.8851, 310.508
79.9406, 310.508
80, 310.508
80.125, 310.504
80, 310.508


