X,T
0, 310.15
0.0559827, 310.15
0.588155, 310.15
0.624765, 310.15
0.645815, 310.15
1.16732, 310.15
1.2204, 310.15
1.24565, 310.15
1.2638, 310.15
1.44722, 310.15
1.89225, 310.15
1.95226, 310.15
1.97737, 310.15
2.05065, 310.15
2.6974, 310.15
2.88329, 310.15
2.89634, 310.15
2.91812, 310.15
3.39751, 310.15
3.47453, 310.15
3.50819, 310.15
3.58223, 310.15
3.9535, 310.15
3.97087, 310.15
4.14552, 310.15
4.56531, 310.15
4.75917, 310.15
4.77981, 310.15
4.84037, 310.15
4.85887, 310.15
5.17514, 310.15
5.19255, 310.15
5.62538, 310.15
5.66622, 310.15
5.66898, 310.15
5.68765, 310.15
6.12839, 310.15
6.34391, 310.15
6.36837, 310.15
6.55007, 310.15
6.82166, 310.15
6.86018, 310.15
7.00216, 310.15
7.07084, 310.15
7.37305, 310.15
7.39182, 310.15
7.61321, 310.15
7.63117, 310.15
7.74581, 310.15
7.90953, 310.15
8.43629, 310.15
8.45364, 310.15
8.47612, 310.15
8.63866, 310.15
9.1052, 310.15
9.31427, 310.15
9.3416, 310.15
9.8098, 310.15
9.86314, 310.15
9.87994, 310.15
9.88396, 310.15
10.5012, 310.15
10.5243, 310.15
10.5466, 310.15
10.5834, 310.15
10.6078, 310.15
10.6274, 310.15
10.9135, 310.15
10.9303, 310.15
11.2976, 310.15
11.3157, 310.15
11.5368, 310.15
11.554, 310.15
11.6962, 310.15
11.7217, 310.15
12.2228, 310.15
12.3043, 310.15
12.4754, 310.15
12.7931, 310.15
12.8118, 310.15
13.1517, 310.15
13.2919, 310.15
13.3646, 310.15
13.3841, 310.15
13.9631, 310.15
13.9827, 310.15
14.0892, 310.15
14.1074, 310.15
14.4348, 310.15
14.5133, 310.15
14.681, 310.15
14.7124, 310.15
14.7339, 310.15
14.7804, 310.15
15.1973, 310.15
15.2144, 310.15
15.6465, 310.15
15.685, 310.15
15.688, 310.15
15.6965, 310.15
15.7114, 310.15
15.7221, 310.15
16.227, 310.15
16.3946, 310.15
16.4002, 310.15
16.4194, 310.15
16.4655, 310.15
17.0899, 310.15
17.1054, 310.15
17.293, 310.15
17.5638, 310.15
17.5687, 310.15
17.765, 310.15
17.7727, 310.15
17.7916, 310.15
18.1115, 310.15
18.1412, 310.15
18.4075, 310.15
18.4235, 310.15
18.7365, 310.15
18.9303, 310.15
18.9437, 310.15
19.1491, 310.15
19.4302, 310.15
19.4459, 310.15
19.6891, 310.15
19.7355, 310.15
19.9486, 310.15
19.9704, 310.15
20.1943, 310.15
20.4804, 310.15
20.724, 310.15
21.1768, 310.15
21.1873, 310.15
21.2, 310.15
21.2096, 310.15
21.5176, 310.15
21.5453, 310.15
21.6607, 310.15
21.8193, 310.15
22.1861, 310.15
22.2139, 310.15
22.594, 310.15
22.793, 310.15
22.8962, 310.15
22.9086, 310.15
23.3688, 310.15
23.4854, 310.15
23.5055, 310.15
23.7615, 310.15
24.0871, 310.15
24.1068, 310.15
24.5007, 310.15
24.6134, 310.15
24.742, 310.15
24.7781, 310.15
25.1961, 310.15
25.6308, 310.15
25.6545, 310.15
25.7598, 310.15
25.7769, 310.15
26.2351, 310.15
26.2619, 310.15
26.2748, 310.15
26.2768, 310.15
26.6792, 310.15
26.695, 310.15
27.0548, 310.15
27.1349, 310.15
27.1531, 310.15
27.2331, 310.15
27.7518, 310.15
27.9994, 310.15
28.0238, 310.15
28.4211, 310.15
28.5167, 310.15
28.5413, 310.15
29.1754, 310.15
29.177, 310.15
29.1804, 310.15
29.2002, 310.15
29.6178, 310.15
29.6367, 310.15
29.9416, 310.15
30.2518, 310.15
30.267, 310.15
30.8111, 310.15
30.8115, 310.15
30.8122, 310.15
30.8282, 310.15
30.8291, 310.15
30.8291, 310.15
30.8508, 310.15
31.3004, 310.15
31.3009, 310.15
31.3013, 310.15
31.3026, 310.15
31.3435, 310.15
31.7537, 310.15
31.8764, 310.15
31.9012, 310.15
32.2614, 310.15
32.6381, 310.15
32.7569, 310.15
32.7892, 310.15
32.8076, 310.15
33.5529, 310.15
33.5804, 310.15
33.5892, 310.15
33.598, 310.15
33.7687, 310.15
34.0164, 310.151
34.0445, 310.151
34.0834, 310.151
34.4663, 310.151
34.7383, 310.151
35.0894, 310.151
35.1325, 310.151
35.1539, 310.151
35.2212, 310.151
35.2447, 310.151
35.8429, 310.151
36.0434, 310.151
36.0567, 310.151
36.5353, 310.151
36.563, 310.151
36.5825, 310.151
37.1073, 310.151
37.3279, 310.152
37.3411, 310.152
37.6279, 310.152
38.0221, 310.152
38.0448, 310.152
38.1816, 310.152
38.6202, 310.152
38.6715, 310.152
38.9053, 310.153
38.9208, 310.153
39.0046, 310.153
39.6681, 310.153
39.6963, 310.153
39.6969, 310.153
39.739, 310.153
40.2975, 310.154
40.3907, 310.154
40.6588, 310.155
40.8152, 310.155
40.8612, 310.155
40.902, 310.155
41.2526, 310.155
41.4786, 310.156
41.7808, 310.156
41.7973, 310.157
41.8093, 310.157
42.1715, 310.157
42.3289, 310.158
42.467, 310.158
42.4836, 310.158
42.7902, 310.159
42.807, 310.159
43.0537, 310.16
43.516, 310.161
43.5465, 310.161
43.6061, 310.162
43.6374, 310.162
43.7945, 310.162
43.8543, 310.163
43.9329, 310.163
44.2495, 310.164
44.2587, 310.164
44.3201, 310.165
44.475, 310.166
44.5063, 310.166
44.9327, 310.168
44.9455, 310.168
45.1452, 310.169
45.1723, 310.169
45.1965, 310.17
45.6368, 310.173
45.859, 310.174
45.8673, 310.174
45.885, 310.174
46.2379, 310.177
46.4874, 310.18
46.5026, 310.18
46.86, 310.184
47.2083, 310.188
47.2299, 310.188
47.523, 310.192
47.5694, 310.192
47.6313, 310.193
47.6505, 310.193
47.8555, 310.196
47.8803, 310.197
48.1427, 310.201
48.3725, 310.205
48.5935, 310.209
48.8633, 310.215
48.8825, 310.216
48.8985, 310.216
49.3767, 310.228
49.4419, 310.23
49.4615, 310.23
49.4845, 310.231
49.5058, 310.232
49.5666, 310.234
49.6611, 310.237
49.7603, 310.24
49.7791, 310.241
49.8085, 310.243
49.8607, 310.245
49.9284, 310.25
50, 310.255
50.0388, 310.255
50.071, 310.255
50.0878, 310.255
50.0925, 310.255
50.1406, 310.255
50.1717, 310.256
50.1867, 310.256
50.214, 310.256
50.2293, 310.256
50.2407, 310.256
50.2907, 310.256
50.3428, 310.256
50.3535, 310.256
50.3856, 310.256
50.4205, 310.256
50.4273, 310.256
50.4312, 310.256
50.4462, 310.256
50.4636, 310.256
50.4928, 310.256
50.5061, 310.256
50.5143, 310.256
50.5777, 310.256
50.5798, 310.256
50.5842, 310.256
50.6147, 310.256
50.6531, 310.256
50.6603, 310.256
50.7002, 310.257
50.7035, 310.257
50.7039, 310.257
50.7496, 310.257
50.7867, 310.257
50.7908, 310.257
50.8249, 310.257
50.8283, 310.257
50.8423, 310.257
50.8823, 310.257
50.8901, 310.257
50.917, 310.257
50.9269, 310.257
50.9552, 310.257
50.9667, 310.257
50.9909, 310.257
51.0069, 310.257
51.0318, 310.257
51.0362, 310.257
51.0776, 310.257
51.0817, 310.257
51.0937, 310.257
51.1162, 310.257
51.1748, 310.258
51.181, 310.258
51.2028, 310.258
51.2125, 310.258
51.217, 310.258
51.2409, 310.258
51.2568, 310.258
51.2764, 310.258
51.3122, 310.258
51.3227, 310.258
51.3363, 310.258
51.3746, 310.258
51.3974, 310.258
51.4252, 310.258
51.4591, 310.258
51.4624, 310.258
51.4997, 310.258
51.5175, 310.258
51.5383, 310.258
51.555, 310.258
51.5966, 310.258
51.5991, 310.258
51.6208, 310.259
51.6473, 310.259
51.688, 310.259
51.7028, 310.259
51.7112, 310.259
51.7377, 310.259
51.7782, 310.259
51.7887, 310.259
51.8071, 310.259
51.8295, 310.259
51.8667, 310.259
51.8755, 310.259
51.881, 310.259
51.9477, 310.259
51.978, 310.259
52.0004, 310.259
52.0318, 310.259
52.091, 310.26
52.1027, 310.26
52.1052, 310.26
52.1655, 310.26
52.189, 310.26
52.2265, 310.26
52.2308, 310.26
52.2367, 310.26
52.2519, 310.26
52.2792, 310.26
52.2956, 310.26
52.3382, 310.26
52.3555, 310.26
52.3723, 310.26
52.3877, 310.26
52.4223, 310.26
52.4379, 310.26
52.4495, 310.26
52.4808, 310.26
52.5274, 310.26
52.5468, 310.26
52.5664, 310.261
52.5848, 310.261
52.6005, 310.261
52.6302, 310.261
52.6534, 310.261
52.6684, 310.261
52.682, 310.261
52.736, 310.261
52.7406, 310.261
52.7473, 310.261
52.7822, 310.261
52.8196, 310.261
52.8268, 310.261
52.844, 310.261
52.8679, 310.261
52.8868, 310.261
52.9096, 310.261
52.9285, 310.261
52.933, 310.261
52.9715, 310.261
52.9878, 310.261
53.0085, 310.261
53.0279, 310.261
53.0711, 310.262
53.0722, 310.262
53.0724, 310.262
53.1041, 310.262
53.1128, 310.262
53.1321, 310.262
53.1686, 310.262
53.1996, 310.262
53.2114, 310.262
53.2174, 310.262
53.2503, 310.262
53.2833, 310.262
53.3327, 310.262
53.3475, 310.262
53.3675, 310.262
53.4001, 310.262
53.4111, 310.262
53.4382, 310.262
53.4516, 310.262
53.4619, 310.262
53.4954, 310.262
53.5179, 310.262
53.554, 310.262
53.5655, 310.262
53.6061, 310.263
53.649, 310.263
53.6881, 310.263
53.7183, 310.263
53.7218, 310.263
53.731, 310.263
53.7615, 310.263
53.7978, 310.263
53.8238, 310.263
53.8291, 310.263
53.8331, 310.263
53.9398, 310.263
53.9399, 310.263
53.9399, 310.263
54.0118, 310.263
54.0119, 310.263
54.0122, 310.263
54.0406, 310.263
54.0753, 310.263
54.0893, 310.263
54.1224, 310.263
54.1626, 310.263
54.167, 310.264
54.2156, 310.264
54.2218, 310.264
54.23, 310.264
54.2625, 310.264
54.2915, 310.264
54.3004, 310.264
54.3077, 310.264
54.3261, 310.264
54.3516, 310.264
54.3574, 310.264
54.4076, 310.264
54.4168, 310.264
54.4703, 310.264
54.4906, 310.264
54.5477, 310.264
54.5628, 310.264
54.6031, 310.264
54.6068, 310.264
54.6114, 310.264
54.6492, 310.264
54.6703, 310.264
54.7171, 310.264
54.7284, 310.264
54.7508, 310.264
54.778, 310.265
54.7856, 310.265
54.7921, 310.265
54.8412, 310.265
54.848, 310.265
54.8935, 310.265
54.9351, 310.265
54.9485, 310.265
54.968, 310.265
54.9845, 310.265
55.0171, 310.265
55.0173, 310.265
55.0173, 310.265
55.0182, 310.265
55.0634, 310.265
55.072, 310.265
55.0856, 310.265
55.1287, 310.265
55.1344, 310.265
55.1714, 310.265
55.1993, 310.265
55.2109, 310.265
55.2164, 310.265
55.2379, 310.265
55.2663, 310.265
55.2721, 310.265
55.2945, 310.265
55.3028, 310.265
55.3039, 310.265
55.3625, 310.265
55.374, 310.265
55.3946, 310.265
55.4262, 310.266
55.45, 310.266
55.4704, 310.266
55.4725, 310.266
55.5106, 310.266
55.5279, 310.266
55.5473, 310.266
55.573, 310.266
55.5882, 310.266
55.6057, 310.266
55.6095, 310.266
55.6167, 310.266
55.6257, 310.266
55.6687, 310.266
55.684, 310.266
55.7037, 310.266
55.7203, 310.266
55.7439, 310.266
55.755, 310.266
55.785, 310.266
55.7906, 310.266
55.7957, 310.266
55.8236, 310.266
55.8765, 310.266
55.8809, 310.266
55.9095, 310.266
55.9431, 310.266
55.9566, 310.266
55.9941, 310.266
56.0316, 310.266
56.034, 310.266
56.038, 310.266
56.0787, 310.266
56.1177, 310.267
56.1215, 310.267
56.126, 310.267
56.1606, 310.267
56.1973, 310.267
56.2105, 310.267
56.2262, 310.267
56.2622, 310.267
56.2924, 310.267
56.3163, 310.267
56.3373, 310.267
56.3543, 310.267
56.3833, 310.267
56.4047, 310.267
56.4338, 310.267
56.4406, 310.267
56.4474, 310.267
56.472, 310.267
56.5041, 310.267
56.5111, 310.267
56.5652, 310.267
56.5683, 310.267
56.5708, 310.267
56.5762, 310.267
56.624, 310.267
56.6683, 310.267
56.6814, 310.267
56.6992, 310.267
56.7409, 310.267
56.7653, 310.267
56.7829, 310.267
56.8021, 310.267
56.8536, 310.268
56.8589, 310.268
56.8599, 310.268
56.862, 310.268
56.9107, 310.268
56.9206, 310.268
56.9721, 310.268
56.979, 310.268
57.0091, 310.268
57.0169, 310.268
57.0286, 310.268
57.0449, 310.268
57.068, 310.268
57.0899, 310.268
57.1154, 310.268
57.1561, 310.268
57.1677, 310.268
57.1809, 310.268
57.1978, 310.268
57.2198, 310.268
57.2535, 310.268
57.2707, 310.268
57.3, 310.268
57.3172, 310.268
57.3352, 310.268
57.37, 310.268
57.3784, 310.268
57.4149, 310.268
57.43, 310.268
57.4375, 310.268
57.4728, 310.268
57.4796, 310.268
57.4941, 310.268
57.5352, 310.268
57.5597, 310.268
57.5735, 310.268
57.595, 310.268
57.6321, 310.268
57.6629, 310.269
57.6669, 310.269
57.6697, 310.269
57.6905, 310.269
57.7291, 310.269
57.7541, 310.269
57.7888, 310.269
57.8054, 310.269
57.8164, 310.269
57.8348, 310.269
57.8651, 310.269
57.8834, 310.269
57.9227, 310.269
57.9303, 310.269
57.9916, 310.269
58.0376, 310.269
58.0413, 310.269
58.0427, 310.269
58.0458, 310.269
58.1238, 310.269
58.1301, 310.269
58.133, 310.269
58.1679, 310.269
58.1869, 310.269
58.2219, 310.269
58.2545, 310.269
58.2585, 310.269
58.2869, 310.269
58.3163, 310.269
58.3323, 310.269
58.3776, 310.269
58.4002, 310.269
58.4273, 310.269
58.4406, 310.269
58.46, 310.269
58.4766, 310.269
58.4982, 310.269
58.5294, 310.269
58.535, 310.269
58.5523, 310.27
58.5987, 310.27
58.6034, 310.27
58.6423, 310.27
58.6593, 310.27
58.6911, 310.27
58.6954, 310.27
58.7433, 310.27
58.7744, 310.27
58.7861, 310.27
58.7964, 310.27
58.8115, 310.27
58.8426, 310.27
58.8513, 310.27
58.8546, 310.27
58.8624, 310.27
58.9022, 310.27
58.9389, 310.27
58.9452, 310.27
58.9562, 310.27
58.9902, 310.27
59.0161, 310.27
59.0229, 310.27
59.0398, 310.27
59.0739, 310.27
59.0905, 310.27
59.0935, 310.27
59.1372, 310.27
59.1536, 310.27
59.1723, 310.27
59.2032, 310.27
59.2054, 310.27
59.2063, 310.27
59.2356, 310.27
59.274, 310.27
59.2742, 310.27
59.3245, 310.27
59.3274, 310.27
59.3687, 310.27
59.3693, 310.27
59.3972, 310.27
59.4182, 310.27
59.4389, 310.27
59.4531, 310.27
59.4895, 310.27
59.5016, 310.27
59.5294, 310.27
59.5587, 310.271
59.5599, 310.271
59.6117, 310.271
59.6386, 310.271
59.6432, 310.271
59.6505, 310.271
59.679, 310.271
59.6836, 310.271
59.6968, 310.271
59.741, 310.271
59.7512, 310.271
59.7667, 310.271
59.8193, 310.271
59.8197, 310.271
59.8698, 310.271
59.8763, 310.271
59.8875, 310.271
59.9056, 310.271
59.9665, 310.271
59.9728, 310.271
60.014, 310.271
60.0463, 310.271
60.0703, 310.271
60.1088, 310.271
60.1153, 310.271
60.1475, 310.271
60.1723, 310.271
60.2089, 310.271
60.2215, 310.271
60.259, 310.271
60.3024, 310.271
60.3041, 310.271
60.3471, 310.271
60.3581, 310.271
60.3589, 310.271
60.396, 310.271
60.4086, 310.271
60.432, 310.271
60.4744, 310.271
60.4806, 310.271
60.5318, 310.271
60.5615, 310.271
60.6013, 310.271
60.6059, 310.271
60.6128, 310.271
60.6597, 310.271
60.6689, 310.271
60.6753, 310.271
60.7093, 310.272
60.7209, 310.272
60.7637, 310.272
60.7735, 310.272
60.785, 310.272
60.8126, 310.272
60.8224, 310.272
60.8731, 310.272
60.9216, 310.272
60.9261, 310.272
60.9295, 310.272
60.9396, 310.272
60.9805, 310.272
61.0419, 310.272
61.0459, 310.272
61.0549, 310.272
61.0838, 310.272
61.12, 310.272
61.1432, 310.272
61.1592, 310.272
61.1788, 310.272
61.2053, 310.272
61.2274, 310.272
61.2738, 310.272
61.2927, 310.272
61.3306, 310.272
61.3334, 310.272
61.3397, 310.272
61.3597, 310.272
61.3679, 310.272
61.3783, 310.272
61.4049, 310.272
61.4114, 310.272
61.455, 310.272
61.4622, 310.272
61.492, 310.272
61.5096, 310.272
61.5256, 310.272
61.556, 310.272
61.5946, 310.272
61.6076, 310.272
61.6279, 310.272
61.6453, 310.272
61.6779, 310.272
61.711, 310.272
61.7113, 310.272
61.744, 310.272
61.754, 310.272
61.771, 310.272
61.7944, 310.272
61.8094, 310.272
61.8226, 310.272
61.8478, 310.272
61.8545, 310.272
61.8819, 310.272
61.904, 310.272
61.9312, 310.272
61.9416, 310.272
61.9515, 310.272
61.969, 310.272
61.9702, 310.272
61.972, 310.272
62.0147, 310.272
62.0606, 310.272
62.0893, 310.272
62.1003, 310.273
62.1071, 310.273
62.1518, 310.273
62.1566, 310.273
62.1594, 310.273
62.1921, 310.273
62.2056, 310.273
62.2087, 310.273
62.2312, 310.273
62.2507, 310.273
62.2877, 310.273
62.292, 310.273
62.3376, 310.273
62.349, 310.273
62.4031, 310.273
62.4151, 310.273
62.4275, 310.273
62.4358, 310.273
62.4738, 310.273
62.4832, 310.273
62.493, 310.273
62.5104, 310.273
62.5214, 310.273
62.548, 310.273
62.5798, 310.273
62.5893, 310.273
62.6143, 310.273
62.6184, 310.273
62.6502, 310.273
62.6955, 310.273
62.7422, 310.273
62.7447, 310.273
62.747, 310.273
62.7801, 310.273
62.7983, 310.273
62.8219, 310.273
62.8421, 310.273
62.8667, 310.273
62.8748, 310.273
62.8825, 310.273
62.8963, 310.273
62.9193, 310.273
62.9597, 310.273
62.9754, 310.273
63.0149, 310.273
63.0358, 310.273
63.0525, 310.273
63.102, 310.273
63.1027, 310.273
63.1035, 310.273
63.1833, 310.273
63.1978, 310.273
63.2263, 310.273
63.2387, 310.273
63.2652, 310.273
63.2978, 310.273
63.321, 310.273
63.3313, 310.273
63.3562, 310.273
63.3747, 310.273
63.4016, 310.273
63.4109, 310.273
63.4199, 310.273
63.4495, 310.273
63.4893, 310.273
63.4921, 310.273
63.4936, 310.273
63.5455, 310.273
63.5456, 310.273
63.5713, 310.273
63.5828, 310.273
63.6036, 310.273
63.6163, 310.273
63.6524, 310.273
63.6698, 310.273
63.7007, 310.273
63.7367, 310.273
63.7561, 310.273
63.8152, 310.273
63.8297, 310.273
63.8397, 310.273
63.8738, 310.274
63.9012, 310.274
63.9254, 310.274
63.9493, 310.274
63.9903, 310.274
64.0103, 310.274
64.0148, 310.274
64.0396, 310.274
64.0511, 310.274
64.0925, 310.274
64.1119, 310.274
64.131, 310.274
64.1682, 310.274
64.1796, 310.274
64.2148, 310.274
64.2324, 310.274
64.2818, 310.274
64.2969, 310.274
64.3147, 310.274
64.3341, 310.274
64.3521, 310.274
64.3698, 310.274
64.3872, 310.274
64.4455, 310.274
64.4466, 310.274
64.4479, 310.274
64.4864, 310.274
64.5191, 310.274
64.543, 310.274
64.5698, 310.274
64.5825, 310.274
64.6051, 310.274
64.6341, 310.274
64.6395, 310.274
64.6835, 310.274
64.7068, 310.274
64.7255, 310.274
64.7422, 310.274
64.7763, 310.274
64.7862, 310.274
64.8039, 310.274
64.8166, 310.274
64.85, 310.274
64.8734, 310.274
64.8974, 310.274
64.9413, 310.274
64.9484, 310.274
64.9753, 310.274
65.0113, 310.274
65.0389, 310.274
65.055, 310.274
65.058, 310.274
65.0856, 310.274
65.1232, 310.274
65.1446, 310.274
65.1474, 310.274
65.1526, 310.274
65.1876, 310.274
65.225, 310.274
65.2356, 310.274
65.2488, 310.274
65.2822, 310.274
65.3337, 310.274
65.3468, 310.274
65.3946, 310.274
65.4128, 310.274
65.4396, 310.274
65.4794, 310.274
65.496, 310.274
65.5313, 310.274
65.539, 310.274
65.576, 310.274
65.606, 310.274
65.6349, 310.274
65.6993, 310.274
65.7194, 310.274
65.7366, 310.274
65.7562, 310.274
65.7772, 310.274
65.796, 310.274
65.8143, 310.274
65.8248, 310.274
65.8643, 310.274
65.8708, 310.274
65.8811, 310.274
65.9287, 310.274
65.9532, 310.274
65.9717, 310.274
65.9892, 310.274
66.0336, 310.274
66.0511, 310.274
66.0868, 310.274
66.0895, 310.274
66.1329, 310.274
66.1447, 310.274
66.1884, 310.274
66.1893, 310.274
66.2301, 310.274
66.2338, 310.274
66.2802, 310.274
66.3082, 310.274
66.3222, 310.274
66.391, 310.274
66.3979, 310.274
66.4091, 310.274
66.4556, 310.274
66.4806, 310.274
66.5052, 310.274
66.5369, 310.274
66.5531, 310.274
66.5808, 310.274
66.5817, 310.274
66.6261, 310.274
66.6269, 310.274
66.6278, 310.274
66.6304, 310.274
66.6744, 310.274
66.7428, 310.275
66.7468, 310.275
66.7498, 310.275
66.7915, 310.275
66.8173, 310.275
66.8401, 310.275
66.8716, 310.275
66.8846, 310.275
66.9082, 310.275
66.9471, 310.275
66.9708, 310.275
66.989, 310.275
67.0385, 310.275
67.039, 310.275
67.0701, 310.275
67.1048, 310.275
67.1262, 310.275
67.1764, 310.275
67.1868, 310.275
67.2155, 310.275
67.2261, 310.275
67.2614, 310.275
67.304, 310.275
67.3254, 310.275
67.3296, 310.275
67.3633, 310.275
67.3729, 310.275
67.4106, 310.275
67.4297, 310.275
67.4824, 310.275
67.4848, 310.275
67.4865, 310.275
67.5327, 310.275
67.5526, 310.275
67.5919, 310.275
67.6053, 310.275
67.6144, 310.275
67.6257, 310.275
67.6512, 310.275
67.6595, 310.275
67.6662, 310.275
67.6851, 310.275
67.6922, 310.275
67.7149, 310.275
67.753, 310.275
67.7638, 310.275
67.7658, 310.275
67.8012, 310.275
67.805, 310.275
67.8064, 310.275
67.8147, 310.275
67.8421, 310.275
67.8777, 310.275
67.8958, 310.275
67.9415, 310.275
67.9463, 310.275
67.9653, 310.275
67.9755, 310.275
67.9767, 310.275
68.0016, 310.275
68.0242, 310.275
68.045, 310.275
68.0597, 310.275
68.0968, 310.275
68.1299, 310.275
68.1307, 310.275
68.1315, 310.275
68.1681, 310.275
68.1863, 310.275
68.2146, 310.275
68.2222, 310.275
68.2308, 310.275
68.2618, 310.275
68.2722, 310.275
68.3026, 310.275
68.3032, 310.275
68.3043, 310.275
68.3066, 310.275
68.3669, 310.275
68.3694, 310.275
68.3949, 310.275
68.4303, 310.275
68.4596, 310.275
68.4679, 310.275
68.4818, 310.275
68.4954, 310.275
68.5317, 310.275
68.5321, 310.275
68.558, 310.275
68.5942, 310.275
68.6061, 310.275
68.616, 310.275
68.6295, 310.275
68.6444, 310.275
68.6505, 310.275
68.6731, 310.275
68.6997, 310.275
68.7072, 310.275
68.7227, 310.275
68.737, 310.275
68.7617, 310.275
68.7977, 310.275
68.8216, 310.275
68.8343, 310.275
68.8356, 310.275
68.8375, 310.275
68.9002, 310.275
68.911, 310.275
68.9276, 310.275
68.9741, 310.275
68.9849, 310.275
68.9879, 310.275
69.0425, 310.275
69.0466, 310.275
69.0612, 310.275
69.0779, 310.275
69.111, 310.275
69.1257, 310.275
69.1341, 310.275
69.1514, 310.275
69.1861, 310.275
69.2004, 310.275
69.216, 310.275
69.2529, 310.275
69.2593, 310.275
69.2834, 310.275
69.3059, 310.275
69.3215, 310.275
69.3528, 310.275
69.3606, 310.275
69.4102, 310.275
69.4225, 310.275
69.4562, 310.275
69.4612, 310.275
69.4801, 310.275
69.4973, 310.275
69.5279, 310.275
69.5418, 310.275
69.5604, 310.275
69.568, 310.275
69.6061, 310.275
69.6212, 310.275
69.6349, 310.275
69.6615, 310.275
69.7043, 310.275
69.7249, 310.275
69.7394, 310.275
69.765, 310.275
69.7827, 310.275
69.8069, 310.275
69.8412, 310.275
69.8456, 310.275
69.8596, 310.275
69.8781, 310.275
69.9188, 310.275
69.9239, 310.275
69.9314, 310.275
69.9708, 310.275
69.9893, 310.275
70.0203, 310.275
70.0333, 310.275
70.0514, 310.275
70.0836, 310.275
70.1042, 310.275
70.1258, 310.275
70.1644, 310.275
70.1739, 310.275
70.2144, 310.275
70.2239, 310.275
70.2565, 310.275
70.3048, 310.275
70.308, 310.275
70.3089, 310.275
70.3115, 310.275
70.3185, 310.275
70.3513, 310.275
70.3577, 310.275
70.3931, 310.275
70.4082, 310.275
70.4424, 310.275
70.4647, 310.275
70.4958, 310.275
70.502, 310.275
70.509, 310.275
70.5432, 310.275
70.5756, 310.275
70.5803, 310.275
70.6326, 310.275
70.6404, 310.275
70.6737, 310.275
70.6799, 310.275
70.6834, 310.275
70.7183, 310.275
70.7348, 310.275
70.7689, 310.275
70.7874, 310.275
70.8092, 310.275
70.827, 310.275
70.8664, 310.275
70.8671, 310.275
70.8707, 310.275
70.9202, 310.275
70.9366, 310.275
70.9735, 310.275
71.0086, 310.275
71.0244, 310.275
71.0616, 310.275
71.0727, 310.275
71.1115, 310.275
71.1152, 310.275
71.1577, 310.275
71.1922, 310.275
71.2125, 310.275
71.2218, 310.275
71.2772, 310.275
71.2838, 310.275
71.2961, 310.275
71.3197, 310.275
71.3661, 310.275
71.3762, 310.275
71.4125, 310.275
71.4225, 310.275
71.4542, 310.275
71.4701, 310.275
71.4928, 310.275
71.5308, 310.275
71.5408, 310.275
71.5878, 310.275
71.6132, 310.275
71.6312, 310.275
71.6327, 310.275
71.6363, 310.275
71.6724, 310.275
71.736, 310.275
71.7551, 310.275
71.7596, 310.275
71.7738, 310.275
71.8016, 310.275
71.8396, 310.275
71.8753, 310.275
71.8894, 310.275
71.9001, 310.275
71.9348, 310.275
71.9392, 310.275
71.9486, 310.275
71.9836, 310.275
72.0305, 310.275
72.035, 310.275
72.0432, 310.275
72.0751, 310.275
72.0798, 310.275
72.1049, 310.275
72.1433, 310.275
72.1515, 310.275
72.1581, 310.275
72.204, 310.275
72.2213, 310.275
72.2382, 310.275
72.2624, 310.275
72.2752, 310.275
72.2848, 310.275
72.3399, 310.275
72.3546, 310.275
72.3675, 310.275
72.3937, 310.274
72.4265, 310.274
72.4514, 310.274
72.4569, 310.274
72.4979, 310.274
72.5041, 310.274
72.5333, 310.274
72.5362, 310.274
72.5766, 310.274
72.5969, 310.274
72.6273, 310.274
72.65, 310.274
72.6608, 310.274
72.6698, 310.274
72.6823, 310.274
72.723, 310.274
72.7368, 310.274
72.7617, 310.274
72.7657, 310.274
72.7981, 310.274
72.8212, 310.274
72.8371, 310.274
72.8482, 310.274
72.861, 310.274
72.8807, 310.274
72.8885, 310.274
72.9222, 310.274
72.9382, 310.274
72.9995, 310.274
73.0092, 310.274
73.0409, 310.274
73.06, 310.274
73.0707, 310.274
73.1112, 310.274
73.1391, 310.274
73.1605, 310.274
73.1954, 310.274
73.2032, 310.274
73.2047, 310.274
73.231, 310.274
73.241, 310.274
73.2738, 310.274
73.279, 310.274
73.2817, 310.274
73.2857, 310.274
73.3369, 310.274
73.343, 310.274
73.3866, 310.274
73.3946, 310.274
73.4006, 310.274
73.4188, 310.274
73.4711, 310.274
73.4725, 310.274
73.4791, 310.274
73.5177, 310.274
73.5702, 310.274
73.5724, 310.274
73.5738, 310.274
73.644, 310.274
73.6771, 310.274
73.6939, 310.274
73.7059, 310.274
73.7466, 310.274
73.7848, 310.274
73.7948, 310.274
73.846, 310.274
73.8558, 310.274
73.9111, 310.274
73.9143, 310.274
73.9619, 310.274
73.9625, 310.274
73.9971, 310.274
73.9981, 310.274
74.0451, 310.274
74.0563, 310.274
74.0801, 310.274
74.0938, 310.274
74.1331, 310.274
74.1495, 310.274
74.1971, 310.274
74.2357, 310.274
74.2666, 310.274
74.299, 310.274
74.3297, 310.274
74.3367, 310.274
74.3656, 310.274
74.3785, 310.274
74.4099, 310.274
74.4293, 310.274
74.4495, 310.274
74.478, 310.274
74.5005, 310.274
74.5178, 310.274
74.522, 310.274
74.5489, 310.274
74.5725, 310.274
74.63, 310.274
74.636, 310.274
74.6373, 310.274
74.6646, 310.274
74.6843, 310.274
74.7392, 310.274
74.7445, 310.274
74.7488, 310.274
74.7995, 310.274
74.8255, 310.274
74.8647, 310.274
74.8656, 310.274
74.8953, 310.274
74.9044, 310.274
74.9078, 310.274
74.9336, 310.274
74.9499, 310.274
74.9969, 310.274
74.9986, 310.274
75.0263, 310.274
75.045, 310.274
75.0677, 310.274
75.1031, 310.274
75.1368, 310.274
75.1443, 310.274
75.1787, 310.274
75.1853, 310.274
75.2209, 310.274
75.281, 310.273
75.2922, 310.273
75.3178, 310.273
75.3499, 310.273
75.3724, 310.273
75.3827, 310.273
75.3892, 310.273
75.4229, 310.273
75.4274, 310.273
75.4708, 310.273
75.4768, 310.273
75.516, 310.273
75.5271, 310.273
75.5437, 310.273
75.5616, 310.273
75.5924, 310.273
75.6191, 310.273
75.6424, 310.273
75.6664, 310.273
75.6812, 310.273
75.6862, 310.273
75.7403, 310.273
75.7694, 310.273
75.7844, 310.273
75.8074, 310.273
75.8228, 310.273
75.8421, 310.273
75.8506, 310.273
75.8657, 310.273
75.8848, 310.273
75.9296, 310.273
75.9547, 310.273
75.9747, 310.273
75.9788, 310.273
75.9887, 310.273
76.0245, 310.273
76.0318, 310.273
76.0523, 310.273
76.0815, 310.273
76.0905, 310.273
76.1199, 310.273
76.1365, 310.273
76.1594, 310.273
76.1719, 310.273
76.2003, 310.273
76.2186, 310.273
76.2234, 310.273
76.2477, 310.273
76.2572, 310.273
76.2798, 310.273
76.2888, 310.273
76.2925, 310.273
76.3032, 310.273
76.3385, 310.273
76.3637, 310.273
76.369, 310.273
76.3737, 310.273
76.3748, 310.273
76.3937, 310.273
76.4133, 310.273
76.4256, 310.273
76.4568, 310.273
76.4701, 310.273
76.4765, 310.273
76.4946, 310.273
76.5219, 310.273
76.5509, 310.273
76.5663, 310.273
76.6049, 310.273
76.6219, 310.273
76.6362, 310.273
76.6593, 310.273
76.7032, 310.273
76.7138, 310.273
76.7483, 310.273
76.7675, 310.273
76.7761, 310.273
76.8064, 310.273
76.8277, 310.273
76.8332, 310.273
76.8645, 310.273
76.8652, 310.273
76.8653, 310.273
76.8655, 310.273
76.9278, 310.273
76.9615, 310.273
76.9812, 310.273
77.024, 310.273
77.035, 310.272
77.057, 310.272
77.0728, 310.272
77.0957, 310.272
77.1096, 310.272
77.1392, 310.272
77.1457, 310.272
77.1466, 310.272
77.1508, 310.272
77.1869, 310.272
77.2098, 310.272
77.221, 310.272
77.244, 310.272
77.2986, 310.272
77.3187, 310.272
77.324, 310.272
77.3561, 310.272
77.3649, 310.272
77.3807, 310.272
77.4056, 310.272
77.4596, 310.272
77.4672, 310.272
77.5035, 310.272
77.5261, 310.272
77.5376, 310.272
77.5456, 310.272
77.5687, 310.272
77.5863, 310.272
77.6051, 310.272
77.6208, 310.272
77.6427, 310.272
77.6558, 310.272
77.6763, 310.272
77.6794, 310.272
77.6902, 310.272
77.7095, 310.272
77.7421, 310.272
77.775, 310.272
77.7855, 310.272
77.8039, 310.272
77.8515, 310.272
77.8851, 310.272
77.8976, 310.272
77.9088, 310.272
77.9171, 310.272
77.9385, 310.272
77.9792, 310.272
77.9822, 310.272
78.0161, 310.272
78.0234, 310.272
78.0401, 310.272
78.082, 310.272
78.0982, 310.272
78.1361, 310.272
78.1376, 310.272
78.1386, 310.272
78.17, 310.272
78.2158, 310.272
78.223, 310.272
78.2574, 310.272
78.2823, 310.272
78.2983, 310.272
78.3224, 310.272
78.3445, 310.272
78.3771, 310.272
78.4008, 310.272
78.4106, 310.272
78.4496, 310.272
78.495, 310.271
78.4981, 310.271
78.5082, 310.271
78.5369, 310.271
78.5686, 310.271
78.5902, 310.271
78.5993, 310.271
78.6055, 310.271
78.6389, 310.271
78.6403, 310.271
78.6683, 310.271
78.6775, 310.271
78.7008, 310.271
78.7161, 310.271
78.7581, 310.271
78.8056, 310.271
78.8134, 310.271
78.866, 310.271
78.8867, 310.271
78.9091, 310.271
78.9412, 310.271
78.9818, 310.271
79.0071, 310.271
79.0177, 310.271
79.0616, 310.271
79.1038, 310.271
79.1435, 310.271
79.1814, 310.271
79.1917, 310.271
79.2056, 310.271
79.2324, 310.271
79.2889, 310.271
79.2904, 310.271
79.3432, 310.271
79.364, 310.271
79.4096, 310.271
79.4162, 310.271
79.4641, 310.271
79.4813, 310.271
79.5085, 310.271
79.5357, 310.271
79.5567, 310.271
79.5795, 310.271
79.5891, 310.271
79.6223, 310.271
79.6254, 310.271
79.6579, 310.271
79.6805, 310.271
79.6898, 310.271
79.726, 310.271
79.7375, 310.271
79.7461, 310.271
79.7827, 310.271
79.808, 310.27
79.854, 310.27
79.8738, 310.27
79.8887, 310.27
79.9435, 310.27
79.9443, 310.27
80, 310.27
80, 310.27


