X,T
6.61744e-18, 310.15
0.154094, 310.15
0.481385, 310.15
0.510392, 310.15
0.545103, 310.15
0.569391, 310.15
1.02125, 310.15
1.10744, 310.15
1.45307, 310.15
1.77783, 310.15
1.80257, 310.15
1.88227, 310.15
2.23788, 310.15
2.25009, 310.15
2.53761, 310.15
2.76229, 310.15
2.77699, 310.15
3.15373, 310.15
3.17381, 310.15
3.2619, 310.15
3.38492, 310.15
3.68931, 310.15
3.70514, 310.15
3.71784, 310.15
4.17117, 310.15
4.36107, 310.15
4.50695, 310.15
4.51805, 310.15
4.73286, 310.15
4.7566, 310.15
5.08371, 310.15
5.10486, 310.15
5.40396, 310.15
5.70351, 310.15
5.98585, 310.15
6.14006, 310.15
6.15547, 310.15
6.3123, 310.15
6.60903, 310.15
6.62103, 310.15
6.62907, 310.15
6.93823, 310.15
7.16769, 310.15
7.18815, 310.15
7.74565, 310.15
7.77759, 310.15
7.87601, 310.15
7.98935, 310.15
8.02261, 310.15
8.35178, 310.15
8.64382, 310.15
8.67319, 310.15
8.8678, 310.15
9.0367, 310.15
9.07009, 310.15
9.0952, 310.15
9.32686, 310.15
9.33578, 310.15
9.85575, 310.15
9.86538, 310.15
9.88413, 310.15
9.8911, 310.15
10.3943, 310.15
10.4126, 310.15
10.5423, 310.15
11.1055, 310.15
11.1698, 310.15
11.1875, 310.15
11.306, 310.15
11.6008, 310.15
11.7689, 310.15
11.7925, 310.15
12.0457, 310.15
12.5097, 310.15
12.5261, 310.15
12.6929, 310.15
13.2779, 310.15
13.328, 310.15
13.3445, 310.15
13.3639, 310.15
13.4655, 310.15
13.959, 310.15
14.0325, 310.15
14.0829, 310.15
14.4743, 310.15
14.4872, 310.15
14.4988, 310.15
14.7116, 310.15
15.1147, 310.15
15.1311, 310.15
15.1489, 310.15
15.4136, 310.15
15.692, 310.15
15.8061, 310.15
16.3436, 310.15
16.3692, 310.15
16.3808, 310.15
16.4118, 310.15
16.4224, 310.15
16.5448, 310.15
17.1519, 310.15
17.183, 310.15
17.2022, 310.15
17.2785, 310.15
17.8814, 310.15
18.275, 310.15
18.3052, 310.15
18.3844, 310.15
18.4339, 310.15
18.4526, 310.15
18.8572, 310.15
18.877, 310.15
19.4772, 310.15
19.5782, 310.15
19.5954, 310.15
19.6777, 310.15
20.2911, 310.15
20.3087, 310.15
20.541, 310.15
20.56, 310.15
20.7685, 310.15
21.2365, 310.15
21.2616, 310.15
21.3576, 310.15
21.5132, 310.15
21.5541, 310.15
21.9533, 310.15
21.9687, 310.15
21.9862, 310.15
22.0066, 310.15
22.3569, 310.15
22.522, 310.15
22.6058, 310.15
22.7228, 310.15
22.7782, 310.15
23.1539, 310.15
23.3694, 310.15
23.5918, 310.15
23.6153, 310.15
23.9394, 310.15
24.4533, 310.15
24.4596, 310.15
24.4783, 310.15
24.4868, 310.15
24.5079, 310.15
25.0712, 310.15
25.2414, 310.15
25.6351, 310.15
25.653, 310.15
25.6556, 310.15
25.6639, 310.15
25.7311, 310.15
26.2878, 310.15
26.3034, 310.15
26.5424, 310.15
26.5861, 310.15
26.8626, 310.15
26.9736, 310.15
26.9869, 310.15
27.0124, 310.15
27.2725, 310.15
27.7286, 310.15
27.744, 310.15
27.7505, 310.15
27.7626, 310.15
27.765, 310.15
27.91, 310.15
28.1905, 310.15
28.2279, 310.15
28.2509, 310.15
28.5253, 310.15
28.9023, 310.15
28.9629, 310.15
28.9778, 310.15
29.0202, 310.15
29.7016, 310.15
29.8002, 310.15
29.8264, 310.15
29.827, 310.15
29.8276, 310.15
29.8283, 310.15
29.8445, 310.15
29.8558, 310.15
30.7022, 310.15
30.7227, 310.15
30.756, 310.15
30.8089, 310.15
30.8484, 310.15
31.2431, 310.15
31.6234, 310.15
31.6427, 310.15
31.7687, 310.15
32.1687, 310.15
32.1833, 310.15
32.3161, 310.15
32.5916, 310.15
32.6117, 310.15
32.7003, 310.15
32.7214, 310.15
33.5843, 310.15
33.5857, 310.15
33.5871, 310.15
33.6011, 310.15
33.6091, 310.15
33.6168, 310.15
34.0711, 310.15
34.5658, 310.15
34.5892, 310.15
34.6024, 310.15
34.6168, 310.15
34.6447, 310.15
35.3334, 310.15
35.362, 310.15
35.5618, 310.15
35.5768, 310.15
35.5968, 310.15
35.9944, 310.15
36.3099, 310.15
36.3345, 310.15
36.4708, 310.15
36.4879, 310.15
36.5737, 310.15
37.3233, 310.15
37.3492, 310.15
37.3532, 310.15
37.3709, 310.15
37.3833, 310.15
37.9815, 310.15
38.0038, 310.15
38.2486, 310.151
38.2635, 310.151
38.5332, 310.151
38.5399, 310.151
39.0649, 310.151
39.1238, 310.151
39.1439, 310.151
39.1672, 310.151
39.1941, 310.151
39.2164, 310.151
39.6856, 310.151
39.9222, 310.151
40.1366, 310.151
40.42, 310.151
40.5394, 310.151
40.5581, 310.151
40.6848, 310.151
41.1187, 310.152
41.1355, 310.152
41.2761, 310.152
41.2963, 310.152
41.5388, 310.152
41.5552, 310.152
41.8187, 310.152
41.8338, 310.152
42.0414, 310.152
42.0588, 310.152
42.4333, 310.153
42.6218, 310.153
42.6415, 310.153
42.9423, 310.153
42.9613, 310.154
43.1446, 310.154
43.5457, 310.155
43.6701, 310.155
43.6849, 310.155
44.1415, 310.156
44.1998, 310.156
44.2069, 310.156
44.2713, 310.156
44.3157, 310.156
44.8471, 310.158
44.867, 310.158
45.2324, 310.159
45.4789, 310.16
45.4932, 310.16
45.829, 310.162
46.1489, 310.163
46.1686, 310.163
46.5528, 310.166
46.7517, 310.167
46.7654, 310.167
47.0839, 310.17
47.3891, 310.172
47.4035, 310.172
47.4306, 310.172
47.581, 310.174
47.9149, 310.177
48.2644, 310.182
48.4034, 310.184
48.4339, 310.184
48.9019, 310.192
48.9206, 310.192
48.9721, 310.193
49.144, 310.196
49.4165, 310.202
49.4566, 310.203
49.4711, 310.204
49.4925, 310.204
49.5733, 310.206
49.6562, 310.209
49.7286, 310.211
49.755, 310.212
49.7775, 310.212
49.8604, 310.216
49.878, 310.217
49.8881, 310.217
49.9359, 310.22
49.9456, 310.221
49.9559, 310.221
50, 310.224
50.0393, 310.224
50.0546, 310.224
50.0678, 310.224
50.0805, 310.224
50.1099, 310.224
50.1351, 310.224
50.1571, 310.224
50.1714, 310.224
50.1975, 310.224
50.2301, 310.224
50.2438, 310.224
50.2522, 310.224
50.2645, 310.224
50.2749, 310.224
50.3193, 310.225
50.3813, 310.225
50.3858, 310.225
50.4094, 310.225
50.4161, 310.225
50.4182, 310.225
50.4465, 310.225
50.4715, 310.225
50.4777, 310.225
50.5359, 310.225
50.537, 310.225
50.5381, 310.225
50.5776, 310.225
50.5867, 310.225
50.619, 310.225
50.6372, 310.225
50.6582, 310.225
50.6828, 310.225
50.6967, 310.225
50.7185, 310.225
50.7511, 310.225
50.7626, 310.225
50.8076, 310.225
50.8495, 310.225
50.851, 310.225
50.8565, 310.225
50.8899, 310.226
50.8966, 310.226
50.9432, 310.226
50.9722, 310.226
50.9758, 310.226
50.9838, 310.226
51.0201, 310.226
51.0541, 310.226
51.0729, 310.226
51.0968, 310.226
51.1424, 310.226
51.1487, 310.226
51.1545, 310.226
51.1881, 310.226
51.2133, 310.226
51.2697, 310.226
51.3514, 310.226
51.3762, 310.226
51.3953, 310.226
51.4118, 310.226
51.4272, 310.226
51.4454, 310.226
51.4806, 310.227
51.4908, 310.227
51.5058, 310.227
51.5266, 310.227
51.5452, 310.227
51.5577, 310.227
51.5918, 310.227
51.6058, 310.227
51.6224, 310.227
51.6409, 310.227
51.6625, 310.227
51.6803, 310.227
51.7128, 310.227
51.7208, 310.227
51.726, 310.227
51.7662, 310.227
51.7858, 310.227
51.8225, 310.227
51.8459, 310.227
51.8851, 310.227
51.9251, 310.227
51.9331, 310.227
51.9721, 310.227
51.973, 310.227
51.9734, 310.227
52.0173, 310.227
52.0409, 310.227
52.0542, 310.228
52.0967, 310.228
52.1044, 310.228
52.1351, 310.228
52.1373, 310.228
52.1386, 310.228
52.192, 310.228
52.2174, 310.228
52.2594, 310.228
52.2643, 310.228
52.3094, 310.228
52.3719, 310.228
52.3747, 310.228
52.3927, 310.228
52.4151, 310.228
52.4606, 310.228
52.4646, 310.228
52.5065, 310.228
52.5094, 310.228
52.5097, 310.228
52.5101, 310.228
52.5279, 310.228
52.546, 310.228
52.5671, 310.228
52.599, 310.228
52.6289, 310.228
52.6725, 310.228
52.7109, 310.229
52.7279, 310.229
52.7304, 310.229
52.7771, 310.229
52.8146, 310.229
52.8222, 310.229
52.8315, 310.229
52.8627, 310.229
52.9092, 310.229
52.9217, 310.229
52.9247, 310.229
52.9583, 310.229
52.9707, 310.229
53.0333, 310.229
53.0654, 310.229
53.0778, 310.229
53.1182, 310.229
53.1194, 310.229
53.1397, 310.229
53.1783, 310.229
53.1971, 310.229
53.2381, 310.229
53.2788, 310.229
53.3089, 310.229
53.3294, 310.229
53.3632, 310.23
53.375, 310.23
53.3929, 310.23
53.4105, 310.23
53.4479, 310.23
53.4811, 310.23
53.4904, 310.23
53.5482, 310.23
53.5506, 310.23
53.5826, 310.23
53.6, 310.23
53.6206, 310.23
53.6684, 310.23
53.6709, 310.23
53.7064, 310.23
53.7126, 310.23
53.758, 310.23
53.7701, 310.23
53.7758, 310.23
53.7935, 310.23
53.8185, 310.23
53.8598, 310.23
53.8717, 310.23
53.9076, 310.23
53.9229, 310.23
53.9454, 310.23
53.9933, 310.23
54.0037, 310.23
54.0129, 310.23
54.0488, 310.23
54.0831, 310.23
54.1004, 310.231
54.1365, 310.231
54.1877, 310.231
54.1911, 310.231
54.1935, 310.231
54.2269, 310.231
54.2868, 310.231
54.2978, 310.231
54.321, 310.231
54.3476, 310.231
54.3558, 310.231
54.3627, 310.231
54.4018, 310.231
54.4296, 310.231
54.4401, 310.231
54.453, 310.231
54.4676, 310.231
54.4776, 310.231
54.5422, 310.231
54.5549, 310.231
54.5706, 310.231
54.601, 310.231
54.6366, 310.231
54.6433, 310.231
54.6933, 310.231
54.7129, 310.231
54.7286, 310.231
54.734, 310.231
54.7714, 310.231
54.8008, 310.231
54.831, 310.231
54.8369, 310.231
54.8474, 310.231
54.8742, 310.231
54.8916, 310.231
54.9113, 310.232
54.9454, 310.232
54.9661, 310.232
54.9816, 310.232
54.9931, 310.232
55.007, 310.232
55.0341, 310.232
55.0678, 310.232
55.091, 310.232
55.1255, 310.232
55.1354, 310.232
55.1795, 310.232
55.1866, 310.232
55.1886, 310.232
55.2237, 310.232
55.2586, 310.232
55.2658, 310.232
55.3136, 310.232
55.3159, 310.232
55.3204, 310.232
55.3761, 310.232
55.3979, 310.232
55.4399, 310.232
55.4475, 310.232
55.4526, 310.232
55.4859, 310.232
55.5101, 310.232
55.5275, 310.232
55.5615, 310.232
55.5665, 310.232
55.594, 310.232
55.6037, 310.232
55.6255, 310.232
55.6556, 310.232
55.6635, 310.232
55.6891, 310.232
55.7054, 310.232
55.7398, 310.232
55.791, 310.232
55.8095, 310.233
55.8298, 310.233
55.8599, 310.233
55.869, 310.233
55.9116, 310.233
55.9333, 310.233
55.9459, 310.233
55.9755, 310.233
56.0124, 310.233
56.0171, 310.233
56.0215, 310.233
56.0486, 310.233
56.0767, 310.233
56.0846, 310.233
56.112, 310.233
56.1198, 310.233
56.1709, 310.233
56.1941, 310.233
56.218, 310.233
56.2526, 310.233
56.2552, 310.233
56.2605, 310.233
56.3059, 310.233
56.342, 310.233
56.3458, 310.233
56.3773, 310.233
56.3997, 310.233
56.4075, 310.233
56.4113, 310.233
56.4388, 310.233
56.4555, 310.233
56.4713, 310.233
56.5312, 310.233
56.5538, 310.233
56.5767, 310.233
56.6178, 310.233
56.6187, 310.233
56.619, 310.233
56.6194, 310.233
56.6538, 310.233
56.6984, 310.233
56.716, 310.233
56.7347, 310.233
56.7621, 310.233
56.7773, 310.233
56.8147, 310.233
56.8253, 310.233
56.8547, 310.234
56.8748, 310.234
56.8854, 310.234
56.9108, 310.234
56.9217, 310.234
56.9458, 310.234
56.9614, 310.234
56.9963, 310.234
57.0101, 310.234
57.055, 310.234
57.0675, 310.234
57.0827, 310.234
57.1072, 310.234
57.141, 310.234
57.149, 310.234
57.1538, 310.234
57.1876, 310.234
57.233, 310.234
57.2509, 310.234
57.2744, 310.234
57.3067, 310.234
57.3131, 310.234
57.3167, 310.234
57.3562, 310.234
57.3616, 310.234
57.3958, 310.234
57.4201, 310.234
57.4432, 310.234
57.4722, 310.234
57.5203, 310.234
57.5373, 310.234
57.5545, 310.234
57.574, 310.234
57.5876, 310.234
57.6251, 310.234
57.6423, 310.234
57.6667, 310.234
57.6821, 310.234
57.7075, 310.234
57.7332, 310.234
57.7636, 310.234
57.7849, 310.234
57.801, 310.234
57.8202, 310.234
57.8903, 310.234
57.8962, 310.234
57.9287, 310.234
57.952, 310.234
57.9693, 310.234
57.9815, 310.234
57.9967, 310.234
58.0119, 310.234
58.0371, 310.235
58.0544, 310.235
58.0769, 310.235
58.1069, 310.235
58.1385, 310.235
58.1613, 310.235
58.1628, 310.235
58.2046, 310.235
58.229, 310.235
58.2323, 310.235
58.2606, 310.235
58.2683, 310.235
58.3065, 310.235
58.3507, 310.235
58.36, 310.235
58.3895, 310.235
58.4272, 310.235
58.4355, 310.235
58.5036, 310.235
58.5356, 310.235
58.5442, 310.235
58.5602, 310.235
58.5838, 310.235
58.6072, 310.235
58.6262, 310.235
58.6444, 310.235
58.6716, 310.235
58.6807, 310.235
58.6866, 310.235
58.7237, 310.235
58.7246, 310.235
58.7264, 310.235
58.7762, 310.235
58.7892, 310.235
58.8191, 310.235
58.8354, 310.235
58.8538, 310.235
58.8716, 310.235
58.8778, 310.235
58.9197, 310.235
58.958, 310.235
58.9771, 310.235
58.9941, 310.235
59.0205, 310.235
59.0428, 310.235
59.0627, 310.235
59.0662, 310.235
59.0934, 310.235
59.112, 310.235
59.161, 310.235
59.1666, 310.235
59.1778, 310.235
59.2084, 310.235
59.252, 310.235
59.2568, 310.235
59.2994, 310.235
59.3217, 310.235
59.3386, 310.235
59.3452, 310.235
59.3511, 310.235
59.379, 310.235
59.4164, 310.235
59.4312, 310.235
59.4552, 310.235
59.4729, 310.236
59.4956, 310.236
59.544, 310.236
59.5733, 310.236
59.5842, 310.236
59.5889, 310.236
59.6266, 310.236
59.6632, 310.236
59.6735, 310.236
59.6902, 310.236
59.7187, 310.236
59.7288, 310.236
59.7729, 310.236
59.7795, 310.236
59.8193, 310.236
59.8195, 310.236
59.8206, 310.236
59.8546, 310.236
59.8669, 310.236
59.8836, 310.236
59.9072, 310.236
59.9534, 310.236
59.9691, 310.236
59.9845, 310.236
59.9874, 310.236
60.0193, 310.236
60.0819, 310.236
60.0899, 310.236
60.0976, 310.236
60.139, 310.236
60.1418, 310.236
60.179, 310.236
60.1995, 310.236
60.236, 310.236
60.254, 310.236
60.2612, 310.236
60.2905, 310.236
60.3212, 310.236
60.3335, 310.236
60.3371, 310.236
60.3434, 310.236
60.3873, 310.236
60.407, 310.236
60.4159, 310.236
60.4274, 310.236
60.4628, 310.236
60.4737, 310.236
60.499, 310.236
60.5182, 310.236
60.5286, 310.236
60.5412, 310.236
60.5642, 310.236
60.5889, 310.236
60.6138, 310.236
60.6335, 310.236
60.6675, 310.236
60.6734, 310.236
60.7219, 310.236
60.753, 310.236
60.7534, 310.236
60.8048, 310.236
60.8484, 310.236
60.8662, 310.236
60.8883, 310.236
60.9123, 310.236
60.947, 310.236
60.9543, 310.236
60.959, 310.236
60.9832, 310.236
61.0048, 310.236
61.0377, 310.236
61.0538, 310.236
61.0793, 310.236
61.11, 310.236
61.1639, 310.236
61.1711, 310.236
61.195, 310.236
61.2088, 310.236
61.2381, 310.236
61.2473, 310.236
61.2689, 310.236
61.2729, 310.236
61.3064, 310.237
61.313, 310.237
61.3508, 310.237
61.3723, 310.237
61.3942, 310.237
61.4003, 310.237
61.4146, 310.237
61.4275, 310.237
61.445, 310.237
61.4602, 310.237
61.5003, 310.237
61.5119, 310.237
61.5276, 310.237
61.5481, 310.237
61.5796, 310.237
61.5803, 310.237
61.6333, 310.237
61.6437, 310.237
61.6561, 310.237
61.6738, 310.237
61.6864, 310.237
61.7243, 310.237
61.7355, 310.237
61.7632, 310.237
61.7721, 310.237
61.7947, 310.237
61.8184, 310.237
61.835, 310.237
61.8399, 310.237
61.8621, 310.237
61.8915, 310.237
61.9116, 310.237
61.9469, 310.237
61.9849, 310.237
61.986, 310.237
61.9873, 310.237
62.0217, 310.237
62.0552, 310.237
62.059, 310.237
62.0882, 310.237
62.0978, 310.237
62.1452, 310.237
62.1529, 310.237
62.1842, 310.237
62.1873, 310.237
62.1882, 310.237
62.2351, 310.237
62.2565, 310.237
62.2663, 310.237
62.2978, 310.237
62.3295, 310.237
62.3377, 310.237
62.3562, 310.237
62.3702, 310.237
62.3765, 310.237
62.4198, 310.237
62.4218, 310.237
62.4224, 310.237
62.4245, 310.237
62.4611, 310.237
62.4737, 310.237
62.4995, 310.237
62.5144, 310.237
62.542, 310.237
62.5444, 310.237
62.5671, 310.237
62.586, 310.237
62.6017, 310.237
62.6302, 310.237
62.6647, 310.237
62.6886, 310.237
62.7001, 310.237
62.7195, 310.237
62.7419, 310.237
62.7512, 310.237
62.7998, 310.237
62.8415, 310.237
62.8432, 310.237
62.9036, 310.237
62.9038, 310.237
62.9046, 310.237
62.9418, 310.237
62.948, 310.237
62.9638, 310.237
63.0082, 310.237
63.0378, 310.237
63.0531, 310.237
63.079, 310.237
63.1162, 310.237
63.1283, 310.237
63.1438, 310.237
63.1793, 310.237
63.211, 310.237
63.2216, 310.237
63.2491, 310.237
63.2567, 310.237
63.2649, 310.237
63.2845, 310.237
63.2921, 310.237
63.3031, 310.237
63.323, 310.237
63.3766, 310.237
63.3836, 310.237
63.4104, 310.237
63.4209, 310.237
63.4492, 310.237
63.4905, 310.237
63.5041, 310.237
63.527, 310.237
63.5282, 310.237
63.5343, 310.237
63.5832, 310.237
63.6009, 310.237
63.6273, 310.237
63.6711, 310.237
63.7159, 310.237
63.7256, 310.237
63.7792, 310.237
63.799, 310.237
63.8194, 310.237
63.8276, 310.237
63.8602, 310.237
63.9043, 310.237
63.9405, 310.237
63.9525, 310.237
63.9827, 310.237
63.9839, 310.237
63.9852, 310.237
64.0361, 310.237
64.0517, 310.238
64.0789, 310.238
64.1304, 310.238
64.1424, 310.238
64.1649, 310.238
64.2015, 310.238
64.2289, 310.238
64.2646, 310.238
64.3049, 310.238
64.3154, 310.238
64.3553, 310.238
64.3882, 310.238
64.3923, 310.238
64.3949, 310.238
64.4286, 310.238
64.4324, 310.238
64.4707, 310.238
64.4827, 310.238
64.5151, 310.238
64.5572, 310.238
64.5689, 310.238
64.6045, 310.238
64.6092, 310.238
64.6244, 310.238
64.6731, 310.238
64.6798, 310.238
64.7009, 310.238
64.7096, 310.238
64.7526, 310.238
64.7832, 310.238
64.7868, 310.238
64.8194, 310.238
64.8223, 310.238
64.8366, 310.238
64.8626, 310.238
64.9018, 310.238
64.9138, 310.238
64.9417, 310.238
64.9497, 310.238
64.9979, 310.238
65.0167, 310.238
65.0258, 310.238
65.0624, 310.238
65.0705, 310.238
65.1062, 310.238
65.1145, 310.238
65.1159, 310.238
65.1583, 310.238
65.2113, 310.238
65.2153, 310.238
65.2192, 310.238
65.2399, 310.238
65.2721, 310.238
65.3023, 310.238
65.3047, 310.238
65.3289, 310.238
65.363, 310.238
65.3791, 310.238
65.4199, 310.238
65.4256, 310.238
65.4362, 310.238
65.4824, 310.238
65.5126, 310.238
65.5231, 310.238
65.5359, 310.238
65.5823, 310.238
65.6094, 310.238
65.6183, 310.238
65.6603, 310.238
65.6781, 310.238
65.688, 310.238
65.7157, 310.238
65.7475, 310.238
65.7693, 310.238
65.7921, 310.238
65.8112, 310.238
65.8207, 310.238
65.8324, 310.238
65.8597, 310.238
65.8874, 310.238
65.8994, 310.238
65.9517, 310.238
65.9893, 310.238
65.9953, 310.238
66.0002, 310.238
66.0092, 310.238
66.068, 310.238
66.084, 310.238
66.1017, 310.238
66.1388, 310.238
66.1459, 310.238
66.1517, 310.238
66.1821, 310.238
66.2025, 310.238
66.2268, 310.238
66.2688, 310.238
66.3003, 310.238
66.3158, 310.238
66.3426, 310.238
66.3587, 310.238
66.3775, 310.238
66.4023, 310.238
66.4257, 310.238
66.4669, 310.238
66.5028, 310.238
66.5086, 310.238
66.5122, 310.238
66.5588, 310.238
66.5936, 310.238
66.6075, 310.238
66.6122, 310.238
66.6374, 310.238
66.6403, 310.238
66.6791, 310.238
66.6881, 310.238
66.7048, 310.238
66.7475, 310.238
66.7587, 310.238
66.7641, 310.238
66.7972, 310.238
66.8045, 310.238
66.8389, 310.238
66.8431, 310.238
66.85, 310.238
66.8844, 310.238
66.9313, 310.238
66.9639, 310.238
66.9959, 310.238
67.0218, 310.238
67.0352, 310.238
67.0526, 310.238
67.097, 310.238
67.1401, 310.238
67.1562, 310.238
67.1698, 310.238
67.1861, 310.238
67.2067, 310.238
67.2349, 310.238
67.2532, 310.238
67.3097, 310.238
67.3197, 310.238
67.3933, 310.238
67.4028, 310.238
67.4498, 310.238
67.4817, 310.238
67.4999, 310.238
67.5294, 310.238
67.5807, 310.238
67.5843, 310.238
67.6261, 310.238
67.6374, 310.238
67.6687, 310.238
67.6706, 310.238
67.6997, 310.238
67.7391, 310.238
67.7435, 310.238
67.8057, 310.238
67.8373, 310.238
67.847, 310.238
67.8572, 310.238
67.8902, 310.238
67.9254, 310.238
67.9502, 310.238
67.9561, 310.238
67.9611, 310.238
67.9912, 310.238
68.0282, 310.238
68.0461, 310.238
68.079, 310.238
68.0823, 310.238
68.0895, 310.238
68.1137, 310.238
68.1355, 310.238
68.1467, 310.238
68.201, 310.238
68.2076, 310.238
68.2433, 310.238
68.2556, 310.238
68.2567, 310.238
68.2789, 310.238
68.3103, 310.238
68.3321, 310.238
68.3704, 310.238
68.3894, 310.238
68.3938, 310.238
68.402, 310.238
68.4216, 310.238
68.4378, 310.238
68.4708, 310.238
68.4827, 310.238
68.5219, 310.238
68.5312, 310.238
68.5565, 310.238
68.5593, 310.238
68.5905, 310.238
68.5916, 310.238
68.6202, 310.238
68.6378, 310.238
68.6545, 310.238
68.6851, 310.238
68.7163, 310.238
68.7274, 310.238
68.76, 310.238
68.7879, 310.238
68.7907, 310.238
68.7927, 310.238
68.8211, 310.238
68.8441, 310.238
68.8601, 310.238
68.8619, 310.238
68.8643, 310.238
68.9101, 310.238
68.9241, 310.238
68.9505, 310.238
68.9651, 310.238
68.9828, 310.238
68.9939, 310.238
68.9964, 310.238
69.0038, 310.238
69.0641, 310.238
69.0672, 310.238
69.0682, 310.238
69.0751, 310.238
69.1442, 310.238
69.1672, 310.238
69.2023, 310.238
69.2027, 310.238
69.203, 310.238
69.204, 310.238
69.2432, 310.238
69.2765, 310.238
69.2909, 310.238
69.3123, 310.238
69.3781, 310.238
69.3854, 310.238
69.387, 310.238
69.43, 310.238
69.4376, 310.238
69.4688, 310.238
69.4737, 310.238
69.5132, 310.238
69.5228, 310.238
69.5569, 310.238
69.5926, 310.238
69.6182, 310.238
69.6525, 310.238
69.6806, 310.238
69.6909, 310.238
69.702, 310.238
69.7365, 310.238
69.7398, 310.238
69.7514, 310.238
69.79, 310.238
69.7902, 310.238
69.7903, 310.238
69.8288, 310.238
69.8318, 310.238
69.8493, 310.238
69.8741, 310.238
69.8954, 310.238
69.9005, 310.238
69.9072, 310.238
69.9445, 310.238
69.96, 310.238
70.0098, 310.238
70.0276, 310.238
70.0349, 310.238
70.0885, 310.238
70.1105, 310.238
70.1271, 310.238
70.1662, 310.238
70.1798, 310.238
70.2058, 310.238
70.2399, 310.238
70.2454, 310.238
70.2627, 310.238
70.2769, 310.238
70.2869, 310.238
70.3137, 310.238
70.3184, 310.238
70.3275, 310.238
70.3594, 310.238
70.3918, 310.238
70.4133, 310.238
70.435, 310.238
70.443, 310.238
70.4634, 310.238
70.4764, 310.238
70.4958, 310.238
70.5195, 310.238
70.5425, 310.238
70.5711, 310.238
70.6135, 310.238
70.6449, 310.238
70.6497, 310.238
70.6828, 310.238
70.7215, 310.238
70.7543, 310.238
70.7618, 310.238
70.774, 310.238
70.806, 310.238
70.8434, 310.238
70.8784, 310.238
70.8898, 310.238
70.9141, 310.238
70.9189, 310.238
70.9531, 310.238
70.989, 310.238
70.9958, 310.238
71.0287, 310.238
71.0606, 310.238
71.089, 310.238
71.0977, 310.238
71.1485, 310.238
71.181, 310.238
71.1856, 310.238
71.188, 310.238
71.19, 310.238
71.2148, 310.238
71.2242, 310.238
71.2374, 310.238
71.2908, 310.238
71.3078, 310.238
71.3514, 310.238
71.3646, 310.238
71.3878, 310.238
71.4126, 310.238
71.4152, 310.238
71.4218, 310.238
71.4287, 310.238
71.4771, 310.238
71.5142, 310.238
71.5251, 310.238
71.548, 310.238
71.5691, 310.238
71.6064, 310.238
71.6315, 310.238
71.6532, 310.238
71.664, 310.238
71.6769, 310.238
71.691, 310.238
71.6988, 310.238
71.71, 310.238
71.7386, 310.238
71.7666, 310.238
71.8129, 310.238
71.8196, 310.238
71.8582, 310.238
71.8805, 310.238
71.8997, 310.238
71.9439, 310.238
71.9735, 310.238
72.0248, 310.238
72.0421, 310.238
72.0716, 310.238
72.1025, 310.238
72.1128, 310.238
72.1589, 310.238
72.1638, 310.238
72.1884, 310.238
72.2067, 310.238
72.2299, 310.238
72.2506, 310.238
72.2793, 310.238
72.2857, 310.238
72.2917, 310.238
72.3074, 310.238
72.3651, 310.238
72.374, 310.238
72.3795, 310.238
72.4151, 310.238
72.4479, 310.238
72.4599, 310.238
72.4907, 310.237
72.4977, 310.237
72.5577, 310.237
72.5629, 310.237
72.5897, 310.237
72.5955, 310.237
72.6034, 310.237
72.6184, 310.237
72.6465, 310.237
72.6824, 310.237
72.6933, 310.237
72.7319, 310.237
72.7345, 310.237
72.7551, 310.237
72.7891, 310.237
72.7958, 310.237
72.81, 310.237
72.8248, 310.237
72.8596, 310.237
72.8845, 310.237
72.9117, 310.237
72.9241, 310.237
72.9403, 310.237
72.9647, 310.237
73.0138, 310.237
73.0298, 310.237
73.0441, 310.237
73.056, 310.237
73.0851, 310.237
73.116, 310.237
73.1308, 310.237
73.1379, 310.237
73.1691, 310.237
73.1788, 310.237
73.2354, 310.237
73.2489, 310.237
73.2562, 310.237
73.2627, 310.237
73.3334, 310.237
73.364, 310.237
73.3751, 310.237
73.3787, 310.237
73.3861, 310.237
73.4484, 310.237
73.4523, 310.237
73.457, 310.237
73.4587, 310.237
73.4843, 310.237
73.5308, 310.237
73.5353, 310.237
73.5437, 310.237
73.5687, 310.237
73.5916, 310.237
73.6443, 310.237
73.6703, 310.237
73.6774, 310.237
73.6799, 310.237
73.7046, 310.237
73.7277, 310.237
73.7636, 310.237
73.7785, 310.237
73.8035, 310.237
73.8174, 310.237
73.8745, 310.237
73.8982, 310.237
73.9061, 310.237
73.9361, 310.237
73.9543, 310.237
73.9727, 310.237
74.0018, 310.237
74.0489, 310.237
74.0564, 310.237
74.0853, 310.237
74.0913, 310.237
74.0934, 310.237
74.1107, 310.237
74.1499, 310.237
74.1579, 310.237
74.1882, 310.237
74.2146, 310.237
74.2333, 310.237
74.256, 310.237
74.26, 310.237
74.2759, 310.237
74.2948, 310.237
74.3213, 310.237
74.3509, 310.237
74.3627, 310.237
74.4072, 310.237
74.4379, 310.237
74.4511, 310.237
74.4601, 310.237
74.4923, 310.237
74.5024, 310.237
74.5234, 310.237
74.567, 310.237
74.5712, 310.237
74.5786, 310.237
74.6053, 310.237
74.6418, 310.237
74.643, 310.237
74.6449, 310.237
74.672, 310.237
74.7161, 310.237
74.7246, 310.237
74.7478, 310.237
74.7867, 310.237
74.8006, 310.237
74.83, 310.237
74.8407, 310.237
74.8709, 310.237
74.9159, 310.237
74.9279, 310.237
74.9471, 310.237
74.9713, 310.237
74.9968, 310.237
75.0241, 310.237
75.0294, 310.237
75.0429, 310.237
75.0817, 310.237
75.1084, 310.237
75.132, 310.237
75.1525, 310.237
75.168, 310.237
75.2015, 310.237
75.2148, 310.237
75.2189, 310.237
75.2296, 310.237
75.2452, 310.237
75.2541, 310.237
75.2864, 310.236
75.2916, 310.236
75.3185, 310.236
75.3364, 310.236
75.3531, 310.236
75.3755, 310.236
75.4061, 310.236
75.4225, 310.236
75.4685, 310.236
75.5038, 310.236
75.5142, 310.236
75.5177, 310.236
75.5698, 310.236
75.5748, 310.236
75.6228, 310.236
75.633, 310.236
75.6414, 310.236
75.6628, 310.236
75.6915, 310.236
75.7116, 310.236
75.7522, 310.236
75.7536, 310.236
75.7722, 310.236
75.8025, 310.236
75.8466, 310.236
75.886, 310.236
75.9091, 310.236
75.9369, 310.236
75.9513, 310.236
75.9748, 310.236
75.9764, 310.236
75.9805, 310.236
76.0186, 310.236
76.0443, 310.236
76.065, 310.236
76.0719, 310.236
76.0865, 310.236
76.1036, 310.236
76.1335, 310.236
76.1493, 310.236
76.1578, 310.236
76.1719, 310.236
76.2101, 310.236
76.2595, 310.236
76.2602, 310.236
76.2605, 310.236
76.2611, 310.236
76.2881, 310.236
76.3198, 310.236
76.3415, 310.236
76.3746, 310.236
76.3765, 310.236
76.4242, 310.236
76.4501, 310.236
76.4594, 310.236
76.477, 310.236
76.4979, 310.236
76.5244, 310.236
76.5431, 310.236
76.5793, 310.236
76.6162, 310.236
76.6276, 310.236
76.6669, 310.236
76.6694, 310.236
76.6769, 310.236
76.7074, 310.236
76.722, 310.236
76.7414, 310.236
76.7542, 310.236
76.7671, 310.236
76.7781, 310.236
76.8079, 310.236
76.8578, 310.236
76.8646, 310.236
76.879, 310.236
76.9186, 310.236
76.9401, 310.236
76.9669, 310.236
77.0061, 310.236
77.0428, 310.236
77.0435, 310.236
77.0856, 310.236
77.1132, 310.235
77.1188, 310.235
77.1334, 310.235
77.1702, 310.235
77.2, 310.235
77.2124, 310.235
77.2477, 310.235
77.2961, 310.235
77.3189, 310.235
77.32, 310.235
77.3607, 310.235
77.3615, 310.235
77.3626, 310.235
77.3679, 310.235
77.4126, 310.235
77.4548, 310.235
77.4752, 310.235
77.5079, 310.235
77.5179, 310.235
77.5468, 310.235
77.5581, 310.235
77.5777, 310.235
77.6036, 310.235
77.6081, 310.235
77.6357, 310.235
77.6415, 310.235
77.646, 310.235
77.6565, 310.235
77.6908, 310.235
77.7042, 310.235
77.766, 310.235
77.7752, 310.235
77.7931, 310.235
77.8192, 310.235
77.8251, 310.235
77.8296, 310.235
77.8695, 310.235
77.8987, 310.235
77.9064, 310.235
77.962, 310.235
77.9774, 310.235
77.9888, 310.235
78.0081, 310.235
78.0231, 310.235
78.0538, 310.235
78.0801, 310.235
78.0967, 310.235
78.1055, 310.235
78.1274, 310.235
78.1393, 310.235
78.1668, 310.235
78.167, 310.235
78.1672, 310.235
78.1677, 310.235
78.2254, 310.235
78.2396, 310.235
78.2779, 310.235
78.2917, 310.235
78.3041, 310.235
78.3628, 310.235
78.4038, 310.235
78.4132, 310.235
78.4334, 310.235
78.448, 310.235
78.4834, 310.235
78.5159, 310.235
78.5375, 310.235
78.5517, 310.235
78.5642, 310.234
78.5786, 310.234
78.6153, 310.234
78.6168, 310.234
78.6395, 310.234
78.666, 310.234
78.6706, 310.234
78.6973, 310.234
78.7027, 310.234
78.7383, 310.234
78.7686, 310.234
78.7952, 310.234
78.8078, 310.234
78.8609, 310.234
78.8733, 310.234
78.8829, 310.234
78.8944, 310.234
78.9327, 310.234
78.9779, 310.234
78.9848, 310.234
79.0478, 310.234
79.0659, 310.234
79.1067, 310.234
79.1093, 310.234
79.1438, 310.234
79.1747, 310.234
79.202, 310.234
79.2167, 310.234
79.2723, 310.234
79.3146, 310.234
79.3199, 310.234
79.3228, 310.234
79.3541, 310.234
79.3724, 310.234
79.4218, 310.234
79.4295, 310.234
79.433, 310.234
79.4378, 310.234
79.4815, 310.234
79.5211, 310.234
79.5322, 310.234
79.5675, 310.234
79.6195, 310.234
79.6304, 310.234
79.6379, 310.234
79.7124, 310.234
79.7223, 310.234
79.7411, 310.234
79.7657, 310.234
79.7876, 310.234
79.7972, 310.234
79.8042, 310.234
79.8336, 310.234
79.8709, 310.234
79.8787, 310.234
79.9131, 310.234
79.9584, 310.234
80, 310.233
80, 310.233


