X,T
0, 310.15
0.0223076, 310.15
0.0429027, 310.15
0.506941, 310.15
0.542201, 310.15
0.725034, 310.15
0.976811, 310.15
0.988672, 310.15
1.22767, 310.15
1.25603, 310.15
1.38189, 310.15
1.45698, 310.15
1.47341, 310.15
1.48273, 310.15
1.7319, 310.15
1.74278, 310.15
2.10517, 310.15
2.38285, 310.15
2.39967, 310.15
2.64168, 310.15
2.66471, 310.15
2.77949, 310.15
3.01236, 310.15
3.05856, 310.15
3.1811, 310.15
3.21781, 310.15
3.44503, 310.15
3.55652, 310.15
3.7952, 310.15
3.84018, 310.15
3.84462, 310.15
3.8586, 310.15
3.95003, 310.15
4.47366, 310.15
4.48742, 310.15
4.69872, 310.15
5.0887, 310.15
5.12432, 310.15
5.18219, 310.15
5.22048, 310.15
5.24242, 310.15
5.6116, 310.15
5.9591, 310.15
5.97698, 310.15
6.01516, 310.15
6.15769, 310.15
6.23547, 310.15
6.64355, 310.15
6.65367, 310.15
6.83636, 310.15
7.31172, 310.15
7.32963, 310.15
7.34573, 310.15
7.61104, 310.15
7.62982, 310.15
7.70786, 310.15
7.73281, 310.15
7.75833, 310.15
8.01729, 310.15
8.03412, 310.15
8.21126, 310.15
8.22694, 310.15
8.53239, 310.15
8.83788, 310.15
8.86347, 310.15
8.91117, 310.15
8.93084, 310.15
9.17508, 310.15
9.51635, 310.15
9.54399, 310.15
9.61147, 310.15
9.8918, 310.15
10.2154, 310.15
10.2326, 310.15
10.4068, 310.15
10.7114, 310.15
10.9521, 310.15
10.9731, 310.15
11.1256, 310.15
11.2513, 310.15
11.2746, 310.15
11.6624, 310.15
11.684, 310.15
11.743, 310.15
11.7616, 310.15
12.1051, 310.15
12.1162, 310.15
12.5011, 310.15
12.5322, 310.15
12.9934, 310.15
13.0039, 310.15
13.0203, 310.15
13.0255, 310.15
13.03, 310.15
13.4917, 310.15
13.6617, 310.15
13.6935, 310.15
13.9827, 310.15
14.0003, 310.15
14.4982, 310.15
14.6789, 310.15
14.6985, 310.15
14.9899, 310.15
15.0125, 310.15
15.1288, 310.15
15.2694, 310.15
15.3001, 310.15
15.5325, 310.15
15.6684, 310.15
15.9731, 310.15
16.3832, 310.15
16.3876, 310.15
16.4095, 310.15
16.4194, 310.15
17.0398, 310.15
17.0692, 310.15
17.2043, 310.15
17.4009, 310.15
17.4281, 310.15
17.7116, 310.15
17.7337, 310.15
18.0774, 310.15
18.4153, 310.15
18.4582, 310.15
18.4701, 310.15
18.4846, 310.15
19.131, 310.15
19.2108, 310.15
19.235, 310.15
19.4627, 310.15
19.493, 310.15
19.9319, 310.15
19.9482, 310.15
19.9579, 310.15
20.2709, 310.15
20.4445, 310.15
20.4564, 310.15
20.4645, 310.15
20.5672, 310.15
20.9529, 310.15
21.3817, 310.15
21.3995, 310.15
21.5218, 310.15
21.5385, 310.15
21.7521, 310.15
22.1546, 310.15
22.1768, 310.15
22.382, 310.15
22.9645, 310.15
22.9784, 310.15
23.0738, 310.15
23.0981, 310.15
23.5824, 310.15
23.9485, 310.15
23.9714, 310.15
24.0711, 310.15
24.1, 310.15
24.3962, 310.15
24.7761, 310.15
24.7968, 310.15
24.9688, 310.15
24.984, 310.15
25.1843, 310.15
25.2017, 310.15
25.2155, 310.15
25.5303, 310.15
25.8523, 310.15
26.1039, 310.15
26.1168, 310.15
26.1299, 310.15
26.2692, 310.15
26.7119, 310.15
26.7648, 310.15
26.7761, 310.15
26.7908, 310.15
26.7991, 310.15
26.855, 310.15
27.006, 310.15
27.4037, 310.15
27.4231, 310.15
27.4588, 310.15
27.9599, 310.15
28.1899, 310.15
28.2123, 310.15
28.7218, 310.15
28.8803, 310.15
28.8965, 310.15
29.0015, 310.15
29.518, 310.15
29.5366, 310.15
29.7117, 310.15
29.7234, 310.15
29.9854, 310.15
29.9981, 310.15
30.2141, 310.15
30.2388, 310.15
30.5169, 310.15
30.7627, 310.15
30.8162, 310.15
30.9104, 310.15
31.0019, 310.15
31.03, 310.15
31.5031, 310.15
31.5193, 310.15
32.0195, 310.15
32.0291, 310.15
32.0316, 310.15
32.0502, 310.15
32.4459, 310.15
32.8107, 310.15
32.8306, 310.15
32.8429, 310.15
32.9164, 310.15
32.9783, 310.15
33.6398, 310.15
33.6713, 310.15
33.8295, 310.15
34.2315, 310.15
34.7525, 310.15
34.7849, 310.15
34.7857, 310.15
34.7861, 310.15
34.7863, 310.15
35.3893, 310.15
35.402, 310.15
35.4404, 310.15
35.5179, 310.15
35.5713, 310.15
35.8609, 310.15
36.0129, 310.15
36.0451, 310.15
36.254, 310.15
36.4792, 310.15
36.5641, 310.15
36.6117, 310.15
36.7275, 310.15
36.7735, 310.15
37.3911, 310.15
37.5687, 310.15
37.5819, 310.15
37.937, 310.15
38.2742, 310.15
38.2957, 310.15
38.3109, 310.15
38.3336, 310.15
38.3359, 310.15
38.3668, 310.15
38.3791, 310.15
38.5063, 310.15
39.2901, 310.15
39.3064, 310.15
39.32, 310.15
39.5874, 310.15
39.8582, 310.15
40.0038, 310.15
40.3749, 310.15
40.4151, 310.15
40.5529, 310.15
40.8053, 310.15
40.826, 310.15
41.4204, 310.15
41.4575, 310.15
41.4868, 310.15
41.5063, 310.15
41.5241, 310.15
41.6661, 310.15
42.1176, 310.15
42.1335, 310.15
42.2321, 310.15
42.2561, 310.15
42.7548, 310.151
42.7648, 310.151
42.9036, 310.151
43.0919, 310.151
43.1117, 310.151
43.3596, 310.151
43.4346, 310.151
43.5003, 310.151
44.0606, 310.151
44.0942, 310.151
44.1448, 310.151
44.154, 310.151
44.4013, 310.151
44.8537, 310.152
44.8947, 310.152
44.9338, 310.152
44.9789, 310.152
44.9965, 310.152
45.2894, 310.152
45.3053, 310.152
45.4964, 310.152
45.8454, 310.153
46.006, 310.153
46.0291, 310.153
46.5098, 310.154
46.5202, 310.154
46.6661, 310.155
46.6835, 310.155
46.9874, 310.156
47.1423, 310.156
47.1596, 310.157
47.3901, 310.158
47.7137, 310.159
47.9277, 310.16
47.9539, 310.16
48.253, 310.162
48.2703, 310.163
48.8177, 310.168
48.8348, 310.168
48.8516, 310.168
48.8705, 310.168
48.9174, 310.169
49.3654, 310.175
49.4151, 310.176
49.5119, 310.177
49.6862, 310.181
49.8015, 310.184
49.8292, 310.185
49.8548, 310.185
49.8981, 310.188
49.9188, 310.188
50, 310.192
50.0526, 310.192
50.0918, 310.192
50.1332, 310.192
50.134, 310.192
50.1344, 310.192
50.1403, 310.192
50.1818, 310.192
50.1854, 310.192
50.1955, 310.192
50.2414, 310.192
50.2897, 310.192
50.3018, 310.192
50.3215, 310.192
50.336, 310.192
50.3502, 310.192
50.3832, 310.192
50.4333, 310.192
50.4431, 310.192
50.4542, 310.192
50.4719, 310.192
50.4894, 310.192
50.5257, 310.192
50.5267, 310.192
50.5302, 310.192
50.5694, 310.192
50.5784, 310.192
50.6152, 310.192
50.6344, 310.192
50.6467, 310.192
50.67, 310.193
50.673, 310.193
50.6759, 310.193
50.7183, 310.193
50.7358, 310.193
50.7901, 310.193
50.7978, 310.193
50.8181, 310.193
50.8342, 310.193
50.8505, 310.193
50.9017, 310.193
50.9221, 310.193
50.9471, 310.193
50.967, 310.193
51.013, 310.193
51.0188, 310.193
51.0546, 310.193
51.0607, 310.193
51.0947, 310.193
51.1201, 310.193
51.1329, 310.193
51.174, 310.193
51.1888, 310.193
51.218, 310.193
51.2333, 310.193
51.2373, 310.193
51.2489, 310.193
51.2985, 310.193
51.3403, 310.193
51.3466, 310.193
51.4152, 310.193
51.454, 310.193
51.4596, 310.193
51.4614, 310.193
51.468, 310.193
51.5265, 310.194
51.5483, 310.194
51.5709, 310.194
51.5924, 310.194
51.6211, 310.194
51.6358, 310.194
51.6535, 310.194
51.6945, 310.194
51.7258, 310.194
51.7541, 310.194
51.7721, 310.194
51.8036, 310.194
51.809, 310.194
51.8364, 310.194
51.846, 310.194
51.8746, 310.194
51.8942, 310.194
51.9059, 310.194
51.9251, 310.194
51.9419, 310.194
51.9742, 310.194
52.0157, 310.194
52.0231, 310.194
52.0272, 310.194
52.0529, 310.194
52.0654, 310.194
52.0676, 310.194
52.0968, 310.194
52.0985, 310.194
52.104, 310.194
52.1506, 310.194
52.1557, 310.194
52.1613, 310.194
52.1942, 310.194
52.2193, 310.194
52.2211, 310.194
52.2584, 310.194
52.2701, 310.194
52.2989, 310.194
52.3081, 310.194
52.3322, 310.194
52.3672, 310.194
52.3673, 310.194
52.3673, 310.194
52.4, 310.194
52.4144, 310.195
52.4624, 310.195
52.4906, 310.195
52.5307, 310.195
52.5545, 310.195
52.5838, 310.195
52.5981, 310.195
52.6268, 310.195
52.673, 310.195
52.6731, 310.195
52.6861, 310.195
52.713, 310.195
52.7432, 310.195
52.7504, 310.195
52.7896, 310.195
52.8299, 310.195
52.8373, 310.195
52.8809, 310.195
52.8878, 310.195
52.8969, 310.195
52.9099, 310.195
52.9224, 310.195
52.929, 310.195
52.9746, 310.195
52.9766, 310.195
53.0078, 310.195
53.0161, 310.195
53.0321, 310.195
53.0598, 310.195
53.108, 310.195
53.127, 310.195
53.1409, 310.195
53.1782, 310.195
53.202, 310.195
53.2377, 310.195
53.2526, 310.195
53.3043, 310.195
53.3066, 310.195
53.3349, 310.195
53.3366, 310.195
53.3859, 310.195
53.392, 310.195
53.3976, 310.195
53.4691, 310.196
53.4785, 310.196
53.482, 310.196
53.5046, 310.196
53.5198, 310.196
53.5531, 310.196
53.5708, 310.196
53.5941, 310.196
53.6141, 310.196
53.6397, 310.196
53.6548, 310.196
53.6712, 310.196
53.6786, 310.196
53.6889, 310.196
53.6925, 310.196
53.7129, 310.196
53.7264, 310.196
53.796, 310.196
53.7961, 310.196
53.7962, 310.196
53.8637, 310.196
53.8649, 310.196
53.8674, 310.196
53.8955, 310.196
53.9067, 310.196
53.9318, 310.196
53.9631, 310.196
53.9632, 310.196
53.9957, 310.196
54.007, 310.196
54.049, 310.196
54.0784, 310.196
54.0888, 310.196
54.0949, 310.196
54.0978, 310.196
54.1207, 310.196
54.1464, 310.196
54.2095, 310.196
54.2437, 310.196
54.256, 310.196
54.2739, 310.196
54.2905, 310.196
54.292, 310.196
54.3239, 310.196
54.3336, 310.196
54.3617, 310.196
54.3918, 310.196
54.3939, 310.196
54.4198, 310.196
54.4325, 310.196
54.5098, 310.196
54.5289, 310.196
54.539, 310.196
54.5713, 310.196
54.6377, 310.196
54.6506, 310.196
54.6743, 310.196
54.6869, 310.196
54.6936, 310.196
54.7042, 310.196
54.7135, 310.196
54.7412, 310.197
54.7706, 310.197
54.801, 310.197
54.8077, 310.197
54.8666, 310.197
54.8957, 310.197
54.9024, 310.197
54.99, 310.197
54.9907, 310.197
55.0008, 310.197
55.055, 310.197
55.0676, 310.197
55.1235, 310.197
55.1255, 310.197
55.1291, 310.197
55.1638, 310.197
55.2168, 310.197
55.221, 310.197
55.2651, 310.197
55.3086, 310.197
55.3156, 310.197
55.3473, 310.197
55.3665, 310.197
55.4238, 310.197
55.4246, 310.197
55.4251, 310.197
55.4979, 310.197
55.5134, 310.197
55.5529, 310.197
55.5823, 310.197
55.6062, 310.197
55.6126, 310.197
55.676, 310.197
55.6821, 310.197
55.6944, 310.197
55.7293, 310.197
55.7436, 310.197
55.7759, 310.197
55.7905, 310.197
55.8181, 310.197
55.8253, 310.197
55.8767, 310.197
55.8812, 310.197
55.8893, 310.197
55.9215, 310.197
55.9404, 310.197
55.9674, 310.197
55.9751, 310.197
56.0183, 310.197
56.0232, 310.197
56.0356, 310.197
56.0655, 310.197
56.1012, 310.197
56.1227, 310.197
56.1493, 310.197
56.1995, 310.197
56.2021, 310.197
56.2404, 310.197
56.2765, 310.197
56.2864, 310.197
56.2883, 310.197
56.3334, 310.197
56.3564, 310.198
56.3702, 310.198
56.3918, 310.198
56.4075, 310.198
56.4172, 310.198
56.4352, 310.198
56.5006, 310.198
56.5252, 310.198
56.545, 310.198
56.5579, 310.198
56.5896, 310.198
56.5911, 310.198
56.6307, 310.198
56.6367, 310.198
56.6691, 310.198
56.6903, 310.198
56.7196, 310.198
56.7608, 310.198
56.764, 310.198
56.8046, 310.198
56.8065, 310.198
56.8357, 310.198
56.8442, 310.198
56.8737, 310.198
56.8962, 310.198
56.9417, 310.198
56.9742, 310.198
57.0139, 310.198
57.0173, 310.198
57.0573, 310.198
57.0598, 310.198
57.1107, 310.198
57.123, 310.198
57.1512, 310.198
57.1727, 310.198
57.1815, 310.198
57.2255, 310.198
57.2518, 310.198
57.267, 310.198
57.2744, 310.198
57.3296, 310.198
57.3636, 310.198
57.3848, 310.198
57.4351, 310.198
57.4353, 310.198
57.4602, 310.198
57.4973, 310.198
57.5363, 310.198
57.5424, 310.198
57.5581, 310.198
57.5797, 310.198
57.5858, 310.198
57.6183, 310.198
57.65, 310.198
57.7037, 310.198
57.723, 310.198
57.7597, 310.198
57.7883, 310.198
57.8086, 310.198
57.8334, 310.198
57.8653, 310.198
57.8875, 310.198
57.9204, 310.198
57.9306, 310.198
57.953, 310.198
57.979, 310.198
57.9895, 310.198
58.0159, 310.198
58.0322, 310.198
58.0497, 310.198
58.0788, 310.198
58.1254, 310.198
58.1275, 310.198
58.1307, 310.198
58.1796, 310.198
58.1961, 310.198
58.2379, 310.198
58.2606, 310.198
58.2899, 310.198
58.2939, 310.198
58.3, 310.198
58.385, 310.198
58.3914, 310.198
58.4064, 310.198
58.4389, 310.198
58.4904, 310.198
58.5098, 310.198
58.5273, 310.198
58.5373, 310.198
58.558, 310.198
58.5728, 310.198
58.6075, 310.199
58.6136, 310.199
58.6594, 310.199
58.6835, 310.199
58.6929, 310.199
58.716, 310.199
58.7232, 310.199
58.7268, 310.199
58.7627, 310.199
58.7924, 310.199
58.7942, 310.199
58.8121, 310.199
58.8439, 310.199
58.849, 310.199
58.8737, 310.199
58.8915, 310.199
58.9359, 310.199
58.9611, 310.199
58.9845, 310.199
59.001, 310.199
59.0367, 310.199
59.0472, 310.199
59.0743, 310.199
59.0944, 310.199
59.0994, 310.199
59.1277, 310.199
59.1485, 310.199
59.1783, 310.199
59.1938, 310.199
59.2178, 310.199
59.2379, 310.199
59.2459, 310.199
59.2632, 310.199
59.291, 310.199
59.2981, 310.199
59.3167, 310.199
59.3421, 310.199
59.4074, 310.199
59.4098, 310.199
59.4274, 310.199
59.4293, 310.199
59.4342, 310.199
59.4789, 310.199
59.4945, 310.199
59.5376, 310.199
59.5478, 310.199
59.5646, 310.199
59.5773, 310.199
59.6209, 310.199
59.6457, 310.199
59.6484, 310.199
59.6492, 310.199
59.6513, 310.199
59.6528, 310.199
59.7025, 310.199
59.7431, 310.199
59.7656, 310.199
59.7681, 310.199
59.814, 310.199
59.8319, 310.199
59.8652, 310.199
59.87, 310.199
59.8834, 310.199
59.9235, 310.199
59.9436, 310.199
60.0092, 310.199
60.0094, 310.199
60.0099, 310.199
60.0538, 310.199
60.0919, 310.199
60.1264, 310.199
60.1387, 310.199
60.1686, 310.199
60.176, 310.199
60.1779, 310.199
60.2149, 310.199
60.2615, 310.199
60.2673, 310.199
60.3084, 310.199
60.3172, 310.199
60.3438, 310.199
60.353, 310.199
60.3731, 310.199
60.4139, 310.199
60.4442, 310.199
60.4949, 310.199
60.5022, 310.199
60.5067, 310.199
60.5172, 310.199
60.5409, 310.199
60.5495, 310.199
60.5724, 310.199
60.6229, 310.199
60.627, 310.199
60.668, 310.199
60.6999, 310.199
60.7235, 310.199
60.7389, 310.199
60.7565, 310.199
60.7857, 310.199
60.7948, 310.199
60.8306, 310.199
60.8601, 310.199
60.8703, 310.199
60.9392, 310.199
60.9399, 310.199
60.9416, 310.199
60.9422, 310.199
60.9438, 310.199
61.0267, 310.199
61.0584, 310.199
61.0728, 310.199
61.0985, 310.199
61.1052, 310.199
61.1242, 310.199
61.1578, 310.199
61.1865, 310.199
61.2066, 310.199
61.2389, 310.199
61.2619, 310.199
61.29, 310.199
61.2993, 310.199
61.3253, 310.199
61.3456, 310.199
61.3709, 310.199
61.4133, 310.199
61.4737, 310.199
61.4747, 310.199
61.4748, 310.199
61.475, 310.199
61.4773, 310.199
61.5402, 310.199
61.5528, 310.199
61.562, 310.199
61.572, 310.199
61.5992, 310.199
61.6061, 310.199
61.6262, 310.199
61.6457, 310.199
61.6534, 310.199
61.7132, 310.199
61.7175, 310.199
61.7242, 310.199
61.7569, 310.199
61.7771, 310.199
61.7929, 310.199
61.8121, 310.199
61.8414, 310.199
61.8779, 310.199
61.8945, 310.199
61.9232, 310.199
61.9349, 310.199
61.9683, 310.199
62.0009, 310.199
62.0018, 310.199
62.0317, 310.199
62.049, 310.199
62.0689, 310.199
62.0997, 310.199
62.105, 310.199
62.126, 310.199
62.1434, 310.199
62.1504, 310.199
62.1689, 310.199
62.2011, 310.199
62.216, 310.199
62.2733, 310.199
62.2947, 310.199
62.3167, 310.199
62.3401, 310.199
62.3439, 310.199
62.3661, 310.199
62.3831, 310.199
62.3886, 310.199
62.4206, 310.199
62.456, 310.199
62.4793, 310.199
62.4932, 310.199
62.5124, 310.199
62.5333, 310.199
62.5487, 310.199
62.5785, 310.2
62.5859, 310.2
62.6091, 310.2
62.6169, 310.2
62.634, 310.2
62.717, 310.2
62.7196, 310.2
62.7207, 310.2
62.7235, 310.2
62.758, 310.2
62.8042, 310.2
62.8261, 310.2
62.8626, 310.2
62.8717, 310.2
62.9237, 310.2
62.9417, 310.2
62.9733, 310.2
62.9962, 310.2
63.0356, 310.2
63.0526, 310.2
63.0702, 310.2
63.0944, 310.2
63.0955, 310.2
63.133, 310.2
63.1614, 310.2
63.1729, 310.2
63.1999, 310.2
63.2377, 310.2
63.2462, 310.2
63.2697, 310.2
63.2815, 310.2
63.3273, 310.2
63.3366, 310.2
63.3495, 310.2
63.3755, 310.2
63.4014, 310.2
63.4145, 310.2
63.4276, 310.2
63.4513, 310.2
63.5185, 310.2
63.519, 310.2
63.571, 310.2
63.5752, 310.2
63.6078, 310.2
63.6121, 310.2
63.6606, 310.2
63.67, 310.2
63.6772, 310.2
63.6941, 310.2
63.7284, 310.2
63.7472, 310.2
63.7473, 310.2
63.7625, 310.2
63.7901, 310.2
63.8263, 310.2
63.827, 310.2
63.8298, 310.2
63.8749, 310.2
63.897, 310.2
63.9092, 310.2
63.9516, 310.2
63.9811, 310.2
64.0018, 310.2
64.0291, 310.2
64.0482, 310.2
64.0859, 310.2
64.1178, 310.2
64.1298, 310.2
64.1736, 310.2
64.1841, 310.2
64.2161, 310.2
64.2307, 310.2
64.268, 310.2
64.281, 310.2
64.286, 310.2
64.3293, 310.2
64.3534, 310.2
64.3739, 310.2
64.4208, 310.2
64.4214, 310.2
64.4218, 310.2
64.4649, 310.2
64.4802, 310.2
64.5074, 310.2
64.5186, 310.2
64.5384, 310.2
64.5614, 310.2
64.5739, 310.2
64.5767, 310.2
64.6195, 310.2
64.6215, 310.2
64.6635, 310.2
64.6763, 310.2
64.7101, 310.2
64.7183, 310.2
64.7416, 310.2
64.7762, 310.2
64.7792, 310.2
64.7874, 310.2
64.809, 310.2
64.8389, 310.2
64.8499, 310.2
64.9037, 310.2
64.9258, 310.2
64.9487, 310.2
64.9972, 310.2
65.0096, 310.2
65.054, 310.2
65.0875, 310.2
65.0942, 310.2
65.1203, 310.2
65.158, 310.2
65.1755, 310.2
65.1931, 310.2
65.2118, 310.2
65.2322, 310.2
65.2729, 310.2
65.2735, 310.2
65.3077, 310.2
65.3084, 310.2
65.346, 310.2
65.3549, 310.2
65.391, 310.2
65.4203, 310.2
65.4249, 310.2
65.4284, 310.2
65.4676, 310.2
65.4708, 310.2
65.4869, 310.2
65.524, 310.2
65.5559, 310.2
65.584, 310.2
65.6007, 310.2
65.6369, 310.2
65.6668, 310.2
65.6807, 310.2
65.7093, 310.2
65.7411, 310.2
65.7573, 310.2
65.7916, 310.2
65.7942, 310.2
65.8006, 310.2
65.8683, 310.2
65.8811, 310.2
65.9256, 310.2
65.9256, 310.2
65.9257, 310.2
65.9259, 310.2
65.9604, 310.2
66.004, 310.2
66.0352, 310.2
66.0558, 310.2
66.0637, 310.2
66.1022, 310.2
66.1033, 310.2
66.107, 310.2
66.172, 310.2
66.1954, 310.2
66.2439, 310.2
66.2944, 310.2
66.2983, 310.2
66.3125, 310.2
66.3335, 310.2
66.3415, 310.2
66.3788, 310.2
66.4228, 310.2
66.4602, 310.2
66.4728, 310.2
66.4762, 310.2
66.5147, 310.2
66.5489, 310.2
66.5574, 310.2
66.5692, 310.2
66.601, 310.2
66.6135, 310.2
66.6426, 310.2
66.6431, 310.2
66.6455, 310.2
66.6822, 310.2
66.6918, 310.2
66.7, 310.2
66.7206, 310.2
66.7305, 310.2
66.7617, 310.2
66.7729, 310.2
66.783, 310.2
66.8051, 310.2
66.8273, 310.2
66.8836, 310.2
66.891, 310.2
66.8956, 310.2
66.9192, 310.2
66.9358, 310.2
66.9572, 310.2
66.9899, 310.2
67.0189, 310.2
67.0294, 310.2
67.0747, 310.2
67.0772, 310.2
67.0812, 310.2
67.1062, 310.2
67.1363, 310.2
67.1429, 310.2
67.1497, 310.2
67.1771, 310.2
67.2232, 310.2
67.2345, 310.2
67.2534, 310.2
67.2569, 310.2
67.3024, 310.2
67.3196, 310.2
67.3414, 310.2
67.3647, 310.2
67.372, 310.2
67.4006, 310.2
67.4333, 310.2
67.4429, 310.2
67.4731, 310.2
67.4778, 310.2
67.4827, 310.2
67.5111, 310.2
67.5633, 310.2
67.5889, 310.2
67.6051, 310.2
67.6097, 310.2
67.6727, 310.2
67.6818, 310.2
67.6919, 310.2
67.7253, 310.2
67.7502, 310.2
67.7647, 310.2
67.7799, 310.2
67.835, 310.2
67.8686, 310.2
67.8689, 310.2
67.9128, 310.2
67.9442, 310.2
67.9591, 310.2
67.9947, 310.2
68.023, 310.2
68.0615, 310.2
68.0725, 310.2
68.104, 310.2
68.1406, 310.2
68.1794, 310.2
68.1838, 310.2
68.185, 310.2
68.2338, 310.2
68.2369, 310.2
68.2698, 310.2
68.2857, 310.2
68.3339, 310.2
68.3659, 310.2
68.3849, 310.2
68.4661, 310.2
68.4828, 310.2
68.4913, 310.2
68.498, 310.2
68.5321, 310.2
68.5663, 310.2
68.5688, 310.2
68.5735, 310.2
68.6204, 310.2
68.6836, 310.2
68.712, 310.2
68.7245, 310.2
68.7515, 310.2
68.7647, 310.2
68.7748, 310.2
68.808, 310.2
68.8302, 310.2
68.8539, 310.2
68.8705, 310.2
68.8736, 310.2
68.8748, 310.2
68.8902, 310.2
68.9237, 310.2
68.9461, 310.2
68.955, 310.2
68.9721, 310.2
68.9798, 310.2
68.9852, 310.2
69.028, 310.2
69.0435, 310.2
69.0548, 310.2
69.0833, 310.2
69.097, 310.2
69.1149, 310.2
69.128, 310.2
69.1476, 310.2
69.1823, 310.2
69.196, 310.2
69.2133, 310.2
69.2525, 310.2
69.2626, 310.2
69.3012, 310.2
69.3217, 310.2
69.3534, 310.2
69.375, 310.2
69.3983, 310.2
69.4359, 310.2
69.4372, 310.2
69.4383, 310.2
69.488, 310.2
69.4975, 310.2
69.5422, 310.2
69.5451, 310.2
69.5815, 310.2
69.5929, 310.2
69.6027, 310.2
69.6186, 310.2
69.6589, 310.2
69.7032, 310.2
69.7077, 310.2
69.7104, 310.2
69.7116, 310.2
69.7523, 310.2
69.777, 310.2
69.7909, 310.2
69.8129, 310.2
69.8402, 310.2
69.8612, 310.2
69.8964, 310.2
69.8999, 310.2
69.9318, 310.2
69.947, 310.2
69.9675, 310.2
70.0056, 310.2
70.0228, 310.2
70.0547, 310.2
70.0649, 310.2
70.0936, 310.2
70.0956, 310.2
70.0967, 310.2
70.135, 310.2
70.1365, 310.2
70.1785, 310.2
70.1791, 310.2
70.1802, 310.2
70.1813, 310.2
70.2188, 310.2
70.2214, 310.2
70.2578, 310.2
70.2653, 310.2
70.3069, 310.2
70.3248, 310.2
70.3471, 310.2
70.3689, 310.2
70.3746, 310.2
70.414, 310.2
70.4424, 310.2
70.4767, 310.2
70.4982, 310.2
70.5216, 310.2
70.5305, 310.2
70.5454, 310.2
70.5677, 310.2
70.6046, 310.2
70.6067, 310.2
70.612, 310.2
70.6167, 310.2
70.6195, 310.2
70.6416, 310.2
70.6538, 310.2
70.6644, 310.2
70.6921, 310.2
70.6956, 310.2
70.7058, 310.2
70.7366, 310.2
70.7602, 310.2
70.7743, 310.2
70.8106, 310.2
70.8149, 310.2
70.8461, 310.2
70.8825, 310.2
70.8828, 310.2
70.923, 310.2
70.9444, 310.2
70.9563, 310.2
70.9923, 310.2
71.0166, 310.2
71.0281, 310.2
71.0628, 310.2
71.0842, 310.2
71.0971, 310.2
71.1143, 310.2
71.1232, 310.2
71.1591, 310.199
71.1698, 310.199
71.199, 310.199
71.2108, 310.199
71.2271, 310.199
71.2516, 310.199
71.2949, 310.199
71.3197, 310.199
71.3353, 310.199
71.3439, 310.199
71.3598, 310.199
71.3891, 310.199
71.4109, 310.199
71.4379, 310.199
71.4553, 310.199
71.4739, 310.199
71.4952, 310.199
71.5094, 310.199
71.5606, 310.199
71.5621, 310.199
71.5635, 310.199
71.626, 310.199
71.6475, 310.199
71.6843, 310.199
71.6889, 310.199
71.7088, 310.199
71.7121, 310.199
71.7571, 310.199
71.7653, 310.199
71.7762, 310.199
71.8037, 310.199
71.817, 310.199
71.8469, 310.199
71.8678, 310.199
71.9327, 310.199
71.9678, 310.199
71.9863, 310.199
72.0093, 310.199
72.0217, 310.199
72.0411, 310.199
72.064, 310.199
72.0983, 310.199
72.1448, 310.199
72.1557, 310.199
72.1703, 310.199
72.1874, 310.199
72.2367, 310.199
72.2655, 310.199
72.27, 310.199
72.2799, 310.199
72.3281, 310.199
72.3332, 310.199
72.3766, 310.199
72.4044, 310.199
72.4161, 310.199
72.4591, 310.199
72.4702, 310.199
72.5159, 310.199
72.5282, 310.199
72.5627, 310.199
72.5955, 310.199
72.6013, 310.199
72.6353, 310.199
72.6443, 310.199
72.6567, 310.199
72.6772, 310.199
72.7103, 310.199
72.7316, 310.199
72.7674, 310.199
72.7732, 310.199
72.8123, 310.199
72.8585, 310.199
72.8725, 310.199
72.8851, 310.199
72.905, 310.199
72.92, 310.199
72.9505, 310.199
72.9542, 310.199
72.9841, 310.199
73.0049, 310.199
73.0183, 310.199
73.049, 310.199
73.0562, 310.199
73.1076, 310.199
73.1076, 310.199
73.1077, 310.199
73.1082, 310.199
73.147, 310.199
73.1493, 310.199
73.1939, 310.199
73.1952, 310.199
73.1995, 310.199
73.2518, 310.199
73.2757, 310.199
73.304, 310.199
73.3129, 310.199
73.3523, 310.199
73.3613, 310.199
73.3945, 310.199
73.4043, 310.199
73.4143, 310.199
73.4266, 310.199
73.4614, 310.199
73.5057, 310.199
73.5095, 310.199
73.5258, 310.199
73.5745, 310.199
73.6034, 310.199
73.6362, 310.199
73.6582, 310.199
73.6934, 310.199
73.7091, 310.199
73.7218, 310.199
73.7542, 310.199
73.7873, 310.199
73.8015, 310.199
73.8307, 310.199
73.8452, 310.199
73.8687, 310.199
73.8902, 310.199
73.906, 310.199
73.9411, 310.199
73.9487, 310.199
74.0065, 310.199
74.0339, 310.199
74.0498, 310.199
74.0622, 310.199
74.0846, 310.199
74.1032, 310.199
74.1156, 310.199
74.1221, 310.199
74.1663, 310.199
74.1792, 310.199
74.2113, 310.199
74.2389, 310.199
74.2519, 310.199
74.2676, 310.199
74.2896, 310.199
74.3056, 310.199
74.3422, 310.199
74.3548, 310.199
74.3766, 310.199
74.3771, 310.199
74.4285, 310.199
74.4536, 310.199
74.4789, 310.199
74.4901, 310.199
74.509, 310.199
74.5351, 310.199
74.5582, 310.199
74.5685, 310.199
74.5924, 310.199
74.6302, 310.199
74.6618, 310.199
74.6743, 310.199
74.6961, 310.199
74.7241, 310.199
74.7439, 310.199
74.7549, 310.199
74.7627, 310.199
74.8036, 310.199
74.8221, 310.199
74.8389, 310.199
74.842, 310.199
74.8579, 310.199
74.8826, 310.199
74.8879, 310.199
74.9367, 310.199
74.9771, 310.199
75.0023, 310.199
75.0178, 310.199
75.075, 310.199
75.1049, 310.199
75.1263, 310.199
75.1725, 310.198
75.1916, 310.198
75.239, 310.198
75.2816, 310.198
75.3023, 310.198
75.3279, 310.198
75.3368, 310.198
75.3493, 310.198
75.3594, 310.198
75.3627, 310.198
75.3763, 310.198
75.382, 310.198
75.4117, 310.198
75.4255, 310.198
75.4509, 310.198
75.4585, 310.198
75.5101, 310.198
75.5189, 310.198
75.5337, 310.198
75.5763, 310.198
75.6182, 310.198
75.6315, 310.198
75.6659, 310.198
75.6846, 310.198
75.7239, 310.198
75.7394, 310.198
75.766, 310.198
75.7882, 310.198
75.7893, 310.198
75.8032, 310.198
75.8091, 310.198
75.8459, 310.198
75.8861, 310.198
75.893, 310.198
75.92, 310.198
75.9545, 310.198
75.9547, 310.198
75.9974, 310.198
76.0026, 310.198
76.0325, 310.198
76.0668, 310.198
76.0832, 310.198
76.1142, 310.198
76.1229, 310.198
76.1338, 310.198
76.1571, 310.198
76.2021, 310.198
76.2056, 310.198
76.252, 310.198
76.2605, 310.198
76.296, 310.198
76.3211, 310.198
76.3329, 310.198
76.3816, 310.198
76.4119, 310.198
76.4201, 310.198
76.4546, 310.198
76.4798, 310.198
76.4837, 310.198
76.4915, 310.198
76.5343, 310.198
76.5754, 310.198
76.5873, 310.198
76.6235, 310.198
76.6429, 310.198
76.6715, 310.198
76.677, 310.198
76.7161, 310.198
76.7519, 310.198
76.7613, 310.198
76.7699, 310.198
76.8073, 310.198
76.842, 310.198
76.8489, 310.198
76.8576, 310.198
76.8797, 310.198
76.93, 310.198
76.9475, 310.198
76.9818, 310.198
76.9851, 310.198
77.0044, 310.198
77.02, 310.198
77.0363, 310.198
77.0635, 310.198
77.0704, 310.198
77.0802, 310.198
77.1044, 310.198
77.1341, 310.198
77.1616, 310.198
77.1804, 310.198
77.2185, 310.198
77.233, 310.198
77.2628, 310.198
77.2733, 310.198
77.2945, 310.198
77.3198, 310.198
77.3336, 310.198
77.3629, 310.198
77.3859, 310.198
77.4096, 310.197
77.4248, 310.197
77.4561, 310.197
77.4832, 310.197
77.4943, 310.197
77.5168, 310.197
77.5346, 310.197
77.5651, 310.197
77.5725, 310.197
77.5984, 310.197
77.6341, 310.197
77.6351, 310.197
77.672, 310.197
77.6994, 310.197
77.707, 310.197
77.742, 310.197
77.7436, 310.197
77.7463, 310.197
77.7827, 310.197
77.7854, 310.197
77.8182, 310.197
77.8223, 310.197
77.8576, 310.197
77.8935, 310.197
77.9013, 310.197
77.9324, 310.197
77.9683, 310.197
77.9946, 310.197
78.0297, 310.197
78.0455, 310.197
78.0537, 310.197
78.0779, 310.197
78.1062, 310.197
78.1271, 310.197
78.1543, 310.197
78.1575, 310.197
78.1688, 310.197
78.1972, 310.197
78.1982, 310.197
78.2469, 310.197
78.2789, 310.197
78.2807, 310.197
78.3092, 310.197
78.3234, 310.197
78.3416, 310.197
78.3625, 310.197
78.39, 310.197
78.4102, 310.197
78.4382, 310.197
78.4436, 310.197
78.4627, 310.197
78.4759, 310.197
78.4935, 310.197
78.5043, 310.197
78.5312, 310.197
78.5678, 310.197
78.5726, 310.197
78.5833, 310.197
78.6246, 310.197
78.6608, 310.197
78.6781, 310.197
78.7163, 310.197
78.7756, 310.197
78.7799, 310.197
78.7836, 310.197
78.8154, 310.197
78.8175, 310.197
78.8397, 310.197
78.8748, 310.197
78.9007, 310.197
78.9259, 310.197
78.9327, 310.197
78.9448, 310.197
78.9829, 310.197
79.0054, 310.197
79.0183, 310.197
79.0676, 310.196
79.0792, 310.196
79.1102, 310.196
79.1175, 310.196
79.1586, 310.196
79.1649, 310.196
79.1859, 310.196
79.199, 310.196
79.2107, 310.196
79.2454, 310.196
79.2571, 310.196
79.3012, 310.196
79.3065, 310.196
79.3431, 310.196
79.3471, 310.196
79.3516, 310.196
79.3992, 310.196
79.4343, 310.196
79.4402, 310.196
79.4847, 310.196
79.4935, 310.196
79.4971, 310.196
79.5448, 310.196
79.5833, 310.196
79.6009, 310.196
79.6431, 310.196
79.6468, 310.196
79.6856, 310.196
79.6993, 310.196
79.7377, 310.196
79.7546, 310.196
79.7924, 310.196
79.8291, 310.196
79.8338, 310.196
79.8614, 310.196
79.8701, 310.196
79.8837, 310.196
79.8969, 310.196
79.9061, 310.196
79.9115, 310.196
79.9325, 310.196
79.9644, 310.196
80, 310.196
80.0339, 310.195
80, 310.196


