X,T
0, 310.15
0.0223076, 310.15
0.0429027, 310.15
0.506941, 310.15
0.542201, 310.15
0.725034, 310.15
0.976811, 310.15
0.988672, 310.15
1.22767, 310.15
1.25603, 310.15
1.38189, 310.15
1.45698, 310.15
1.47341, 310.15
1.48273, 310.15
1.7319, 310.15
1.74278, 310.15
2.10517, 310.15
2.38285, 310.15
2.39967, 310.15
2.64168, 310.15
2.66471, 310.15
2.77949, 310.15
3.01236, 310.15
3.05856, 310.15
3.1811, 310.15
3.21781, 310.15
3.44503, 310.15
3.55652, 310.15
3.7952, 310.15
3.84018, 310.15
3.86184, 310.15
3.92051, 310.15
4.46159, 310.15
4.68766, 310.15
4.69872, 310.15
5.0887, 310.15
5.12432, 310.15
5.18219, 310.15
5.22048, 310.15
5.24242, 310.15
5.6116, 310.15
5.9591, 310.15
5.97698, 310.15
6.01516, 310.15
6.15769, 310.15
6.24791, 310.15
6.6457, 310.15
6.65367, 310.15
6.83636, 310.15
7.31172, 310.15
7.32963, 310.15
7.34573, 310.15
7.61104, 310.15
7.62982, 310.15
7.70786, 310.15
7.73281, 310.15
7.75833, 310.15
8.01729, 310.15
8.03412, 310.15
8.21126, 310.15
8.22694, 310.15
8.53239, 310.15
8.83788, 310.15
8.86347, 310.15
8.91117, 310.15
8.93084, 310.15
9.17508, 310.15
9.51635, 310.15
9.54399, 310.15
9.61147, 310.15
9.8918, 310.15
10.2154, 310.15
10.2326, 310.15
10.3733, 310.15
10.4068, 310.15
10.7114, 310.15
10.9521, 310.15
10.9731, 310.15
11.1256, 310.15
11.2513, 310.15
11.2782, 310.15
11.6714, 310.15
11.7489, 310.15
12.0967, 310.15
12.1168, 310.15
12.5003, 310.15
12.5325, 310.15
12.9941, 310.15
13.0033, 310.15
13.0189, 310.15
13.0233, 310.15
13.0278, 310.15
13.4894, 310.15
13.6596, 310.15
13.7039, 310.15
13.9848, 310.15
14.0003, 310.15
14.4982, 310.15
14.6789, 310.15
14.6985, 310.15
14.9899, 310.15
15.0125, 310.15
15.1288, 310.15
15.2694, 310.15
15.3001, 310.15
15.5325, 310.15
15.6684, 310.15
15.9731, 310.15
16.3832, 310.15
16.3876, 310.15
16.4095, 310.15
16.4194, 310.15
17.0398, 310.15
17.0692, 310.15
17.2043, 310.15
17.4009, 310.15
17.4281, 310.15
17.7116, 310.15
17.7337, 310.15
18.0774, 310.15
18.4153, 310.15
18.4582, 310.15
18.4701, 310.15
18.4846, 310.15
19.131, 310.15
19.2108, 310.15
19.235, 310.15
19.4627, 310.15
19.493, 310.15
19.9319, 310.15
19.9482, 310.15
19.9685, 310.15
20.2866, 310.15
20.4551, 310.15
20.5564, 310.15
20.9435, 310.15
21.3707, 310.15
21.3995, 310.15
21.5218, 310.15
21.5385, 310.15
21.7521, 310.15
22.1546, 310.15
22.1768, 310.15
22.382, 310.15
22.9645, 310.15
22.9784, 310.15
23.0738, 310.15
23.0981, 310.15
23.5824, 310.15
23.9485, 310.15
23.9714, 310.15
24.0711, 310.15
24.1, 310.15
24.3962, 310.15
24.7761, 310.15
24.7968, 310.15
24.9688, 310.15
24.984, 310.15
25.1843, 310.15
25.2017, 310.15
25.2155, 310.15
25.5303, 310.15
25.8523, 310.15
26.1039, 310.15
26.1168, 310.15
26.1299, 310.15
26.2692, 310.15
26.7119, 310.15
26.7648, 310.15
26.7761, 310.15
26.7908, 310.15
26.7991, 310.15
26.855, 310.15
27.006, 310.15
27.4037, 310.15
27.4231, 310.15
27.4588, 310.15
27.9599, 310.15
28.1899, 310.15
28.2123, 310.15
28.7218, 310.15
28.8803, 310.15
28.8965, 310.15
29.0015, 310.15
29.518, 310.15
29.5366, 310.15
29.7117, 310.15
29.7234, 310.15
29.9854, 310.15
29.9981, 310.15
30.2141, 310.15
30.2388, 310.15
30.5169, 310.15
30.7627, 310.15
30.8162, 310.15
30.9104, 310.15
31.0019, 310.15
31.03, 310.15
31.5031, 310.15
32.007, 310.15
32.0159, 310.15
32.0297, 310.15
32.0422, 310.15
32.0502, 310.15
32.4459, 310.15
32.8107, 310.15
32.8306, 310.15
32.8874, 310.15
32.9225, 310.15
32.9921, 310.15
33.6385, 310.15
33.6604, 310.15
33.8275, 310.15
33.8417, 310.15
34.2425, 310.15
34.7661, 310.15
34.7849, 310.15
34.7857, 310.15
34.7861, 310.15
34.7863, 310.15
35.3893, 310.15
35.402, 310.15
35.4404, 310.15
35.5179, 310.15
35.5713, 310.15
35.8609, 310.15
36.0129, 310.15
36.0451, 310.15
36.254, 310.15
36.4792, 310.15
36.5641, 310.15
36.6117, 310.15
36.7275, 310.15
36.7735, 310.15
37.3911, 310.15
37.5687, 310.15
37.5819, 310.15
37.937, 310.15
38.2742, 310.15
38.2957, 310.15
38.3109, 310.15
38.3336, 310.15
38.3359, 310.15
38.3668, 310.15
38.3791, 310.15
38.5063, 310.15
39.2901, 310.15
39.3064, 310.15
39.3236, 310.15
39.5877, 310.15
39.8599, 310.15
40.0062, 310.15
40.3757, 310.15
40.4151, 310.15
40.5529, 310.15
40.8053, 310.15
40.826, 310.15
41.4204, 310.15
41.4575, 310.15
41.4868, 310.15
41.5063, 310.15
41.5241, 310.15
41.6661, 310.15
42.1176, 310.15
42.1335, 310.15
42.2321, 310.15
42.2561, 310.15
42.7548, 310.15
42.7648, 310.15
42.9036, 310.15
43.0919, 310.15
43.1117, 310.15
43.3596, 310.15
43.4346, 310.15
43.5003, 310.15
44.0606, 310.15
44.0906, 310.15
44.0982, 310.15
44.1296, 310.15
44.1444, 310.15
44.1512, 310.15
44.1643, 310.15
44.5466, 310.15
44.9182, 310.15
44.9338, 310.15
44.9789, 310.15
44.9941, 310.15
45.2866, 310.15
45.3039, 310.15
45.4949, 310.15
45.844, 310.15
46.0045, 310.15
46.0181, 310.15
46.0291, 310.15
46.5098, 310.151
46.5202, 310.151
46.6661, 310.151
46.6835, 310.151
46.9874, 310.151
47.1423, 310.151
47.1596, 310.151
47.3901, 310.151
47.7137, 310.151
47.9277, 310.151
47.9539, 310.151
48.253, 310.152
48.2703, 310.152
48.6594, 310.152
48.6765, 310.152
49.1291, 310.153
49.3539, 310.153
49.3654, 310.153
49.4151, 310.153
49.5119, 310.153
49.6862, 310.154
49.8015, 310.154
49.8292, 310.154
49.8548, 310.154
49.8981, 310.155
49.9188, 310.155
50, 310.155
50.0526, 310.155
50.0918, 310.155
50.1332, 310.155
50.134, 310.155
50.1344, 310.155
50.1403, 310.155
50.1818, 310.155
50.1854, 310.155
50.1955, 310.155
50.2414, 310.155
50.2897, 310.155
50.3018, 310.155
50.3215, 310.155
50.336, 310.155
50.3502, 310.155
50.3832, 310.155
50.4333, 310.155
50.4431, 310.155
50.4542, 310.155
50.4719, 310.155
50.4894, 310.155
50.5257, 310.155
50.5267, 310.155
50.5302, 310.155
50.5694, 310.155
50.5784, 310.155
50.6152, 310.155
50.6344, 310.155
50.6467, 310.155
50.67, 310.155
50.673, 310.155
50.6759, 310.155
50.7183, 310.155
50.7358, 310.155
50.7901, 310.155
50.7978, 310.155
50.8181, 310.155
50.8342, 310.155
50.8505, 310.155
50.9017, 310.156
50.9221, 310.156
50.9471, 310.156
50.967, 310.156
51.013, 310.156
51.0188, 310.156
51.0546, 310.156
51.0607, 310.156
51.0947, 310.156
51.1201, 310.156
51.1329, 310.156
51.174, 310.156
51.1888, 310.156
51.218, 310.156
51.2333, 310.156
51.2373, 310.156
51.2489, 310.156
51.2985, 310.156
51.3403, 310.156
51.3466, 310.156
51.4152, 310.156
51.454, 310.156
51.4596, 310.156
51.4614, 310.156
51.468, 310.156
51.5265, 310.156
51.5483, 310.156
51.5709, 310.156
51.5924, 310.156
51.6211, 310.156
51.6358, 310.156
51.6535, 310.156
51.6945, 310.156
51.7258, 310.156
51.7541, 310.156
51.7721, 310.156
51.8036, 310.156
51.809, 310.156
51.8364, 310.156
51.846, 310.156
51.8746, 310.156
51.8942, 310.156
51.9059, 310.156
51.9251, 310.156
51.9419, 310.156
51.9742, 310.156
52.0157, 310.156
52.0231, 310.156
52.0272, 310.156
52.0529, 310.156
52.0654, 310.156
52.0676, 310.156
52.0968, 310.156
52.0985, 310.156
52.104, 310.156
52.1506, 310.156
52.1557, 310.156
52.1613, 310.156
52.1942, 310.156
52.2193, 310.156
52.2211, 310.156
52.2584, 310.156
52.2701, 310.156
52.2989, 310.156
52.3081, 310.156
52.3322, 310.156
52.3672, 310.156
52.3673, 310.156
52.3673, 310.156
52.4, 310.156
52.4144, 310.156
52.4624, 310.156
52.4906, 310.156
52.5307, 310.156
52.5545, 310.156
52.5838, 310.156
52.5981, 310.156
52.6268, 310.156
52.673, 310.156
52.6731, 310.156
52.6861, 310.156
52.713, 310.156
52.7432, 310.156
52.7504, 310.156
52.7896, 310.156
52.8299, 310.157
52.8373, 310.157
52.8809, 310.157
52.8878, 310.157
52.8969, 310.157
52.9099, 310.157
52.9224, 310.157
52.929, 310.157
52.9746, 310.157
52.9766, 310.157
53.0078, 310.157
53.0161, 310.157
53.0321, 310.157
53.0598, 310.157
53.108, 310.157
53.127, 310.157
53.1409, 310.157
53.1782, 310.157
53.202, 310.157
53.2377, 310.157
53.2526, 310.157
53.3043, 310.157
53.3066, 310.157
53.3349, 310.157
53.3366, 310.157
53.3859, 310.157
53.392, 310.157
53.3976, 310.157
53.4691, 310.157
53.4785, 310.157
53.482, 310.157
53.5046, 310.157
53.5198, 310.157
53.5531, 310.157
53.5708, 310.157
53.5941, 310.157
53.6141, 310.157
53.6397, 310.157
53.6548, 310.157
53.6712, 310.157
53.6786, 310.157
53.6889, 310.157
53.6925, 310.157
53.7129, 310.157
53.7264, 310.157
53.796, 310.157
53.7961, 310.157
53.7962, 310.157
53.8637, 310.157
53.8649, 310.157
53.8674, 310.157
53.8955, 310.157
53.9067, 310.157
53.9318, 310.157
53.9631, 310.157
53.9632, 310.157
53.9957, 310.157
54.007, 310.158
54.049, 310.158
54.0784, 310.158
54.0888, 310.158
54.0949, 310.158
54.0978, 310.158
54.1207, 310.158
54.1464, 310.158
54.2095, 310.158
54.2437, 310.158
54.256, 310.158
54.2739, 310.158
54.2905, 310.158
54.292, 310.158
54.3239, 310.158
54.3336, 310.158
54.3617, 310.158
54.3918, 310.158
54.3939, 310.158
54.4198, 310.158
54.4325, 310.158
54.5098, 310.158
54.5289, 310.158
54.539, 310.158
54.5713, 310.158
54.6377, 310.158
54.6506, 310.158
54.6743, 310.158
54.6869, 310.158
54.6936, 310.158
54.7042, 310.158
54.7135, 310.158
54.7412, 310.158
54.7706, 310.158
54.801, 310.158
54.8077, 310.158
54.8666, 310.158
54.8957, 310.158
54.9024, 310.158
54.99, 310.159
54.9907, 310.159
55.0008, 310.159
55.055, 310.159
55.0676, 310.159
55.1235, 310.159
55.1255, 310.159
55.1291, 310.159
55.1638, 310.159
55.2168, 310.159
55.221, 310.159
55.2651, 310.159
55.3086, 310.159
55.3156, 310.159
55.3473, 310.159
55.3665, 310.159
55.4238, 310.159
55.4246, 310.159
55.4251, 310.159
55.4979, 310.159
55.5134, 310.159
55.5529, 310.159
55.5823, 310.159
55.6062, 310.159
55.6126, 310.159
55.676, 310.16
55.6821, 310.16
55.6944, 310.16
55.7293, 310.16
55.7436, 310.16
55.7759, 310.16
55.7905, 310.16
55.8181, 310.16
55.8253, 310.16
55.8767, 310.16
55.8812, 310.16
55.8893, 310.16
55.9215, 310.16
55.9404, 310.16
55.9674, 310.16
55.9751, 310.16
56.0183, 310.16
56.0232, 310.16
56.0356, 310.16
56.0655, 310.16
56.1012, 310.16
56.1227, 310.16
56.1493, 310.16
56.1995, 310.16
56.2021, 310.16
56.2404, 310.16
56.2765, 310.16
56.2864, 310.16
56.2883, 310.16
56.3334, 310.161
56.3564, 310.161
56.3702, 310.161
56.3918, 310.161
56.4075, 310.161
56.4172, 310.161
56.4352, 310.161
56.5006, 310.161
56.5252, 310.161
56.545, 310.161
56.5579, 310.161
56.5896, 310.161
56.5911, 310.161
56.6307, 310.161
56.6367, 310.161
56.6691, 310.161
56.6903, 310.161
56.7196, 310.161
56.7608, 310.161
56.764, 310.161
56.8046, 310.161
56.8065, 310.161
56.8357, 310.161
56.8442, 310.161
56.8737, 310.161
56.8962, 310.162
56.9417, 310.162
56.9742, 310.162
57.0139, 310.162
57.0173, 310.162
57.0573, 310.162
57.0598, 310.162
57.1107, 310.162
57.123, 310.162
57.1512, 310.162
57.1727, 310.162
57.1815, 310.162
57.2255, 310.162
57.2518, 310.162
57.267, 310.162
57.2744, 310.162
57.3296, 310.162
57.3636, 310.162
57.3848, 310.162
57.4351, 310.163
57.4353, 310.163
57.4602, 310.163
57.4973, 310.163
57.5363, 310.163
57.5424, 310.163
57.5581, 310.163
57.5797, 310.163
57.5858, 310.163
57.6183, 310.163
57.65, 310.163
57.7037, 310.163
57.723, 310.163
57.7597, 310.163
57.7883, 310.163
57.8086, 310.163
57.8334, 310.163
57.8653, 310.164
57.8875, 310.164
57.9204, 310.164
57.9306, 310.164
57.953, 310.164
57.979, 310.164
57.9895, 310.164
58.0159, 310.164
58.0322, 310.164
58.0497, 310.164
58.0788, 310.164
58.1254, 310.164
58.1275, 310.164
58.1307, 310.164
58.1796, 310.164
58.1961, 310.164
58.2379, 310.164
58.2606, 310.165
58.2899, 310.165
58.2939, 310.165
58.3, 310.165
58.385, 310.165
58.3914, 310.165
58.4064, 310.165
58.4389, 310.165
58.4904, 310.165
58.5098, 310.165
58.5273, 310.165
58.5373, 310.165
58.558, 310.165
58.5728, 310.165
58.6075, 310.165
58.6136, 310.165
58.6594, 310.166
58.6835, 310.166
58.6929, 310.166
58.716, 310.166
58.7232, 310.166
58.7268, 310.166
58.7627, 310.166
58.7924, 310.166
58.7942, 310.166
58.8121, 310.166
58.8439, 310.166
58.849, 310.166
58.8737, 310.166
58.8915, 310.166
58.9359, 310.166
58.9611, 310.166
58.9845, 310.166
59.001, 310.167
59.0367, 310.167
59.0472, 310.167
59.0743, 310.167
59.0944, 310.167
59.0994, 310.167
59.1277, 310.167
59.1485, 310.167
59.1783, 310.167
59.1938, 310.167
59.2178, 310.167
59.2379, 310.167
59.2459, 310.167
59.2632, 310.167
59.291, 310.167
59.2981, 310.167
59.3167, 310.167
59.3421, 310.168
59.4074, 310.168
59.4098, 310.168
59.4274, 310.168
59.4293, 310.168
59.4342, 310.168
59.4789, 310.168
59.4945, 310.168
59.5376, 310.168
59.5478, 310.168
59.5646, 310.168
59.5773, 310.168
59.6209, 310.168
59.6457, 310.169
59.6484, 310.169
59.6492, 310.169
59.6513, 310.169
59.6528, 310.169
59.7025, 310.169
59.7431, 310.169
59.7656, 310.169
59.7681, 310.169
59.814, 310.169
59.8319, 310.169
59.8652, 310.169
59.87, 310.169
59.8834, 310.169
59.9235, 310.17
59.9436, 310.17
60.0092, 310.17
60.0094, 310.17
60.0099, 310.17
60.0538, 310.17
60.0919, 310.17
60.1264, 310.17
60.1387, 310.17
60.1686, 310.17
60.176, 310.17
60.1779, 310.17
60.2149, 310.171
60.2615, 310.171
60.2673, 310.171
60.3084, 310.171
60.3172, 310.171
60.3438, 310.171
60.353, 310.171
60.3731, 310.171
60.4139, 310.171
60.4442, 310.172
60.4949, 310.172
60.5022, 310.172
60.5067, 310.172
60.5172, 310.172
60.5409, 310.172
60.5495, 310.172
60.5724, 310.172
60.6229, 310.172
60.627, 310.172
60.668, 310.172
60.6999, 310.173
60.7235, 310.173
60.7389, 310.173
60.7565, 310.173
60.7857, 310.173
60.7948, 310.173
60.8306, 310.173
60.8601, 310.173
60.8703, 310.173
60.9392, 310.174
60.9399, 310.174
60.9416, 310.174
60.9422, 310.174
60.9438, 310.174
61.0267, 310.174
61.0584, 310.174
61.0728, 310.174
61.0985, 310.174
61.1052, 310.174
61.1242, 310.174
61.1578, 310.175
61.1865, 310.175
61.2066, 310.175
61.2389, 310.175
61.2619, 310.175
61.29, 310.175
61.2993, 310.175
61.3253, 310.175
61.3456, 310.176
61.3709, 310.176
61.4133, 310.176
61.4737, 310.176
61.4747, 310.176
61.4748, 310.176
61.475, 310.176
61.4773, 310.176
61.5402, 310.176
61.5528, 310.177
61.562, 310.177
61.572, 310.177
61.5992, 310.177
61.6061, 310.177
61.6262, 310.177
61.6457, 310.177
61.6534, 310.177
61.7132, 310.177
61.7175, 310.177
61.7242, 310.177
61.7569, 310.178
61.7771, 310.178
61.7929, 310.178
61.8121, 310.178
61.8414, 310.178
61.8779, 310.178
61.8945, 310.178
61.9232, 310.179
61.9349, 310.179
61.9683, 310.179
62.0009, 310.179
62.0018, 310.179
62.0317, 310.179
62.049, 310.179
62.0689, 310.179
62.0997, 310.18
62.105, 310.18
62.126, 310.18
62.1434, 310.18
62.1504, 310.18
62.1689, 310.18
62.2011, 310.18
62.216, 310.18
62.2733, 310.181
62.2947, 310.181
62.3167, 310.181
62.3401, 310.181
62.3439, 310.181
62.3661, 310.181
62.3831, 310.181
62.3886, 310.181
62.4206, 310.181
62.456, 310.182
62.4793, 310.182
62.4932, 310.182
62.5124, 310.182
62.5333, 310.182
62.5487, 310.182
62.5785, 310.182
62.5859, 310.182
62.6091, 310.183
62.6169, 310.183
62.634, 310.183
62.717, 310.183
62.7196, 310.183
62.7207, 310.183
62.7235, 310.183
62.758, 310.184
62.8042, 310.184
62.8261, 310.184
62.8626, 310.184
62.8717, 310.184
62.9237, 310.185
62.9417, 310.185
62.9733, 310.185
62.9962, 310.185
63.0356, 310.186
63.0526, 310.186
63.0702, 310.186
63.0944, 310.186
63.0955, 310.186
63.133, 310.186
63.1614, 310.186
63.1729, 310.187
63.1999, 310.187
63.2377, 310.187
63.2462, 310.187
63.2697, 310.187
63.2815, 310.187
63.3273, 310.188
63.3366, 310.188
63.3495, 310.188
63.3755, 310.188
63.4014, 310.188
63.4145, 310.188
63.4276, 310.188
63.4513, 310.189
63.5185, 310.189
63.519, 310.189
63.571, 310.19
63.5752, 310.19
63.6078, 310.19
63.6121, 310.19
63.6606, 310.19
63.67, 310.19
63.6772, 310.19
63.6941, 310.191
63.7284, 310.191
63.7472, 310.191
63.7473, 310.191
63.7625, 310.191
63.7901, 310.191
63.8263, 310.192
63.827, 310.192
63.8298, 310.192
63.8749, 310.192
63.897, 310.192
63.9092, 310.192
63.9516, 310.193
63.9811, 310.193
64.0018, 310.193
64.0291, 310.193
64.0482, 310.194
64.09, 310.194
64.1696, 310.195
64.1979, 310.195
64.2018, 310.195
64.2074, 310.195
64.2362, 310.195
64.2676, 310.196
64.2756, 310.196
64.3141, 310.196
64.3293, 310.196
64.3369, 310.196
64.3435, 310.196
64.3835, 310.197
64.3914, 310.197
64.4213, 310.197
64.4237, 310.197
64.4335, 310.197
64.4637, 310.198
64.4803, 310.198
64.5074, 310.198
64.5186, 310.198
64.5384, 310.198
64.5614, 310.199
64.5739, 310.199
64.5767, 310.199
64.6195, 310.199
64.6215, 310.199
64.6635, 310.2
64.6763, 310.2
64.7101, 310.2
64.7183, 310.2
64.7416, 310.2
64.7762, 310.201
64.7792, 310.201
64.7874, 310.201
64.809, 310.201
64.8389, 310.201
64.8499, 310.202
64.9037, 310.202
64.9258, 310.202
64.9487, 310.203
64.9972, 310.203
65.0096, 310.203
65.054, 310.204
65.0875, 310.204
65.0942, 310.204
65.1203, 310.205
65.158, 310.205
65.1755, 310.205
65.1931, 310.206
65.2118, 310.206
65.2322, 310.206
65.2729, 310.206
65.2735, 310.206
65.3077, 310.207
65.3084, 310.207
65.346, 310.207
65.3549, 310.207
65.391, 310.208
65.4203, 310.208
65.4249, 310.208
65.4284, 310.208
65.4676, 310.209
65.4708, 310.209
65.4869, 310.209
65.524, 310.21
65.5559, 310.21
65.584, 310.21
65.6007, 310.211
65.6369, 310.211
65.6668, 310.212
65.6807, 310.212
65.7093, 310.212
65.7411, 310.213
65.7573, 310.213
65.7916, 310.213
65.7942, 310.213
65.8006, 310.213
65.8683, 310.214
65.8811, 310.215
65.9256, 310.215
65.9256, 310.215
65.9257, 310.215
65.9259, 310.215
65.9604, 310.216
66.004, 310.216
66.0352, 310.217
66.0558, 310.217
66.0637, 310.217
66.1022, 310.218
66.1033, 310.218
66.107, 310.218
66.172, 310.219
66.1954, 310.219
66.2439, 310.22
66.2944, 310.221
66.2983, 310.221
66.3125, 310.221
66.3335, 310.221
66.3415, 310.222
66.3788, 310.222
66.4228, 310.223
66.4602, 310.223
66.4728, 310.224
66.4762, 310.224
66.5147, 310.224
66.5489, 310.225
66.5574, 310.225
66.5692, 310.225
66.601, 310.226
66.6135, 310.226
66.6426, 310.227
66.6431, 310.227
66.6455, 310.227
66.6822, 310.227
66.6918, 310.228
66.7, 310.228
66.7206, 310.228
66.7305, 310.228
66.7617, 310.229
66.7729, 310.229
66.783, 310.229
66.8051, 310.23
66.8273, 310.23
66.8836, 310.231
66.891, 310.231
66.8956, 310.231
66.9192, 310.232
66.9358, 310.232
66.9572, 310.232
66.9899, 310.233
67.0189, 310.234
67.0294, 310.234
67.0747, 310.235
67.0772, 310.235
67.0812, 310.235
67.1062, 310.235
67.1363, 310.236
67.1429, 310.236
67.1497, 310.236
67.1771, 310.237
67.2232, 310.238
67.2345, 310.238
67.2534, 310.239
67.2569, 310.239
67.3024, 310.24
67.3196, 310.24
67.3414, 310.24
67.3647, 310.241
67.372, 310.241
67.4006, 310.242
67.4333, 310.242
67.4429, 310.243
67.4731, 310.243
67.4778, 310.243
67.4827, 310.244
67.5111, 310.244
67.5633, 310.245
67.5889, 310.246
67.6051, 310.246
67.6097, 310.247
67.6727, 310.248
67.6818, 310.248
67.6919, 310.249
67.7253, 310.249
67.7502, 310.25
67.7647, 310.25
67.7799, 310.251
67.835, 310.252
67.8686, 310.253
67.8689, 310.253
67.9128, 310.254
67.9442, 310.255
67.9591, 310.255
67.9947, 310.256
68.023, 310.257
68.0615, 310.258
68.0725, 310.258
68.104, 310.259
68.1406, 310.26
68.1794, 310.261
68.1838, 310.262
68.185, 310.262
68.2338, 310.263
68.2369, 310.263
68.2698, 310.264
68.2857, 310.265
68.3339, 310.266
68.3659, 310.267
68.3849, 310.268
68.4661, 310.27
68.4828, 310.271
68.4913, 310.271
68.498, 310.271
68.5321, 310.272
68.5663, 310.273
68.5688, 310.274
68.5735, 310.274
68.6204, 310.275
68.6836, 310.277
68.712, 310.278
68.7245, 310.279
68.7515, 310.28
68.7647, 310.28
68.7748, 310.281
68.808, 310.282
68.8302, 310.283
68.8539, 310.284
68.8705, 310.284
68.8736, 310.284
68.8748, 310.284
68.8902, 310.285
68.9237, 310.286
68.9461, 310.287
68.955, 310.287
68.9721, 310.288
68.9798, 310.288
68.9852, 310.289
69.028, 310.29
69.0435, 310.291
69.0548, 310.291
69.0833, 310.293
69.097, 310.293
69.1149, 310.294
69.128, 310.294
69.1476, 310.295
69.1823, 310.297
69.196, 310.297
69.2133, 310.298
69.2525, 310.3
69.2626, 310.3
69.3012, 310.302
69.3217, 310.303
69.3534, 310.304
69.375, 310.305
69.3983, 310.306
69.4359, 310.308
69.4372, 310.308
69.4383, 310.308
69.488, 310.311
69.4975, 310.311
69.5422, 310.313
69.5451, 310.313
69.5815, 310.315
69.5929, 310.316
69.6027, 310.316
69.6186, 310.317
69.6589, 310.319
69.7032, 310.322
69.7077, 310.322
69.7104, 310.322
69.7116, 310.322
69.7523, 310.324
69.777, 310.326
69.7909, 310.327
69.8129, 310.328
69.8402, 310.329
69.8612, 310.331
69.8964, 310.333
69.8999, 310.333
69.9318, 310.335
69.947, 310.336
69.9675, 310.337
70.0056, 310.339
70.0228, 310.341
70.0547, 310.343
70.0649, 310.343
70.0936, 310.345
70.0956, 310.345
70.0967, 310.345
70.135, 310.348
70.1365, 310.348
70.1785, 310.351
70.1791, 310.351
70.1802, 310.351
70.1813, 310.351
70.2188, 310.354
70.2214, 310.354
70.2578, 310.357
70.2653, 310.357
70.3069, 310.36
70.3248, 310.362
70.3471, 310.364
70.3689, 310.365
70.3746, 310.366
70.414, 310.369
70.4424, 310.371
70.4767, 310.374
70.4982, 310.376
70.5216, 310.378
70.5305, 310.379
70.5454, 310.38
70.5677, 310.382
70.6046, 310.386
70.6067, 310.386
70.612, 310.386
70.6167, 310.387
70.6195, 310.387
70.6416, 310.389
70.6538, 310.39
70.6644, 310.391
70.6921, 310.394
70.6956, 310.394
70.7058, 310.395
70.7366, 310.398
70.7602, 310.401
70.7743, 310.402
70.8106, 310.406
70.8149, 310.407
70.8461, 310.41
70.8825, 310.415
70.8828, 310.415
70.923, 310.419
70.9444, 310.422
70.9563, 310.423
70.9923, 310.428
71.0166, 310.431
71.0281, 310.433
71.0628, 310.438
71.0842, 310.441
71.0971, 310.442
71.1143, 310.445
71.1232, 310.446
71.1591, 310.452
71.1698, 310.453
71.199, 310.458
71.2108, 310.46
71.2271, 310.462
71.2516, 310.467
71.2949, 310.475
71.3197, 310.479
71.3353, 310.482
71.3439, 310.484
71.3598, 310.487
71.3891, 310.493
71.4109, 310.498
71.4379, 310.504
71.4553, 310.508
71.4739, 310.512
71.4952, 310.517
71.5094, 310.52
71.5606, 310.534
71.5621, 310.534
71.5635, 310.534
71.626, 310.553
71.6475, 310.56
71.6843, 310.572
71.6889, 310.574
71.7088, 310.581
71.7121, 310.583
71.7571, 310.601
71.7653, 310.604
71.7762, 310.61
71.8037, 310.624
71.817, 310.63
71.8469, 310.641
71.8678, 310.648
71.9327, 310.675
71.9678, 310.682
71.9863, 310.686
72.0093, 310.689
72.0217, 310.688
72.0411, 310.684
72.064, 310.679
72.0983, 310.668
72.1448, 310.646
72.1557, 310.642
72.1703, 310.636
72.1874, 310.627
72.2367, 310.606
72.2655, 310.594
72.27, 310.592
72.2799, 310.588
72.3281, 310.571
72.3332, 310.569
72.3766, 310.554
72.4044, 310.545
72.4161, 310.542
72.4591, 310.53
72.4702, 310.527
72.5159, 310.516
72.5282, 310.513
72.5627, 310.505
72.5955, 310.498
72.6013, 310.497
72.6353, 310.49
72.6443, 310.488
72.6567, 310.486
72.6772, 310.482
72.7103, 310.476
72.7316, 310.472
72.7674, 310.466
72.7732, 310.465
72.8123, 310.459
72.8585, 310.451
72.8725, 310.449
72.8851, 310.448
72.905, 310.445
72.92, 310.443
72.9505, 310.438
72.9542, 310.438
72.9841, 310.434
73.0049, 310.431
73.0183, 310.43
73.049, 310.426
73.0562, 310.425
73.1076, 310.419
73.1076, 310.419
73.1077, 310.419
73.1082, 310.419
73.147, 310.414
73.1493, 310.414
73.1939, 310.409
73.1952, 310.409
73.1995, 310.409
73.2518, 310.403
73.2757, 310.401
73.304, 310.398
73.3129, 310.397
73.3523, 310.393
73.3613, 310.392
73.3945, 310.389
73.4043, 310.388
73.4143, 310.387
73.4266, 310.386
73.4614, 310.383
73.5057, 310.38
73.5095, 310.379
73.5258, 310.378
73.5745, 310.374
73.6034, 310.372
73.6362, 310.369
73.6582, 310.368
73.6934, 310.365
73.7091, 310.364
73.7218, 310.363
73.7542, 310.361
73.7873, 310.358
73.8015, 310.357
73.8307, 310.355
73.8452, 310.354
73.8687, 310.353
73.8902, 310.351
73.906, 310.35
73.9411, 310.348
73.9487, 310.348
74.0065, 310.344
74.0339, 310.342
74.0498, 310.341
74.0622, 310.341
74.0846, 310.339
74.1032, 310.338
74.1156, 310.338
74.1221, 310.337
74.1663, 310.335
74.1792, 310.334
74.2113, 310.332
74.2389, 310.331
74.2519, 310.33
74.2676, 310.329
74.2896, 310.328
74.3056, 310.327
74.3422, 310.326
74.3548, 310.325
74.3766, 310.324
74.3771, 310.324
74.4285, 310.321
74.4536, 310.32
74.4789, 310.319
74.4901, 310.318
74.509, 310.318
74.5351, 310.316
74.5582, 310.315
74.5685, 310.315
74.5924, 310.314
74.6302, 310.312
74.6618, 310.311
74.6743, 310.31
74.6961, 310.309
74.7241, 310.308
74.7439, 310.307
74.7549, 310.307
74.7627, 310.307
74.8036, 310.305
74.8221, 310.304
74.8389, 310.303
74.842, 310.303
74.8579, 310.303
74.8826, 310.302
74.8879, 310.302
74.9367, 310.3
74.9771, 310.298
75.0023, 310.297
75.0178, 310.297
75.075, 310.295
75.1049, 310.294
75.1263, 310.293
75.1725, 310.291
75.1916, 310.291
75.239, 310.289
75.2816, 310.288
75.3023, 310.287
75.3279, 310.286
75.3368, 310.286
75.3493, 310.286
75.3594, 310.285
75.3627, 310.285
75.3763, 310.285
75.382, 310.285
75.4117, 310.284
75.4255, 310.283
75.4509, 310.283
75.4585, 310.282
75.5101, 310.281
75.5189, 310.281
75.5337, 310.28
75.5763, 310.279
75.6182, 310.278
75.6315, 310.277
75.6659, 310.276
75.6846, 310.276
75.7239, 310.275
75.7394, 310.274
75.766, 310.274
75.7882, 310.273
75.7893, 310.273
75.8032, 310.273
75.8091, 310.273
75.8459, 310.272
75.8861, 310.271
75.893, 310.271
75.92, 310.27
75.9545, 310.269
75.9547, 310.269
75.9974, 310.268
76.0026, 310.268
76.0325, 310.267
76.0668, 310.266
76.0832, 310.266
76.1142, 310.265
76.1229, 310.265
76.1338, 310.265
76.1571, 310.264
76.2021, 310.263
76.2056, 310.263
76.252, 310.262
76.2605, 310.262
76.296, 310.261
76.3211, 310.261
76.3329, 310.261
76.3816, 310.26
76.4119, 310.259
76.4201, 310.259
76.4546, 310.258
76.4798, 310.258
76.4837, 310.258
76.4915, 310.257
76.5343, 310.257
76.5754, 310.256
76.5873, 310.256
76.6235, 310.255
76.6429, 310.255
76.6715, 310.254
76.677, 310.254
76.7161, 310.253
76.7519, 310.253
76.7613, 310.252
76.7699, 310.252
76.8073, 310.252
76.842, 310.251
76.8489, 310.251
76.8576, 310.251
76.8797, 310.25
76.93, 310.25
76.9475, 310.249
76.9818, 310.249
76.9851, 310.249
77.0044, 310.248
77.02, 310.248
77.0363, 310.248
77.0635, 310.248
77.0704, 310.247
77.0802, 310.247
77.1044, 310.247
77.1341, 310.247
77.1616, 310.246
77.1804, 310.246
77.2185, 310.245
77.233, 310.245
77.2628, 310.245
77.2733, 310.245
77.2945, 310.244
77.3198, 310.244
77.3336, 310.244
77.3629, 310.243
77.3859, 310.243
77.4096, 310.243
77.4248, 310.243
77.4561, 310.242
77.4832, 310.242
77.4943, 310.242
77.5168, 310.241
77.5346, 310.241
77.5651, 310.241
77.5725, 310.241
77.5984, 310.24
77.6341, 310.24
77.6351, 310.24
77.672, 310.239
77.6994, 310.239
77.707, 310.239
77.742, 310.239
77.7436, 310.239
77.7463, 310.239
77.7827, 310.238
77.7854, 310.238
77.8182, 310.238
77.8223, 310.238
77.8576, 310.237
77.8935, 310.237
77.9013, 310.237
77.9324, 310.237
77.9683, 310.236
77.9946, 310.236
78.0297, 310.236
78.0455, 310.235
78.0537, 310.235
78.0779, 310.235
78.1062, 310.235
78.1271, 310.235
78.1543, 310.234
78.1575, 310.234
78.1688, 310.234
78.1972, 310.234
78.1982, 310.234
78.2469, 310.234
78.2789, 310.233
78.2807, 310.233
78.3092, 310.233
78.3234, 310.233
78.3416, 310.233
78.3625, 310.233
78.39, 310.232
78.4102, 310.232
78.4382, 310.232
78.4436, 310.232
78.4627, 310.232
78.4759, 310.232
78.4935, 310.232
78.5043, 310.232
78.5312, 310.231
78.5678, 310.231
78.5726, 310.231
78.5833, 310.231
78.6246, 310.231
78.6608, 310.23
78.6781, 310.23
78.7163, 310.23
78.7756, 310.23
78.7799, 310.23
78.7836, 310.23
78.8154, 310.229
78.8175, 310.229
78.8397, 310.229
78.8748, 310.229
78.9007, 310.229
78.9259, 310.229
78.9327, 310.229
78.9448, 310.229
78.9829, 310.228
79.0054, 310.228
79.0183, 310.228
79.0676, 310.228
79.0792, 310.228
79.1102, 310.228
79.1175, 310.228
79.1586, 310.228
79.1649, 310.228
79.1859, 310.227
79.199, 310.227
79.2107, 310.227
79.2454, 310.227
79.2571, 310.227
79.3012, 310.227
79.3065, 310.227
79.3431, 310.227
79.3471, 310.227
79.3516, 310.227
79.3992, 310.227
79.4343, 310.226
79.4402, 310.226
79.4847, 310.226
79.4935, 310.226
79.4971, 310.226
79.5448, 310.226
79.5833, 310.226
79.6009, 310.226
79.6431, 310.226
79.6468, 310.226
79.6856, 310.226
79.6993, 310.226
79.7377, 310.226
79.7546, 310.226
79.7924, 310.226
79.8291, 310.225
79.8338, 310.225
79.8614, 310.225
79.8701, 310.225
79.8837, 310.225
79.8969, 310.225
79.9061, 310.225
79.9115, 310.225
79.9325, 310.225
79.9644, 310.225
80, 310.225
80, 310.225


