lambda,Pabs
350, 0.329156
351, 0.329282
352, 0.329351
353, 0.329293
354, 0.329122
355, 0.328813
356, 0.328382
357, 0.327894
358, 0.327356
359, 0.326823
360, 0.326321
361, 0.325824
362, 0.325344
363, 0.324843
364, 0.324272
365, 0.323635
366, 0.322899
367, 0.322057
368, 0.321154
369, 0.320195
370, 0.319212
371, 0.318257
372, 0.31733
373, 0.316437
374, 0.315597
375, 0.314774
376, 0.313943
377, 0.313106
378, 0.312227
379, 0.31129
380, 0.31032
381, 0.309316
382, 0.308287
383, 0.307276
384, 0.3063
385, 0.305361
386, 0.304489
387, 0.303685
388, 0.302928
389, 0.302211
390, 0.301531
391, 0.300855
392, 0.300169
393, 0.299478
394, 0.298774
395, 0.298053
396, 0.297336
397, 0.29664
398, 0.295969
399, 0.295339
400, 0.294771
401, 0.294261
402, 0.293807
403, 0.293409
404, 0.293056
405, 0.292732
406, 0.292426
407, 0.292131
408, 0.291833
409, 0.291526
410, 0.291212
411, 0.290896
412, 0.290581
413, 0.290277
414, 0.289995
415, 0.289742
416, 0.289527
417, 0.289353
418, 0.289221
419, 0.289127
420, 0.289069
421, 0.289039
422, 0.289026
423, 0.289021
424, 0.289019
425, 0.289014
426, 0.288999
427, 0.288973
428, 0.288941
429, 0.288908
430, 0.288875
431, 0.288849
432, 0.288842
433, 0.288861
434, 0.288907
435, 0.288981
436, 0.289092
437, 0.28924
438, 0.289419
439, 0.289622
440, 0.289849
441, 0.290102
442, 0.290368
443, 0.290641
444, 0.29092
445, 0.291212
446, 0.291513
447, 0.291819
448, 0.292133
449, 0.292466
450, 0.292823
451, 0.293204
452, 0.293608
453, 0.294041
454, 0.294511
455, 0.295013
456, 0.295541
457, 0.296085
458, 0.296649
459, 0.297225
460, 0.297799
461, 0.298354
462, 0.29888
463, 0.299373
464, 0.299819
465, 0.3002
466, 0.300501
467, 0.300714
468, 0.300835
469, 0.300854
470, 0.300757
471, 0.300532
472, 0.300179
473, 0.299696
474, 0.299077
475, 0.298314
476, 0.297401
477, 0.296337
478, 0.295127
479, 0.29377
480, 0.292259
481, 0.290594
482, 0.288779
483, 0.28682
484, 0.284721
485, 0.282482
486, 0.280106
487, 0.2776
488, 0.274974
489, 0.272236
490, 0.269394
491, 0.266451
492, 0.263417
493, 0.260303
494, 0.257121
495, 0.25388
496, 0.250586
497, 0.247246
498, 0.24387
499, 0.240468
500, 0.23705
501, 0.233617
502, 0.230176
503, 0.22673
504, 0.223287
505, 0.219851
506, 0.216424
507, 0.213007
508, 0.209603
509, 0.20621
510, 0.202836
511, 0.19948
512, 0.196142
513, 0.192824
514, 0.189528
515, 0.186251
516, 0.183004
517, 0.179784
518, 0.176589
519, 0.173427
520, 0.170294
521, 0.167195
522, 0.164138
523, 0.16112
524, 0.158137
525, 0.155198
526, 0.1523
527, 0.149443
528, 0.14664
529, 0.143883
530, 0.141161
531, 0.138488
532, 0.135858
533, 0.133268
534, 0.130735
535, 0.128251
536, 0.125792
537, 0.123379
538, 0.121009
539, 0.118672
540, 0.116387
541, 0.114163
542, 0.111951
543, 0.109777
544, 0.107649
545, 0.105547
546, 0.103495
547, 0.101504
548, 0.0995526
549, 0.0976059
550, 0.0957113
551, 0.093849
552, 0.0920212
553, 0.0902509
554, 0.0885597
555, 0.0868621
556, 0.0851879
557, 0.0835664
558, 0.0819584
559, 0.0804005
560, 0.0788995
561, 0.0774917
562, 0.0760355
563, 0.0746116
564, 0.0732346
565, 0.0718537
566, 0.0705339
567, 0.0692638
568, 0.0681051
569, 0.0668654
570, 0.0656517
571, 0.0644825
572, 0.0632889
573, 0.062163
574, 0.0610795
575, 0.0601205
576, 0.0590917
577, 0.0580528
578, 0.0570575
579, 0.056036
580, 0.0550555
581, 0.0541376
582, 0.0532906
583, 0.0525337
584, 0.0516219
585, 0.0507731
586, 0.0499534
587, 0.0490585
588, 0.0482755
589, 0.0475456
590, 0.0469223
591, 0.0462414
592, 0.0454913
593, 0.044802
594, 0.0441194
595, 0.0433336
596, 0.0426997
597, 0.0421346
598, 0.0416269
599, 0.0410278
600, 0.0404027
601, 0.03983
602, 0.0392441
603, 0.03853
604, 0.0380197
605, 0.0375622
606, 0.0370949
607, 0.0365496
608, 0.0360359
609, 0.0355546
610, 0.0350375
611, 0.0344789
612, 0.0339654
613, 0.0335678
614, 0.0331697
615, 0.0327087
616, 0.0322779
617, 0.0318931
618, 0.0314764
619, 0.0310133
620, 0.0305543
621, 0.030162
622, 0.0298595
623, 0.0295177
624, 0.0291576
625, 0.0288261
626, 0.0285241
627, 0.0281645
628, 0.0277565
629, 0.0274424
630, 0.0271468
631, 0.0269037
632, 0.0266231
633, 0.0263449
634, 0.026094
635, 0.0258608
636, 0.0255705
637, 0.0252942
638, 0.0250662
639, 0.0247973
640, 0.0245225
641, 0.024347
642, 0.0241812
643, 0.0240112
644, 0.0238338
645, 0.02367
646, 0.0234285
647, 0.0231199
648, 0.0228248
649, 0.0226222
650, 0.022457
651, 0.022346
652, 0.0221901
653, 0.0220302
654, 0.0218458
655, 0.0216048
656, 0.0211605
657, 0.0208799
658, 0.0207421
659, 0.0206334
660, 0.0205013
661, 0.0203574
662, 0.0201968
663, 0.0200207
664, 0.0197924
665, 0.0194542
666, 0.0192181
667, 0.0191385
668, 0.0190465
669, 0.0189314
670, 0.0187916
671, 0.0186761
672, 0.0185578
673, 0.0183504
674, 0.0180793
675, 0.0178936
676, 0.0178454
677, 0.0178201
678, 0.0177549
679, 0.0175841
680, 0.017411
681, 0.0172734
682, 0.0171585
683, 0.017022
684, 0.0168925
685, 0.016874
686, 0.0168642
687, 0.0167772
688, 0.0165356
689, 0.0163515
690, 0.0163207
691, 0.0163132
692, 0.0161819
693, 0.0159769
694, 0.0159342
695, 0.0159577
696, 0.0159637
697, 0.0159143
698, 0.0156569
699, 0.015517
700, 0.0154598


