lambda,Pabs
350, 0.243123
351, 0.242082
352, 0.2412
353, 0.240869
354, 0.241363
355, 0.242643
356, 0.244333
357, 0.246042
358, 0.247355
359, 0.247918
360, 0.247759
361, 0.247082
362, 0.246179
363, 0.245491
364, 0.245259
365, 0.245568
366, 0.246412
367, 0.247499
368, 0.248567
369, 0.24934
370, 0.249562
371, 0.249254
372, 0.248471
373, 0.247442
374, 0.246452
375, 0.245664
376, 0.245275
377, 0.245256
378, 0.245548
379, 0.245987
380, 0.246343
381, 0.246478
382, 0.246218
383, 0.245579
384, 0.244595
385, 0.243409
386, 0.242195
387, 0.241086
388, 0.240227
389, 0.239628
390, 0.239312
391, 0.239161
392, 0.239097
393, 0.238966
394, 0.238672
395, 0.238139
396, 0.237343
397, 0.236334
398, 0.235165
399, 0.233971
400, 0.232815
401, 0.231823
402, 0.231002
403, 0.230418
404, 0.229992
405, 0.229728
406, 0.229497
407, 0.229276
408, 0.228942
409, 0.228498
410, 0.227879
411, 0.227132
412, 0.226268
413, 0.225355
414, 0.224456
415, 0.223613
416, 0.222906
417, 0.222314
418, 0.221908
419, 0.221599
420, 0.221439
421, 0.221303
422, 0.221218
423, 0.221078
424, 0.220892
425, 0.220615
426, 0.220237
427, 0.219798
428, 0.219269
429, 0.218751
430, 0.218209
431, 0.217744
432, 0.21734
433, 0.217039
434, 0.216858
435, 0.21676
436, 0.216789
437, 0.21686
438, 0.217005
439, 0.217157
440, 0.2173
441, 0.217435
442, 0.2175
443, 0.217549
444, 0.217535
445, 0.217497
446, 0.21746
447, 0.217407
448, 0.217418
449, 0.21746
450, 0.21758
451, 0.217795
452, 0.21807
453, 0.218458
454, 0.218905
455, 0.21941
456, 0.219979
457, 0.22054
458, 0.221122
459, 0.221684
460, 0.222187
461, 0.22267
462, 0.22307
463, 0.223406
464, 0.223697
465, 0.223893
466, 0.224045
467, 0.224146
468, 0.224168
469, 0.22416
470, 0.224091
471, 0.223949
472, 0.223766
473, 0.223495
474, 0.223133
475, 0.222695
476, 0.222128
477, 0.221442
478, 0.220639
479, 0.219676
480, 0.218572
481, 0.217332
482, 0.215922
483, 0.214376
484, 0.212701
485, 0.210878
486, 0.208945
487, 0.206919
488, 0.204782
489, 0.202576
490, 0.200317
491, 0.197991
492, 0.195633
493, 0.193259
494, 0.190847
495, 0.188424
496, 0.186006
497, 0.183564
498, 0.181116
499, 0.178678
500, 0.176218
501, 0.173742
502, 0.171275
503, 0.168792
504, 0.166283
505, 0.163778
506, 0.161268
507, 0.158734
508, 0.15621
509, 0.153702
510, 0.151182
511, 0.148674
512, 0.146203
513, 0.143751
514, 0.141317
515, 0.138929
516, 0.13658
517, 0.13425
518, 0.131969
519, 0.129745
520, 0.127542
521, 0.125366
522, 0.123236
523, 0.121145
524, 0.119063
525, 0.117015
526, 0.115006
527, 0.113002
528, 0.110998
529, 0.109032
530, 0.107103
531, 0.10516
532, 0.10324
533, 0.101347
534, 0.0994805
535, 0.0976094
536, 0.0957823
537, 0.0940117
538, 0.0922349
539, 0.0904797
540, 0.0887673
541, 0.0871144
542, 0.0854705
543, 0.0838622
544, 0.0823084
545, 0.0807781
546, 0.079267
547, 0.0777787
548, 0.0763561
549, 0.0749792
550, 0.0735825
551, 0.0722168
552, 0.070887
553, 0.0696012
554, 0.0682869
555, 0.0670185
556, 0.0658183
557, 0.0645859
558, 0.0633731
559, 0.0621544
560, 0.0609978
561, 0.059893
562, 0.0587317
563, 0.0576297
564, 0.0565657
565, 0.055508
566, 0.0544415
567, 0.0533971
568, 0.05242
569, 0.0515112
570, 0.0505282
571, 0.0495953
572, 0.0486879
573, 0.0478291
574, 0.0469682
575, 0.0460964
576, 0.0452964
577, 0.0445809
578, 0.0437783
579, 0.0430047
580, 0.0422363
581, 0.0415266
582, 0.0408845
583, 0.0401365
584, 0.0394532
585, 0.0388585
586, 0.0382026
587, 0.0375849
588, 0.0368901
589, 0.0362692
590, 0.0357296
591, 0.0351875
592, 0.0345603
593, 0.0339961
594, 0.033482
595, 0.0329421
596, 0.0324218
597, 0.0318303
598, 0.0313184
599, 0.0309375
600, 0.0304708
601, 0.0299696
602, 0.0294797
603, 0.0290535
604, 0.0286315
605, 0.0282505
606, 0.0277434
607, 0.0273203
608, 0.0270601
609, 0.0267193
610, 0.0263306
611, 0.0258813
612, 0.0255159
613, 0.0252102
614, 0.0249588
615, 0.0245972
616, 0.0241946
617, 0.0238955
618, 0.0237359
619, 0.0234345
620, 0.0231373
621, 0.0227145
622, 0.0224255
623, 0.0222182
624, 0.0220818
625, 0.0217614
626, 0.0214301
627, 0.0212093
628, 0.0210301
629, 0.0207973
630, 0.0205636
631, 0.0202024
632, 0.0199601
633, 0.0198503
634, 0.0197712
635, 0.0195031
636, 0.0192016
637, 0.0189596
638, 0.018876
639, 0.0187243
640, 0.0186082
641, 0.0182883
642, 0.0179839
643, 0.0178687
644, 0.0179374
645, 0.0178601
646, 0.01762
647, 0.0173526
648, 0.017145
649, 0.0170633
650, 0.0170216
651, 0.0170008
652, 0.0167252
653, 0.0165394
654, 0.0165276
655, 0.016539
656, 0.016404
657, 0.0162747
658, 0.0160019
659, 0.0159806
660, 0.0159986
661, 0.0159406
662, 0.0159017
663, 0.0156443
664, 0.0153819
665, 0.0153917
666, 0.0155949
667, 0.0154944
668, 0.0153071
669, 0.0151654
670, 0.0149298
671, 0.0146852
672, 0.0147773
673, 0.014788
674, 0.0145779
675, 0.0144659
676, 0.0144291
677, 0.0143044
678, 0.014069
679, 0.0139784
680, 0.0138301
681, 0.0136395
682, 0.0135439
683, 0.0135463
684, 0.0134504
685, 0.0133201
686, 0.013203
687, 0.0130992
688, 0.0129783
689, 0.0127763
690, 0.0127198
691, 0.0126321
692, 0.01257
693, 0.0125161
694, 0.012474
695, 0.0123932
696, 0.0122376
697, 0.0121252
698, 0.0120585
699, 0.0120795
700, 0.0119816


