lambda,Pabs
350, 0.272964
351, 0.272707
352, 0.27242
353, 0.272082
354, 0.271726
355, 0.271335
356, 0.270904
357, 0.270448
358, 0.269933
359, 0.269381
360, 0.268778
361, 0.268128
362, 0.267444
363, 0.266716
364, 0.265976
365, 0.265208
366, 0.264434
367, 0.263648
368, 0.262853
369, 0.262055
370, 0.261238
371, 0.260417
372, 0.259571
373, 0.258723
374, 0.257852
375, 0.256983
376, 0.256102
377, 0.255231
378, 0.254363
379, 0.253513
380, 0.252676
381, 0.251862
382, 0.251063
383, 0.250285
384, 0.249523
385, 0.248778
386, 0.248044
387, 0.247325
388, 0.246617
389, 0.245926
390, 0.245247
391, 0.244593
392, 0.243953
393, 0.243346
394, 0.242757
395, 0.242207
396, 0.241673
397, 0.241179
398, 0.2407
399, 0.240256
400, 0.239826
401, 0.239425
402, 0.239037
403, 0.238667
404, 0.238316
405, 0.237975
406, 0.23766
407, 0.23735
408, 0.237073
409, 0.236799
410, 0.236558
411, 0.236328
412, 0.236122
413, 0.235939
414, 0.235764
415, 0.235623
416, 0.235481
417, 0.235367
418, 0.235257
419, 0.23516
420, 0.235078
421, 0.234992
422, 0.234931
423, 0.234862
424, 0.234811
425, 0.234768
426, 0.234727
427, 0.23471
428, 0.234688
429, 0.23469
430, 0.2347
431, 0.234717
432, 0.23476
433, 0.234801
434, 0.234864
435, 0.234938
436, 0.235017
437, 0.235119
438, 0.23522
439, 0.23534
440, 0.235472
441, 0.235608
442, 0.235765
443, 0.23593
444, 0.236106
445, 0.236305
446, 0.236509
447, 0.236736
448, 0.236979
449, 0.237234
450, 0.237512
451, 0.237803
452, 0.238107
453, 0.238431
454, 0.238759
455, 0.239098
456, 0.239446
457, 0.239788
458, 0.240133
459, 0.240466
460, 0.240782
461, 0.241083
462, 0.241351
463, 0.241584
464, 0.241779
465, 0.241918
466, 0.242001
467, 0.242022
468, 0.241964
469, 0.241826
470, 0.241604
471, 0.241282
472, 0.240863
473, 0.240341
474, 0.239704
475, 0.238956
476, 0.238095
477, 0.237111
478, 0.23601
479, 0.234794
480, 0.233456
481, 0.232
482, 0.230438
483, 0.228761
484, 0.226976
485, 0.225094
486, 0.223114
487, 0.221038
488, 0.218881
489, 0.216646
490, 0.214333
491, 0.211955
492, 0.209519
493, 0.207024
494, 0.204481
495, 0.2019
496, 0.199281
497, 0.196625
498, 0.193949
499, 0.191254
500, 0.188539
501, 0.185811
502, 0.183079
503, 0.18034
504, 0.177599
505, 0.174864
506, 0.172136
507, 0.169408
508, 0.166692
509, 0.163993
510, 0.161306
511, 0.158633
512, 0.155981
513, 0.15335
514, 0.15073
515, 0.148138
516, 0.145573
517, 0.143033
518, 0.140509
519, 0.138018
520, 0.135555
521, 0.133118
522, 0.130714
523, 0.128342
524, 0.126004
525, 0.123678
526, 0.121399
527, 0.119156
528, 0.116944
529, 0.11476
530, 0.112613
531, 0.110504
532, 0.108412
533, 0.106369
534, 0.104367
535, 0.102396
536, 0.100446
537, 0.0985277
538, 0.0966609
539, 0.0948139
540, 0.0930081
541, 0.0912385
542, 0.0894986
543, 0.0877908
544, 0.0860925
545, 0.084455
546, 0.0828489
547, 0.0812716
548, 0.0797212
549, 0.0781878
550, 0.0767103
551, 0.0752337
552, 0.0738043
553, 0.0724192
554, 0.0710433
555, 0.0697217
556, 0.0683724
557, 0.0670821
558, 0.0658308
559, 0.064595
560, 0.0634063
561, 0.062211
562, 0.0610527
563, 0.0599384
564, 0.0588039
565, 0.0577279
566, 0.0566717
567, 0.055646
568, 0.0546651
569, 0.053635
570, 0.052661
571, 0.0517241
572, 0.0507967
573, 0.0499055
574, 0.04902
575, 0.0481575
576, 0.0473447
577, 0.0464986
578, 0.0456699
579, 0.0448864
580, 0.0441348
581, 0.0433991
582, 0.0426912
583, 0.0419452
584, 0.0412542
585, 0.0405921
586, 0.0398951
587, 0.0392435
588, 0.038627
589, 0.0380277
590, 0.037449
591, 0.03686
592, 0.0362505
593, 0.0356955
594, 0.0351502
595, 0.0346074
596, 0.034086
597, 0.0336114
598, 0.0331249
599, 0.0326644
600, 0.0321709
601, 0.0316674
602, 0.0312244
603, 0.0307858
604, 0.0303747
605, 0.0299562
606, 0.0295478
607, 0.0291477
608, 0.0287618
609, 0.0283822
610, 0.0279408
611, 0.0275746
612, 0.0272154
613, 0.0268775
614, 0.0265548
615, 0.0262079
616, 0.0258455
617, 0.0255217
618, 0.0252135
619, 0.0248743
620, 0.0245387
621, 0.0242606
622, 0.023974
623, 0.0237226
624, 0.0234813
625, 0.0231633
626, 0.022831
627, 0.0225919
628, 0.0223463
629, 0.0221232
630, 0.0218898
631, 0.0216418
632, 0.0213717
633, 0.0211675
634, 0.02097
635, 0.0207359
636, 0.0205112
637, 0.0202806
638, 0.0200689
639, 0.0198969
640, 0.0196948
641, 0.0194713
642, 0.0192764
643, 0.0190835
644, 0.0189268
645, 0.0187899
646, 0.0185884
647, 0.0183171
648, 0.0181459
649, 0.0179947
650, 0.0178591
651, 0.0177708
652, 0.0176438
653, 0.017417
654, 0.0171882
655, 0.0170876
656, 0.0169598
657, 0.016783
658, 0.0167008
659, 0.0165747
660, 0.016391
661, 0.0162907
662, 0.0162239
663, 0.0160591
664, 0.0158456
665, 0.0157237
666, 0.0156297
667, 0.015537
668, 0.0155044
669, 0.0154242
670, 0.0152465
671, 0.0150071
672, 0.0149064
673, 0.0148441
674, 0.0147803
675, 0.0147527
676, 0.0147161
677, 0.0145271
678, 0.0143114
679, 0.0142596
680, 0.0142426
681, 0.0140986
682, 0.0140243
683, 0.0140104
684, 0.0138933
685, 0.0137384
686, 0.0137493
687, 0.0137734
688, 0.0136431
689, 0.0133839
690, 0.0133563
691, 0.0132613
692, 0.0131506
693, 0.0131859
694, 0.0132786
695, 0.0132707
696, 0.013055
697, 0.0128422
698, 0.012773
699, 0.0126767
700, 0.0126049


