lambda,Pabs
350, 0.274398
351, 0.274109
352, 0.273766
353, 0.273397
354, 0.272972
355, 0.27252
356, 0.27203
357, 0.271496
358, 0.27094
359, 0.27033
360, 0.269697
361, 0.269022
362, 0.268312
363, 0.267582
364, 0.266812
365, 0.266037
366, 0.265228
367, 0.264419
368, 0.26359
369, 0.262759
370, 0.261919
371, 0.26107
372, 0.260222
373, 0.259359
374, 0.258503
375, 0.257632
376, 0.256776
377, 0.255908
378, 0.255061
379, 0.254209
380, 0.253384
381, 0.252561
382, 0.251769
383, 0.250982
384, 0.250229
385, 0.249481
386, 0.248767
387, 0.248056
388, 0.24738
389, 0.246706
390, 0.246065
391, 0.245428
392, 0.244827
393, 0.244232
394, 0.243674
395, 0.243127
396, 0.242617
397, 0.242124
398, 0.241663
399, 0.241225
400, 0.240808
401, 0.240423
402, 0.240049
403, 0.23971
404, 0.239373
405, 0.239071
406, 0.238769
407, 0.238498
408, 0.238233
409, 0.237988
410, 0.237763
411, 0.237544
412, 0.237357
413, 0.23717
414, 0.237016
415, 0.236867
416, 0.236741
417, 0.236632
418, 0.236527
419, 0.236451
420, 0.236369
421, 0.236313
422, 0.236257
423, 0.236209
424, 0.236179
425, 0.23614
426, 0.236125
427, 0.236106
428, 0.236098
429, 0.236106
430, 0.23611
431, 0.236139
432, 0.23617
433, 0.236213
434, 0.236277
435, 0.23634
436, 0.236428
437, 0.236524
438, 0.236628
439, 0.236755
440, 0.236883
441, 0.23703
442, 0.23719
443, 0.237354
444, 0.237541
445, 0.237733
446, 0.23794
447, 0.238165
448, 0.238397
449, 0.238648
450, 0.238914
451, 0.239188
452, 0.239484
453, 0.239787
454, 0.2401
455, 0.240428
456, 0.240753
457, 0.241084
458, 0.241413
459, 0.241728
460, 0.242033
461, 0.242317
462, 0.242568
463, 0.24279
464, 0.242966
465, 0.243087
466, 0.243154
467, 0.243152
468, 0.243071
469, 0.242915
470, 0.242666
471, 0.24232
472, 0.241878
473, 0.241329
474, 0.240666
475, 0.239897
476, 0.239011
477, 0.238004
478, 0.236886
479, 0.235651
480, 0.234294
481, 0.232829
482, 0.231253
483, 0.229563
484, 0.227772
485, 0.225883
486, 0.223893
487, 0.221813
488, 0.219654
489, 0.217411
490, 0.215091
491, 0.212711
492, 0.210268
493, 0.207765
494, 0.205217
495, 0.202629
496, 0.199997
497, 0.197335
498, 0.194652
499, 0.191943
500, 0.189216
501, 0.186482
502, 0.18374
503, 0.180987
504, 0.178239
505, 0.175497
506, 0.172757
507, 0.17002
508, 0.167301
509, 0.164592
510, 0.161897
511, 0.159219
512, 0.156564
513, 0.153918
514, 0.151294
515, 0.148699
516, 0.146126
517, 0.143573
518, 0.141044
519, 0.13855
520, 0.13607
521, 0.133625
522, 0.131213
523, 0.128835
524, 0.126471
525, 0.124142
526, 0.121857
527, 0.119595
528, 0.117371
529, 0.115178
530, 0.11303
531, 0.110892
532, 0.108795
533, 0.106747
534, 0.104732
535, 0.102749
536, 0.10078
537, 0.0988678
538, 0.0969796
539, 0.0951218
540, 0.0933075
541, 0.0915289
542, 0.089789
543, 0.0880409
544, 0.0863527
545, 0.0847058
546, 0.0830852
547, 0.0814969
548, 0.0799256
549, 0.0784035
550, 0.0769009
551, 0.0754192
552, 0.0739872
553, 0.0725875
554, 0.0712205
555, 0.0698623
556, 0.0685245
557, 0.0672408
558, 0.0659743
559, 0.0647434
560, 0.0635408
561, 0.0623542
562, 0.0612144
563, 0.0600629
564, 0.0589491
565, 0.0578753
566, 0.0568277
567, 0.0558122
568, 0.054804
569, 0.0537943
570, 0.0528405
571, 0.0518903
572, 0.0509687
573, 0.0500782
574, 0.0491994
575, 0.0483582
576, 0.0475377
577, 0.0466671
578, 0.0458678
579, 0.0450891
580, 0.0443336
581, 0.0436035
582, 0.0428655
583, 0.0421513
584, 0.0414789
585, 0.0407652
586, 0.0400837
587, 0.0394388
588, 0.0388282
589, 0.0382232
590, 0.037642
591, 0.0370082
592, 0.0364357
593, 0.0358871
594, 0.0353103
595, 0.0347711
596, 0.0342509
597, 0.0337689
598, 0.0332853
599, 0.0328182
600, 0.0322598
601, 0.0318027
602, 0.0313561
603, 0.0309119
604, 0.0304926
605, 0.0300503
606, 0.029633
607, 0.0292516
608, 0.0288677
609, 0.0284269
610, 0.0280359
611, 0.0276681
612, 0.0273089
613, 0.0269882
614, 0.026646
615, 0.0262767
616, 0.025937
617, 0.0256348
618, 0.0253205
619, 0.0249437
620, 0.0246581
621, 0.0243624
622, 0.0240844
623, 0.0238451
624, 0.0235699
625, 0.0231999
626, 0.0229316
627, 0.0226887
628, 0.0224358
629, 0.0222102
630, 0.021952
631, 0.0216757
632, 0.0214445
633, 0.0212362
634, 0.021027
635, 0.0207865
636, 0.0205523
637, 0.020329
638, 0.0201393
639, 0.019952
640, 0.019726
641, 0.0195398
642, 0.0193416
643, 0.0191657
644, 0.019026
645, 0.0188691
646, 0.0185983
647, 0.0183951
648, 0.0182559
649, 0.0180942
650, 0.0179873
651, 0.0178797
652, 0.0177125
653, 0.0174353
654, 0.0173168
655, 0.017195
656, 0.0170229
657, 0.0168998
658, 0.0168084
659, 0.0166399
660, 0.0164818
661, 0.0164092
662, 0.0162796
663, 0.0160764
664, 0.0159337
665, 0.0158355
666, 0.0157412
667, 0.0156704
668, 0.0156018
669, 0.0154587
670, 0.0152325
671, 0.0150947
672, 0.0150394
673, 0.01496
674, 0.0149083
675, 0.0148784
676, 0.0147602
677, 0.0144995
678, 0.0144237
679, 0.0144152
680, 0.0142945
681, 0.0141656
682, 0.0141694
683, 0.0140865
684, 0.0139164
685, 0.0138768
686, 0.0139225
687, 0.0138312
688, 0.0135709
689, 0.0134835
690, 0.0134191
691, 0.013327
692, 0.0133069
693, 0.0134198
694, 0.0134163
695, 0.0132729
696, 0.0129844
697, 0.0128806
698, 0.0128145
699, 0.0127807
700, 0.0127646


