X,T
0, 311.229
0.0204763, 311.229
0.397948, 311.232
0.712896, 311.236
0.732433, 311.236
0.762901, 311.236
0.778966, 311.237
0.799822, 311.237
1.14532, 311.245
1.26495, 311.249
1.28287, 311.249
1.43727, 311.254
1.47203, 311.256
1.85473, 311.271
1.95117, 311.275
2.05357, 311.28
2.42709, 311.301
2.47222, 311.304
2.48073, 311.304
2.57143, 311.31
2.9882, 311.339
3.07093, 311.345
3.10682, 311.347
3.11597, 311.348
3.13231, 311.349
3.58938, 311.388
3.7044, 311.398
3.72624, 311.4
3.96506, 311.425
4.24956, 311.454
4.26589, 311.456
4.824, 311.523
4.86524, 311.528
4.88221, 311.531
4.99768, 311.547
5.41967, 311.607
5.44087, 311.61
5.64443, 311.644
5.97396, 311.697
5.98884, 311.7
6.16338, 311.731
6.59951, 311.816
6.80147, 311.855
6.81596, 311.858
6.92106, 311.881
6.9489, 311.887
7.30281, 311.967
7.32191, 311.972
7.77248, 312.087
7.81475, 312.098
7.96881, 312.139
8.07004, 312.17
8.11032, 312.183
8.71822, 312.374
8.74112, 312.382
9.01653, 312.483
9.0404, 312.492
9.09366, 312.513
9.32986, 312.607
9.59039, 312.729
9.60953, 312.739
9.65366, 312.761
9.67613, 312.774
9.73026, 312.805
9.79193, 312.84
9.81752, 312.861
9.8342, 312.875
9.86683, 312.905
9.94566, 312.983
10, 313.038
10.0411, 313.038
10.0444, 313.038
10.08, 313.039
10.1257, 313.04
10.1327, 313.04
10.1512, 313.041
10.1791, 313.042
10.1862, 313.042
10.2067, 313.042
10.2259, 313.043
10.2689, 313.044
10.276, 313.045
10.32, 313.046
10.3257, 313.046
10.3305, 313.046
10.3336, 313.046
10.3804, 313.048
10.3903, 313.048
10.4385, 313.05
10.4527, 313.051
10.4616, 313.051
10.4798, 313.052
10.5223, 313.053
10.5417, 313.054
10.5592, 313.055
10.5826, 313.056
10.6483, 313.058
10.6533, 313.058
10.6625, 313.059
10.7017, 313.061
10.7151, 313.061
10.7715, 313.064
10.802, 313.065
10.8085, 313.065
10.8183, 313.066
10.8482, 313.067
10.8737, 313.068
10.8886, 313.069
10.9402, 313.071
10.9574, 313.072
10.9747, 313.073
11.0064, 313.074
11.0427, 313.076
11.0481, 313.077
11.0549, 313.077
11.0716, 313.078
11.1005, 313.079
11.1055, 313.079
11.1209, 313.08
11.1574, 313.082
11.1583, 313.082
11.193, 313.084
11.2012, 313.084
11.2267, 313.086
11.2669, 313.088
11.2818, 313.088
11.3048, 313.09
11.3464, 313.092
11.3653, 313.093
11.3723, 313.093
11.4122, 313.096
11.4349, 313.097
11.4663, 313.099
11.4712, 313.099
11.5201, 313.102
11.5217, 313.102
11.5236, 313.102
11.5252, 313.102
11.5674, 313.104
11.5899, 313.106
11.6005, 313.106
11.6306, 313.108
11.6479, 313.109
11.6618, 313.11
11.7008, 313.112
11.7311, 313.114
11.7498, 313.115
11.7582, 313.115
11.7829, 313.117
11.796, 313.118
11.8296, 313.12
11.8558, 313.121
11.881, 313.123
11.8905, 313.123
11.9189, 313.125
11.9322, 313.126
11.9576, 313.128
11.9694, 313.128
11.9931, 313.13
12.0027, 313.13
12.0294, 313.132
12.0337, 313.132
12.0347, 313.132
12.036, 313.133
12.092, 313.136
12.1086, 313.137
12.1424, 313.139
12.1485, 313.14
12.1764, 313.142
12.2068, 313.144
12.2388, 313.146
12.2589, 313.147
12.2838, 313.149
12.3142, 313.151
12.3376, 313.152
12.3772, 313.155
12.3994, 313.157
12.4234, 313.158
12.4447, 313.16
12.4671, 313.161
12.5193, 313.165
12.5591, 313.168
12.5606, 313.168
12.5613, 313.168
12.5949, 313.17
12.5967, 313.17
12.6472, 313.174
12.6558, 313.174
12.6667, 313.175
12.6919, 313.177
12.7057, 313.178
12.7299, 313.18
12.7429, 313.181
12.7502, 313.181
12.7699, 313.183
12.8291, 313.187
12.8396, 313.188
12.8743, 313.19
12.892, 313.192
12.9148, 313.193
12.9541, 313.196
12.9611, 313.197
13.0008, 313.2
13.0052, 313.2
13.0605, 313.204
13.0679, 313.205
13.0748, 313.205
13.1006, 313.207
13.1319, 313.21
13.1397, 313.21
13.1654, 313.212
13.1812, 313.213
13.201, 313.215
13.2309, 313.217
13.2341, 313.218
13.2385, 313.218
13.2916, 313.222
13.3094, 313.224
13.3154, 313.224
13.3605, 313.228
13.3671, 313.228
13.4097, 313.232
13.4297, 313.233
13.4494, 313.235
13.4689, 313.236
13.4775, 313.237
13.486, 313.238
13.4999, 313.239
13.5339, 313.242
13.5424, 313.242
13.5436, 313.242
13.5774, 313.245
13.6113, 313.248
13.6426, 313.251
13.6636, 313.252
13.7012, 313.255
13.7127, 313.256
13.7371, 313.258
13.7551, 313.26
13.7909, 313.263
13.8055, 313.264
13.8212, 313.266
13.8738, 313.27
13.8749, 313.27
13.8769, 313.27
13.9243, 313.274
13.9403, 313.276
13.9666, 313.278
14.0139, 313.282
14.0342, 313.284
14.0649, 313.287
14.0787, 313.288
14.116, 313.291
14.1249, 313.292
14.1341, 313.293
14.1631, 313.295
14.1788, 313.297
14.206, 313.299
14.2313, 313.302
14.2479, 313.303
14.2691, 313.305
14.2847, 313.306
14.3287, 313.31
14.3427, 313.312
14.3692, 313.314
14.3939, 313.316
14.4002, 313.317
14.4176, 313.319
14.4455, 313.321
14.4764, 313.324
14.4907, 313.325
14.5179, 313.328
14.5501, 313.331
14.5938, 313.335
14.6049, 313.336
14.6111, 313.337
14.6385, 313.339
14.6616, 313.341
14.7091, 313.346
14.7449, 313.349
14.7547, 313.35
14.7912, 313.354
14.8217, 313.357
14.8331, 313.358
14.8362, 313.358
14.8934, 313.364
14.907, 313.365
14.937, 313.368
14.9474, 313.369
14.9791, 313.372
14.9886, 313.373
15.0075, 313.375
15.0247, 313.377
15.037, 313.378
15.066, 313.381
15.0999, 313.384
15.1089, 313.385
15.1225, 313.387
15.1473, 313.389
15.184, 313.393
15.1878, 313.393
15.2206, 313.397
15.2434, 313.399
15.2982, 313.404
15.3131, 313.406
15.351, 313.41
15.3646, 313.411
15.3863, 313.414
15.4148, 313.417
15.4552, 313.421
15.4568, 313.421
15.5029, 313.426
15.5307, 313.429
15.5496, 313.431
15.5644, 313.432
15.5774, 313.434
15.5848, 313.434
15.6307, 313.439
15.6498, 313.441
15.6723, 313.444
15.6938, 313.446
15.7229, 313.449
15.7504, 313.452
15.7678, 313.454
15.7846, 313.456
15.81, 313.459
15.8372, 313.462
15.8517, 313.463
15.8662, 313.465
15.8943, 313.468
15.9329, 313.472
15.9438, 313.473
15.9806, 313.478
16.0011, 313.48
16.0199, 313.482
16.0635, 313.487
16.0711, 313.488
16.0992, 313.491
16.1263, 313.494
16.1362, 313.495
16.1472, 313.496
16.1683, 313.499
16.1872, 313.501
16.222, 313.505
16.242, 313.507
16.27, 313.51
16.3058, 313.514
16.3209, 313.516
16.3351, 313.518
16.3448, 313.519
16.3687, 313.522
16.3867, 313.524
16.3995, 313.525
16.4226, 313.528
16.4384, 313.53
16.4582, 313.532
16.4769, 313.534
16.4898, 313.536
16.5174, 313.539
16.5439, 313.542
16.5565, 313.544
16.5724, 313.546
16.588, 313.547
16.6298, 313.552
16.6504, 313.555
16.669, 313.557
16.6995, 313.561
16.7247, 313.564
16.7374, 313.565
16.7733, 313.57
16.7748, 313.57
16.7758, 313.57
16.8143, 313.575
16.8313, 313.577
16.8518, 313.579
16.8787, 313.583
16.8958, 313.585
16.9031, 313.586
16.9352, 313.589
16.9765, 313.595
16.9997, 313.597
17.0139, 313.599
17.0343, 313.602
17.0532, 313.604
17.0896, 313.609
17.1281, 313.614
17.1418, 313.615
17.1697, 313.619
17.1908, 313.621
17.2146, 313.625
17.2287, 313.626
17.236, 313.627
17.2728, 313.632
17.2963, 313.635
17.3345, 313.64
17.3496, 313.642
17.3699, 313.644
17.4163, 313.65
17.4461, 313.654
17.4525, 313.655
17.4718, 313.658
17.4968, 313.661
17.5424, 313.667
17.566, 313.67
17.6371, 313.679
17.6427, 313.68
17.6497, 313.681
17.6982, 313.688
17.7178, 313.69
17.7681, 313.697
17.7744, 313.698
17.7779, 313.698
17.7848, 313.699
17.8181, 313.704
17.8383, 313.706
17.873, 313.711
17.8749, 313.711
17.913, 313.717
17.934, 313.719
17.9603, 313.723
17.9816, 313.726
18.0072, 313.73
18.0159, 313.731
18.03, 313.733
18.0718, 313.738
18.083, 313.74
18.1124, 313.744
18.1211, 313.745
18.1248, 313.746
18.1663, 313.752
18.2221, 313.76
18.2319, 313.761
18.2724, 313.767
18.2784, 313.767
18.3159, 313.773
18.3375, 313.776
18.3417, 313.776
18.3563, 313.779
18.3954, 313.784
18.4271, 313.789
18.4415, 313.791
18.4523, 313.792
18.4798, 313.796
18.5196, 313.802
18.545, 313.806
18.5719, 313.81
18.5783, 313.811
18.625, 313.818
18.6293, 313.818
18.6824, 313.826
18.7045, 313.829
18.7366, 313.834
18.7492, 313.836
18.7711, 313.839
18.8022, 313.844
18.8126, 313.845
18.8332, 313.848
18.8522, 313.851
18.8672, 313.854
18.9029, 313.859
18.9157, 313.861
18.939, 313.864
18.9457, 313.865
18.9527, 313.866
19.0072, 313.875
19.0531, 313.882
19.0581, 313.883
19.0619, 313.883
19.0633, 313.883
19.0734, 313.885
19.0991, 313.889
19.1331, 313.894
19.1398, 313.895
19.1426, 313.896
19.1656, 313.899
19.2081, 313.906
19.2436, 313.911
19.2705, 313.915
19.2798, 313.917
19.3437, 313.927
19.3444, 313.927
19.3779, 313.932
19.407, 313.937
19.4442, 313.943
19.4483, 313.944
19.477, 313.948
19.5457, 313.959
19.5797, 313.965
19.5919, 313.967
19.5987, 313.968
19.6294, 313.973
19.6472, 313.976
19.6525, 313.977
19.7033, 313.985
19.7128, 313.986
19.7495, 313.992
19.7527, 313.993
19.7605, 313.994
19.7949, 314
19.8008, 314.001
19.8397, 314.007
19.8657, 314.012
19.8741, 314.013
19.9143, 314.02
19.9149, 314.02
19.9217, 314.021
19.9478, 314.025
19.9894, 314.032
20.0208, 314.038
20.0619, 314.045
20.0756, 314.047
20.1158, 314.054
20.1538, 314.06
20.1573, 314.061
20.1649, 314.062
20.1958, 314.067
20.2219, 314.072
20.2651, 314.079
20.2735, 314.081
20.3036, 314.086
20.315, 314.088
20.3174, 314.088
20.3635, 314.097
20.3783, 314.099
20.4055, 314.104
20.4124, 314.105
20.4169, 314.106
20.4447, 314.111
20.465, 314.114
20.5053, 314.121
20.5185, 314.124
20.5221, 314.124
20.5723, 314.133
20.585, 314.136
20.5939, 314.137
20.6605, 314.149
20.6636, 314.15
20.6657, 314.15
20.7076, 314.158
20.742, 314.164
20.7499, 314.165
20.7915, 314.173
20.822, 314.179
20.847, 314.183
20.8606, 314.186
20.8667, 314.187
20.8998, 314.193
20.9186, 314.196
20.9398, 314.2
20.9581, 314.204
20.9759, 314.207
21.0113, 314.214
21.0276, 314.217
21.0452, 314.22
21.0813, 314.227
21.0952, 314.229
21.1405, 314.238
21.1819, 314.246
21.1972, 314.249
21.2237, 314.254
21.251, 314.259
21.2656, 314.262
21.2737, 314.263
21.319, 314.272
21.3206, 314.272
21.3558, 314.279
21.3787, 314.284
21.3923, 314.286
21.4119, 314.29
21.4248, 314.293
21.4717, 314.302
21.4949, 314.306
21.5046, 314.308
21.5489, 314.317
21.5503, 314.317
21.5525, 314.318
21.5962, 314.326
21.6247, 314.332
21.6429, 314.336
21.6499, 314.337
21.6758, 314.342
21.6896, 314.345
21.7278, 314.353
21.7522, 314.358
21.8006, 314.367
21.8135, 314.37
21.8215, 314.372
21.8831, 314.384
21.9105, 314.39
21.9475, 314.397
21.9959, 314.407
22.0082, 314.41
22.0192, 314.412
22.0561, 314.42
22.0737, 314.424
22.0981, 314.429
22.1114, 314.431
22.1524, 314.44
22.1541, 314.44
22.177, 314.445
22.1964, 314.449
22.2075, 314.452
22.2206, 314.454
22.2638, 314.464
22.2962, 314.471
22.3193, 314.476
22.3248, 314.477
22.3366, 314.479
22.3749, 314.487
22.4054, 314.494
22.4166, 314.496
22.4553, 314.505
22.4596, 314.506
22.506, 314.516
22.5301, 314.521
22.556, 314.527
22.5663, 314.529
22.5941, 314.535
22.6035, 314.537
22.6085, 314.538
22.6254, 314.542
22.6397, 314.545
22.6459, 314.547
22.6744, 314.553
22.6758, 314.553
22.6762, 314.554
22.7014, 314.559
22.7132, 314.562
22.7374, 314.567
22.7696, 314.574
22.7769, 314.576
22.8048, 314.582
22.8072, 314.583
22.859, 314.595
22.888, 314.601
22.8994, 314.604
22.9593, 314.618
22.973, 314.621
23.0047, 314.628
23.0125, 314.63
23.0444, 314.637
23.0829, 314.646
23.1039, 314.651
23.111, 314.653
23.1712, 314.667
23.1866, 314.671
23.2237, 314.679
23.2368, 314.682
23.267, 314.69
23.2892, 314.695
23.3343, 314.706
23.382, 314.717
23.3828, 314.717
23.3843, 314.718
23.4302, 314.729
23.4659, 314.737
23.4927, 314.744
23.5372, 314.755
23.5507, 314.758
23.5583, 314.76
23.5836, 314.766
23.6314, 314.778
23.6486, 314.782
23.6643, 314.786
23.6997, 314.795
23.736, 314.804
23.7388, 314.805
23.743, 314.806
23.7713, 314.813
23.7832, 314.816
23.8169, 314.825
23.875, 314.84
23.9078, 314.848
23.9179, 314.85
23.9252, 314.852
23.9283, 314.853
23.979, 314.866
23.9924, 314.87
24.0424, 314.883
24.0449, 314.883
24.0487, 314.884
24.0512, 314.885
24.054, 314.886
24.1003, 314.898
24.1325, 314.906
24.1621, 314.914
24.1646, 314.915
24.1912, 314.922
24.2249, 314.931
24.2488, 314.937
24.2602, 314.94
24.2889, 314.948
24.3042, 314.952
24.3226, 314.957
24.3506, 314.965
24.3626, 314.968
24.3815, 314.973
24.4189, 314.983
24.4401, 314.989
24.4492, 314.992
24.4629, 314.995
24.4928, 315.004
24.5115, 315.009
24.5487, 315.019
24.5489, 315.019
24.5492, 315.019
24.6126, 315.037
24.6139, 315.037
24.6494, 315.047
24.6608, 315.05
24.6868, 315.058
24.7282, 315.069
24.7489, 315.075
24.7775, 315.084
24.7983, 315.089
24.8141, 315.094
24.8335, 315.1
24.8888, 315.116
24.9263, 315.127
24.9354, 315.129
24.9573, 315.136
24.9845, 315.144
24.9993, 315.148
25.0101, 315.151
25.0284, 315.157
25.0518, 315.163
25.0843, 315.173
25.087, 315.174
25.0911, 315.175
25.1009, 315.178
25.1178, 315.183
25.1423, 315.191
25.1662, 315.198
25.2043, 315.209
25.2248, 315.215
25.2362, 315.219
25.2404, 315.22
25.299, 315.238
25.3125, 315.242
25.3341, 315.249
25.355, 315.255
25.3777, 315.262
25.3925, 315.267
25.425, 315.277
25.4371, 315.281
25.4517, 315.286
25.4746, 315.293
25.535, 315.312
25.5625, 315.321
25.5792, 315.326
25.6014, 315.333
25.6246, 315.34
25.6578, 315.351
25.6783, 315.358
25.6881, 315.361
25.7165, 315.37
25.7268, 315.373
25.7372, 315.377
25.7648, 315.386
25.7806, 315.391
25.8072, 315.4
25.8193, 315.404
25.8354, 315.409
25.8707, 315.421
25.8774, 315.423
25.883, 315.425
25.9223, 315.438
25.9366, 315.443
25.9612, 315.451
25.9808, 315.458
25.9942, 315.463
26.0213, 315.472
26.0331, 315.476
26.065, 315.487
26.0886, 315.495
26.1212, 315.506
26.1352, 315.511
26.1543, 315.518
26.173, 315.524
26.1936, 315.531
26.2318, 315.545
26.2472, 315.55
26.2862, 315.564
26.308, 315.572
26.3177, 315.575
26.3224, 315.577
26.3689, 315.594
26.3994, 315.605
26.4055, 315.607
26.4089, 315.608
26.4471, 315.622
26.4786, 315.634
26.5035, 315.643
26.5302, 315.653
26.5661, 315.666
26.5771, 315.67
26.6139, 315.684
26.6256, 315.688
26.6556, 315.7
26.6788, 315.708
26.7012, 315.717
26.7352, 315.73
26.7617, 315.74
26.773, 315.744
26.7882, 315.75
26.8157, 315.761
26.8423, 315.771
26.8486, 315.774
26.8521, 315.775
26.8725, 315.783
26.8845, 315.788
26.9143, 315.8
26.9446, 315.812
26.9765, 315.824
26.9942, 315.831
27.0303, 315.846
27.0395, 315.85
27.0485, 315.853
27.079, 315.866
27.1298, 315.886
27.1453, 315.893
27.1684, 315.902
27.1771, 315.906
27.1843, 315.909
27.2078, 315.919
27.225, 315.926
27.2304, 315.928
27.258, 315.939
27.273, 315.946
27.3145, 315.963
27.3169, 315.964
27.3179, 315.965
27.3263, 315.968
27.3692, 315.987
27.3818, 315.992
27.3935, 315.997
27.427, 316.012
27.4562, 316.024
27.4716, 316.031
27.5011, 316.044
27.5364, 316.059
27.54, 316.061
27.5519, 316.066
27.5815, 316.079
27.6234, 316.098
27.6367, 316.104
27.6739, 316.121
27.6767, 316.122
27.72, 316.142
27.731, 316.147
27.7688, 316.164
27.7795, 316.169
27.7872, 316.173
27.8182, 316.187
27.8202, 316.188
27.8344, 316.195
27.864, 316.209
27.8843, 316.218
27.8992, 316.225
27.9166, 316.234
27.9602, 316.254
27.9804, 316.264
28.01, 316.278
28.0146, 316.281
28.0555, 316.301
28.061, 316.303
28.0729, 316.309
28.1173, 316.331
28.1393, 316.342
28.1428, 316.344
28.1809, 316.363
28.2127, 316.378
28.2309, 316.388
28.2341, 316.389
28.2598, 316.402
28.3241, 316.435
28.3483, 316.447
28.3553, 316.451
28.3816, 316.465
28.4046, 316.477
28.4196, 316.485
28.4611, 316.506
28.4663, 316.509
28.5146, 316.535
28.5158, 316.535
28.5437, 316.55
28.5535, 316.556
28.5907, 316.576
28.6158, 316.589
28.6272, 316.595
28.6365, 316.6
28.6701, 316.619
28.7116, 316.642
28.7241, 316.648
28.7449, 316.66
28.7693, 316.674
28.7731, 316.676
28.7887, 316.684
28.8149, 316.699
28.8629, 316.726
28.8779, 316.734
28.9013, 316.748
28.9098, 316.753
28.9714, 316.788
28.9758, 316.79
28.9824, 316.794
29.0109, 316.81
29.0398, 316.827
29.0477, 316.832
29.0902, 316.856
29.1015, 316.863
29.1447, 316.888
29.1524, 316.893
29.1972, 316.919
29.2098, 316.926
29.2464, 316.948
29.257, 316.954
29.2763, 316.966
29.2949, 316.977
29.3373, 317.002
29.3413, 317.004
29.3774, 317.025
29.3996, 317.039
29.4019, 317.04
29.4614, 317.076
29.465, 317.078
29.4975, 317.097
29.515, 317.108
29.5245, 317.113
29.5655, 317.138
29.5696, 317.14
29.6098, 317.164
29.6259, 317.174
29.6547, 317.191
29.6879, 317.211
29.714, 317.227
29.7242, 317.233
29.7319, 317.237
29.7516, 317.249
29.8141, 317.286
29.832, 317.297
29.8407, 317.302
29.8638, 317.316
29.8924, 317.333
29.9506, 317.367
29.9653, 317.376
29.9941, 317.393
29.9974, 317.395
30.0001, 317.396
30.0473, 317.424
30.0811, 317.443
30.0972, 317.452
30.1037, 317.456
30.1356, 317.474
30.1397, 317.477
30.1697, 317.494
30.1878, 317.504
30.2283, 317.527
30.2355, 317.531
30.2398, 317.533
30.272, 317.551
30.2788, 317.555
30.2835, 317.558
30.3135, 317.574
30.3403, 317.589
30.3614, 317.6
30.396, 317.619
30.4023, 317.622
30.4118, 317.627
30.4295, 317.637
30.4536, 317.65
30.4763, 317.662
30.4976, 317.673
30.4995, 317.674
30.5391, 317.694
30.5571, 317.703
30.5733, 317.712
30.591, 317.721
30.6298, 317.74
30.6376, 317.744
30.6581, 317.754
30.6969, 317.773
30.7011, 317.775
30.7035, 317.776
30.7576, 317.802
30.7852, 317.816
30.7913, 317.819
30.7935, 317.82
30.7998, 317.822
30.8291, 317.836
30.8495, 317.845
30.8807, 317.859
30.8903, 317.863
30.9207, 317.876
30.9263, 317.879
30.9367, 317.883
30.9639, 317.895
31.0127, 317.915
31.0128, 317.915
31.055, 317.932
31.0673, 317.937
31.0715, 317.938
31.0804, 317.942
31.0896, 317.945
31.1093, 317.953
31.1425, 317.966
31.148, 317.968
31.1674, 317.975
31.1917, 317.984
31.2284, 317.997
31.2476, 318.003
31.2541, 318.006
31.2707, 318.011
31.297, 318.02
31.3185, 318.027
31.3334, 318.032
31.3811, 318.046
31.3832, 318.047
31.4063, 318.054
31.4348, 318.062
31.4449, 318.065
31.4842, 318.076
31.5028, 318.081
31.5189, 318.085
31.5241, 318.086
31.5588, 318.095
31.5614, 318.095
31.5853, 318.101
31.6011, 318.105
31.6104, 318.107
31.6145, 318.108
31.623, 318.109
31.6451, 318.114
31.6665, 318.119
31.6989, 318.125
31.7182, 318.129
31.7602, 318.137
31.7701, 318.138
31.7921, 318.142
31.8026, 318.144
31.8338, 318.149
31.8363, 318.149
31.8648, 318.153
31.8843, 318.156
31.9137, 318.159
31.9341, 318.162
31.9648, 318.165
31.9717, 318.166
31.9853, 318.167
32.0469, 318.172
32.0598, 318.173
32.0995, 318.176
32.1131, 318.176
32.1395, 318.177
32.1663, 318.178
32.1724, 318.178
32.1788, 318.179
32.2324, 318.18
32.2551, 318.18
32.2944, 318.18
32.3003, 318.18
32.3142, 318.18
32.3313, 318.179
32.3487, 318.179
32.3783, 318.178
32.4064, 318.176
32.4442, 318.174
32.4654, 318.173
32.4736, 318.172
32.4766, 318.172
32.533, 318.166
32.5393, 318.166
32.6013, 318.159
32.6089, 318.158
32.6297, 318.156
32.649, 318.153
32.6954, 318.147
32.7251, 318.142
32.7669, 318.135
32.7898, 318.132
32.8037, 318.129
32.8294, 318.125
32.8428, 318.122
32.8621, 318.119
32.8935, 318.112
32.9248, 318.106
32.9349, 318.104
32.9414, 318.102
32.9652, 318.097
32.9971, 318.089
33.0182, 318.084
33.0539, 318.076
33.0746, 318.071
33.0812, 318.069
33.0896, 318.067
33.1073, 318.062
33.1376, 318.054
33.1422, 318.053
33.1503, 318.051
33.1814, 318.042
33.2163, 318.032
33.2322, 318.028
33.2792, 318.014
33.2883, 318.011
33.3016, 318.007
33.3335, 317.997
33.3836, 317.982
33.4168, 317.971
33.4396, 317.964
33.4757, 317.952
33.4923, 317.946
33.5174, 317.937
33.5258, 317.935
33.5301, 317.933
33.5489, 317.926
33.5638, 317.921
33.5919, 317.911
33.6116, 317.904
33.6202, 317.901
33.6396, 317.894
33.6532, 317.889
33.6617, 317.886
33.6781, 317.88
33.7208, 317.864
33.7549, 317.852
33.7627, 317.849
33.8259, 317.825
33.8587, 317.812
33.8675, 317.809
33.8824, 317.803
33.9038, 317.794
33.9473, 317.777
33.9542, 317.774
34.0001, 317.756
34.0267, 317.745
34.0543, 317.734
34.1062, 317.713
34.1508, 317.695
34.1608, 317.691
34.2092, 317.671
34.2263, 317.664
34.2517, 317.653
34.2671, 317.647
34.2839, 317.64
34.3029, 317.632
34.3215, 317.625
34.3406, 317.617
34.3499, 317.613
34.3616, 317.608
34.4275, 317.581
34.4287, 317.58
34.4292, 317.58
34.4654, 317.565
34.4723, 317.562
34.5015, 317.55
34.5119, 317.546
34.5261, 317.54
34.5368, 317.535
34.5449, 317.532
34.5873, 317.514
34.6249, 317.499
34.6315, 317.496
34.6435, 317.491
34.6668, 317.482
34.6766, 317.478
34.7022, 317.467
34.7124, 317.463
34.7573, 317.445
34.7604, 317.444
34.7876, 317.433
34.8167, 317.421
34.8488, 317.408
34.857, 317.405
34.8695, 317.4
34.8789, 317.396
34.9148, 317.382
34.9226, 317.379
34.9334, 317.374
34.9694, 317.36
34.9964, 317.35
35.0119, 317.343
35.0256, 317.338
35.0355, 317.334
35.0567, 317.326
35.0656, 317.323
35.0976, 317.31
35.1189, 317.302
35.136, 317.296
35.1825, 317.278
35.187, 317.277
35.195, 317.274
35.2674, 317.247
35.2831, 317.241
35.292, 317.238
35.3072, 317.232
35.3146, 317.23
35.3411, 317.22
35.3447, 317.219
35.3959, 317.201
35.4028, 317.198
35.409, 317.196
35.4468, 317.183
35.471, 317.174
35.4978, 317.165
35.5079, 317.162
35.5371, 317.152
35.5772, 317.138
35.5956, 317.132
35.6377, 317.118
35.6493, 317.114
35.6885, 317.102
35.7083, 317.095
35.7087, 317.095
35.7096, 317.095
35.7106, 317.094
35.7284, 317.089
35.7701, 317.076
35.8042, 317.065
35.8195, 317.06
35.8529, 317.05
35.8649, 317.046
35.8823, 317.041
35.9289, 317.027
35.9316, 317.026
35.9381, 317.024
35.9646, 317.016
35.9719, 317.014
35.9808, 317.011
36.0003, 317.006
36.0143, 317.002
36.0341, 316.996
36.0709, 316.985
36.0848, 316.981
36.1217, 316.971
36.1323, 316.968
36.1528, 316.962
36.1705, 316.957
36.1923, 316.951
36.2126, 316.946
36.2596, 316.933
36.2894, 316.925
36.2995, 316.923
36.3037, 316.922
36.3378, 316.913
36.3757, 316.903
36.4127, 316.893
36.4143, 316.893
36.4396, 316.887
36.4695, 316.879
36.4879, 316.875
36.5197, 316.867
36.5401, 316.862
36.5782, 316.853
36.5817, 316.852
36.614, 316.844
36.6306, 316.84
36.658, 316.834
36.6906, 316.827
36.7152, 316.821
36.7325, 316.817
36.7652, 316.81
36.7686, 316.809
36.7923, 316.804
36.7987, 316.802
36.8279, 316.796
36.8531, 316.791
36.8569, 316.79
36.8691, 316.787
36.9123, 316.778
36.9435, 316.772
36.9522, 316.77
36.9629, 316.768
36.9943, 316.761
37.0101, 316.758
37.0254, 316.755
37.0358, 316.753
37.0528, 316.749
37.074, 316.745
37.0828, 316.743
37.1044, 316.739
37.1148, 316.737
37.1423, 316.732
37.1546, 316.73
37.1794, 316.725
37.2088, 316.719
37.21, 316.719
37.2102, 316.719
37.2121, 316.719
37.2602, 316.71
37.2873, 316.705
37.3084, 316.701
37.3307, 316.697
37.3535, 316.693
37.3982, 316.685
37.4279, 316.68
37.4365, 316.679
37.4456, 316.677
37.4878, 316.67
37.4962, 316.669
37.5159, 316.665
37.5371, 316.662
37.5844, 316.654
37.5854, 316.654
37.5858, 316.654
37.6368, 316.646
37.6788, 316.64
37.6983, 316.637
37.7347, 316.631
37.7456, 316.629
37.751, 316.629
37.7935, 316.622
37.8089, 316.62
37.8277, 316.618
37.8457, 316.615
37.8766, 316.611
37.8788, 316.61
37.8803, 316.61
37.8853, 316.609
37.9231, 316.604
37.9455, 316.601
37.9563, 316.6
37.9711, 316.598
38.0127, 316.592
38.0522, 316.587
38.0599, 316.586
38.0981, 316.581
38.1025, 316.581
38.125, 316.578
38.154, 316.574
38.162, 316.573
38.2076, 316.568
38.2458, 316.563
38.2659, 316.561
38.2899, 316.558
38.3049, 316.556
38.3373, 316.553
38.3512, 316.551
38.3678, 316.55
38.385, 316.548
38.3922, 316.547
38.4191, 316.544
38.4682, 316.539
38.4796, 316.538
38.4934, 316.536
38.5066, 316.535
38.5221, 316.533
38.5631, 316.529
38.5801, 316.528
38.5928, 316.526
38.6376, 316.522
38.6462, 316.521
38.6516, 316.521
38.655, 316.521
38.686, 316.518
38.6888, 316.518
38.7112, 316.516
38.7326, 316.514
38.7552, 316.512
38.7672, 316.511
38.8014, 316.508
38.8282, 316.506
38.8561, 316.503
38.8666, 316.502
38.8926, 316.5
38.9206, 316.498
38.9262, 316.498
38.9492, 316.496
38.9877, 316.493
39.0117, 316.492
39.0232, 316.491
39.0588, 316.488
39.0671, 316.488
39.133, 316.483
39.1439, 316.483
39.1526, 316.482
39.176, 316.481
39.1932, 316.48
39.1966, 316.479
39.204, 316.479
39.2363, 316.477
39.2681, 316.475
39.2714, 316.475
39.2742, 316.475
39.2753, 316.475
39.2788, 316.475
39.3299, 316.472
39.3501, 316.471
39.3964, 316.469
39.3995, 316.468
39.4214, 316.467
39.4453, 316.466
39.4597, 316.466
39.48, 316.465
39.4895, 316.464
39.5122, 316.463
39.5355, 316.462
39.5465, 316.462
39.5623, 316.461
39.5749, 316.461
39.6067, 316.46
39.6236, 316.459
39.6322, 316.459
39.6484, 316.458
39.6583, 316.458
39.7151, 316.456
39.7258, 316.456
39.7666, 316.455
39.7826, 316.454
39.8029, 316.454
39.8419, 316.453
39.8437, 316.453
39.8449, 316.453
39.8822, 316.452
39.887, 316.452
39.9167, 316.452
39.9289, 316.452
39.9515, 316.451
40, 316.451
40, 316.451


