X,T
6.61744e-18, 310.15
0.019974, 310.15
0.487715, 310.15
0.511362, 310.15
0.533771, 310.15
0.656746, 310.15
0.673753, 310.15
1.29419, 310.15
1.31324, 310.15
1.31911, 310.15
1.33005, 310.15
1.34376, 310.15
2.01001, 310.15
2.25554, 310.15
2.27119, 310.15
2.60839, 310.15
3.03327, 310.15
3.12915, 310.15
3.14748, 310.15
3.73446, 310.15
3.83592, 310.15
3.8472, 310.15
3.85284, 310.15
3.92146, 310.15
3.93117, 310.15
3.93894, 310.15
4.03926, 310.15
4.40806, 310.15
4.42345, 310.15
4.68011, 310.15
4.87286, 310.15
4.88096, 310.15
5.18315, 310.15
5.3397, 310.15
5.35772, 310.15
5.72856, 310.15
5.82674, 310.15
6.27351, 310.151
6.28808, 310.151
6.38339, 310.151
6.81849, 310.151
6.84193, 310.151
6.95335, 310.151
7.17149, 310.151
7.476, 310.151
7.49046, 310.151
7.69449, 310.151
7.97788, 310.152
8.00121, 310.152
8.57793, 310.152
8.78157, 310.153
8.93349, 310.153
8.9685, 310.153
9.34456, 310.154
9.40725, 310.154
9.47109, 310.154
9.51398, 310.154
9.64606, 310.155
9.71408, 310.155
9.7355, 310.155
9.83354, 310.156
9.92228, 310.156
10, 310.157
10.0367, 310.157
10.0514, 310.157
10.0855, 310.157
10.1141, 310.157
10.1341, 310.157
10.1602, 310.157
10.2014, 310.157
10.2225, 310.157
10.2387, 310.157
10.2485, 310.157
10.2855, 310.157
10.302, 310.157
10.3291, 310.157
10.3625, 310.157
10.3796, 310.157
10.406, 310.157
10.4122, 310.157
10.4317, 310.157
10.4457, 310.157
10.4648, 310.157
10.4899, 310.157
10.4994, 310.157
10.5333, 310.157
10.5364, 310.157
10.563, 310.157
10.5738, 310.157
10.6113, 310.157
10.6345, 310.157
10.6548, 310.157
10.6867, 310.157
10.7029, 310.157
10.7403, 310.157
10.7481, 310.157
10.7929, 310.157
10.7999, 310.157
10.8155, 310.157
10.8545, 310.157
10.8821, 310.157
10.8949, 310.157
10.9103, 310.157
10.9186, 310.157
10.9272, 310.157
10.9712, 310.157
10.9869, 310.157
11.0146, 310.157
11.0363, 310.157
11.0597, 310.157
11.0983, 310.157
11.0992, 310.157
11.1006, 310.157
11.1456, 310.157
11.1668, 310.157
11.1884, 310.157
11.2027, 310.157
11.2143, 310.157
11.2599, 310.157
11.2835, 310.157
11.2912, 310.157
11.2996, 310.157
11.3072, 310.157
11.3476, 310.157
11.3596, 310.157
11.4031, 310.157
11.4307, 310.157
11.4473, 310.157
11.5053, 310.157
11.5069, 310.157
11.5078, 310.157
11.54, 310.157
11.5652, 310.157
11.5969, 310.157
11.5975, 310.157
11.6261, 310.157
11.6303, 310.157
11.6345, 310.157
11.6623, 310.157
11.6693, 310.157
11.7273, 310.157
11.7436, 310.157
11.7778, 310.157
11.8105, 310.157
11.8209, 310.157
11.8264, 310.157
11.8638, 310.157
11.8719, 310.157
11.8955, 310.157
11.9249, 310.157
11.9314, 310.157
11.9428, 310.157
11.9635, 310.157
11.9746, 310.157
11.999, 310.158
12.0044, 310.158
12.0068, 310.158
12.0138, 310.158
12.0422, 310.158
12.0633, 310.158
12.0772, 310.158
12.0823, 310.158
12.0947, 310.158
12.1172, 310.158
12.1343, 310.158
12.1664, 310.158
12.1683, 310.158
12.1842, 310.158
12.1933, 310.158
12.2241, 310.158
12.2525, 310.158
12.2777, 310.158
12.287, 310.158
12.3139, 310.158
12.3191, 310.158
12.3566, 310.158
12.399, 310.158
12.4283, 310.158
12.4829, 310.158
12.4939, 310.158
12.4968, 310.158
12.5058, 310.158
12.5171, 310.158
12.5363, 310.158
12.6033, 310.158
12.6203, 310.158
12.6269, 310.158
12.6327, 310.158
12.6528, 310.158
12.6558, 310.158
12.6606, 310.158
12.6922, 310.158
12.6976, 310.158
12.721, 310.158
12.7593, 310.158
12.7711, 310.158
12.7843, 310.158
12.8199, 310.158
12.823, 310.158
12.8306, 310.158
12.8753, 310.158
12.8804, 310.158
12.9148, 310.158
12.925, 310.158
12.9391, 310.158
12.9949, 310.158
13.0216, 310.158
13.0307, 310.158
13.0399, 310.158
13.0662, 310.158
13.1054, 310.158
13.1285, 310.158
13.1471, 310.158
13.174, 310.158
13.203, 310.158
13.2223, 310.158
13.2786, 310.159
13.2811, 310.159
13.3305, 310.159
13.3318, 310.159
13.3468, 310.159
13.3833, 310.159
13.3887, 310.159
13.3948, 310.159
13.4157, 310.159
13.4309, 310.159
13.4392, 310.159
13.4821, 310.159
13.4965, 310.159
13.5339, 310.159
13.5543, 310.159
13.5851, 310.159
13.5946, 310.159
13.5986, 310.159
13.629, 310.159
13.6672, 310.159
13.6733, 310.159
13.7084, 310.159
13.7401, 310.159
13.7538, 310.159
13.7945, 310.159
13.8271, 310.159
13.8557, 310.159
13.8658, 310.159
13.9017, 310.159
13.9232, 310.159
13.9506, 310.159
13.9688, 310.159
14.0035, 310.159
14.0095, 310.159
14.0134, 310.159
14.0591, 310.159
14.0727, 310.159
14.0965, 310.159
14.0989, 310.159
14.1078, 310.159
14.1456, 310.159
14.1594, 310.159
14.1943, 310.159
14.248, 310.16
14.2802, 310.16
14.3038, 310.16
14.3444, 310.16
14.3647, 310.16
14.3859, 310.16
14.4457, 310.16
14.4479, 310.16
14.504, 310.16
14.5136, 310.16
14.5489, 310.16
14.5568, 310.16
14.5981, 310.16
14.6262, 310.16
14.6422, 310.16
14.6707, 310.16
14.6831, 310.16
14.7193, 310.16
14.727, 310.16
14.7393, 310.16
14.7601, 310.16
14.7652, 310.16
14.7856, 310.16
14.8039, 310.16
14.8225, 310.16
14.8455, 310.16
14.8682, 310.16
14.8952, 310.16
14.9249, 310.16
14.9385, 310.16
14.9737, 310.16
14.9791, 310.16
15.0155, 310.161
15.0287, 310.161
15.0718, 310.161
15.08, 310.161
15.1163, 310.161
15.1598, 310.161
15.2086, 310.161
15.2193, 310.161
15.236, 310.161
15.2607, 310.161
15.2949, 310.161
15.3275, 310.161
15.3309, 310.161
15.3742, 310.161
15.4036, 310.161
15.4259, 310.161
15.4309, 310.161
15.4707, 310.161
15.4737, 310.161
15.4995, 310.161
15.513, 310.161
15.5615, 310.161
15.5788, 310.161
15.6292, 310.161
15.6597, 310.162
15.6617, 310.162
15.6625, 310.162
15.6661, 310.162
15.7149, 310.162
15.7383, 310.162
15.7477, 310.162
15.7855, 310.162
15.7961, 310.162
15.8394, 310.162
15.8439, 310.162
15.8679, 310.162
15.9286, 310.162
15.9588, 310.162
15.9621, 310.162
15.9662, 310.162
15.9692, 310.162
15.9834, 310.162
16.0166, 310.162
16.042, 310.162
16.0617, 310.162
16.0781, 310.162
16.1018, 310.162
16.1261, 310.162
16.1412, 310.162
16.1521, 310.162
16.1963, 310.162
16.2257, 310.163
16.2343, 310.163
16.26, 310.163
16.3207, 310.163
16.3268, 310.163
16.3291, 310.163
16.33, 310.163
16.3318, 310.163
16.3809, 310.163
16.3906, 310.163
16.4024, 310.163
16.4553, 310.163
16.4883, 310.163
16.5161, 310.163
16.5174, 310.163
16.5576, 310.163
16.562, 310.163
16.5925, 310.163
16.6127, 310.163
16.6351, 310.163
16.646, 310.163
16.6794, 310.163
16.7167, 310.163
16.7379, 310.164
16.7562, 310.164
16.7914, 310.164
16.8021, 310.164
16.8356, 310.164
16.8592, 310.164
16.8762, 310.164
16.8917, 310.164
16.9165, 310.164
16.9415, 310.164
16.9494, 310.164
16.9632, 310.164
16.9923, 310.164
17.0017, 310.164
17.0394, 310.164
17.0581, 310.164
17.0979, 310.164
17.1151, 310.164
17.1427, 310.164
17.1755, 310.164
17.1863, 310.164
17.1889, 310.164
17.1916, 310.164
17.2272, 310.165
17.2562, 310.165
17.2768, 310.165
17.2973, 310.165
17.3435, 310.165
17.3494, 310.165
17.3853, 310.165
17.424, 310.165
17.4261, 310.165
17.4296, 310.165
17.4542, 310.165
17.4882, 310.165
17.5163, 310.165
17.5211, 310.165
17.5481, 310.165
17.5541, 310.165
17.5758, 310.165
17.5913, 310.165
17.6268, 310.165
17.6351, 310.166
17.6733, 310.166
17.6871, 310.166
17.7341, 310.166
17.7843, 310.166
17.7849, 310.166
17.7849, 310.166
17.7855, 310.166
17.8222, 310.166
17.8262, 310.166
17.8528, 310.166
17.8664, 310.166
17.8758, 310.166
17.8879, 310.166
17.9356, 310.166
17.9503, 310.166
17.9605, 310.166
17.988, 310.166
18.0066, 310.166
18.0074, 310.166
18.0085, 310.166
18.0471, 310.167
18.0563, 310.167
18.0794, 310.167
18.0914, 310.167
18.1225, 310.167
18.1647, 310.167
18.1894, 310.167
18.2028, 310.167
18.2166, 310.167
18.2406, 310.167
18.2656, 310.167
18.3209, 310.167
18.3289, 310.167
18.3372, 310.167
18.3805, 310.167
18.3854, 310.168
18.3889, 310.168
18.42, 310.168
18.4535, 310.168
18.454, 310.168
18.4913, 310.168
18.5141, 310.168
18.5319, 310.168
18.5726, 310.168
18.5823, 310.168
18.6201, 310.168
18.6446, 310.168
18.6537, 310.168
18.6636, 310.168
18.6938, 310.168
18.7036, 310.168
18.7483, 310.169
18.7509, 310.169
18.8, 310.169
18.8248, 310.169
18.8447, 310.169
18.8687, 310.169
18.8828, 310.169
18.9016, 310.169
18.928, 310.169
18.9503, 310.169
18.9864, 310.169
18.9887, 310.169
18.9954, 310.169
19.021, 310.169
19.056, 310.17
19.0923, 310.17
19.0934, 310.17
19.1284, 310.17
19.1375, 310.17
19.1679, 310.17
19.189, 310.17
19.2202, 310.17
19.2367, 310.17
19.2751, 310.17
19.3036, 310.17
19.3169, 310.17
19.3554, 310.171
19.3777, 310.171
19.3983, 310.171
19.4319, 310.171
19.4603, 310.171
19.4745, 310.171
19.5266, 310.171
19.527, 310.171
19.5272, 310.171
19.5698, 310.171
19.6056, 310.171
19.6177, 310.171
19.6201, 310.171
19.631, 310.172
19.6705, 310.172
19.6767, 310.172
19.6949, 310.172
19.7135, 310.172
19.7279, 310.172
19.7456, 310.172
19.7575, 310.172
19.7966, 310.172
19.8235, 310.172
19.8521, 310.172
19.8606, 310.172
19.8967, 310.173
19.9059, 310.173
19.9297, 310.173
19.9383, 310.173
19.9594, 310.173
19.9869, 310.173
20.0157, 310.173
20.0261, 310.173
20.0295, 310.173
20.0314, 310.173
20.0948, 310.173
20.108, 310.173
20.1235, 310.173
20.1889, 310.174
20.1972, 310.174
20.2039, 310.174
20.244, 310.174
20.2746, 310.174
20.2839, 310.174
20.3262, 310.174
20.3274, 310.174
20.3643, 310.174
20.3901, 310.175
20.3932, 310.175
20.4495, 310.175
20.4667, 310.175
20.5057, 310.175
20.5433, 310.175
20.5775, 310.175
20.5881, 310.175
20.5937, 310.175
20.6249, 310.176
20.641, 310.176
20.6654, 310.176
20.7043, 310.176
20.7212, 310.176
20.7406, 310.176
20.7651, 310.176
20.8152, 310.176
20.8231, 310.176
20.8481, 310.177
20.8631, 310.177
20.8841, 310.177
20.8934, 310.177
20.9252, 310.177
20.9288, 310.177
20.9469, 310.177
20.9567, 310.177
20.9618, 310.177
20.9968, 310.177
21.0229, 310.177
21.0465, 310.178
21.0788, 310.178
21.1016, 310.178
21.1228, 310.178
21.1469, 310.178
21.1823, 310.178
21.1824, 310.178
21.1825, 310.178
21.1828, 310.178
21.2232, 310.178
21.2334, 310.178
21.285, 310.179
21.3114, 310.179
21.3188, 310.179
21.3277, 310.179
21.3542, 310.179
21.3792, 310.179
21.394, 310.179
21.4152, 310.179
21.4274, 310.179
21.4714, 310.18
21.4858, 310.18
21.4947, 310.18
21.5225, 310.18
21.5247, 310.18
21.5333, 310.18
21.5635, 310.18
21.5648, 310.18
21.5713, 310.18
21.5852, 310.18
21.618, 310.18
21.6657, 310.181
21.688, 310.181
21.708, 310.181
21.732, 310.181
21.751, 310.181
21.7751, 310.181
21.8121, 310.182
21.8219, 310.182
21.862, 310.182
21.8656, 310.182
21.8722, 310.182
21.9116, 310.182
21.948, 310.182
21.9835, 310.183
21.9886, 310.183
21.9985, 310.183
22.0068, 310.183
22.0383, 310.183
22.0834, 310.183
22.0891, 310.183
22.1249, 310.183
22.1624, 310.184
22.1717, 310.184
22.175, 310.184
22.215, 310.184
22.2365, 310.184
22.2549, 310.184
22.2619, 310.184
22.272, 310.184
22.3159, 310.185
22.3577, 310.185
22.3642, 310.185
22.373, 310.185
22.4073, 310.185
22.417, 310.185
22.4519, 310.186
22.4619, 310.186
22.4985, 310.186
22.5417, 310.186
22.5537, 310.186
22.6028, 310.187
22.6199, 310.187
22.6281, 310.187
22.6652, 310.187
22.6824, 310.187
22.7176, 310.187
22.7309, 310.187
22.747, 310.188
22.7747, 310.188
22.7957, 310.188
22.8205, 310.188
22.8221, 310.188
22.8741, 310.188
22.9053, 310.189
22.9235, 310.189
22.9286, 310.189
22.9443, 310.189
22.9565, 310.189
22.979, 310.189
23.0317, 310.19
23.058, 310.19
23.0744, 310.19
23.0771, 310.19
23.0886, 310.19
23.1172, 310.19
23.1626, 310.191
23.1657, 310.191
23.2025, 310.191
23.2139, 310.191
23.2184, 310.191
23.2501, 310.191
23.2776, 310.191
23.2808, 310.191
23.2988, 310.192
23.3307, 310.192
23.3359, 310.192
23.3734, 310.192
23.3983, 310.192
23.4428, 310.193
23.4437, 310.193
23.4438, 310.193
23.4772, 310.193
23.505, 310.193
23.5452, 310.194
23.5598, 310.194
23.601, 310.194
23.6018, 310.194
23.6431, 310.194
23.6669, 310.195
23.6831, 310.195
23.7014, 310.195
23.7173, 310.195
23.7652, 310.195
23.7754, 310.196
23.7947, 310.196
23.81, 310.196
23.8141, 310.196
23.8597, 310.196
23.8604, 310.196
23.8605, 310.196
23.8612, 310.196
23.8953, 310.197
23.8994, 310.197
23.9102, 310.197
23.9568, 310.197
23.9705, 310.197
23.9754, 310.197
24.0167, 310.198
24.0184, 310.198
24.0594, 310.198
24.0669, 310.198
24.0707, 310.198
24.1079, 310.199
24.1162, 310.199
24.1187, 310.199
24.1678, 310.199
24.179, 310.199
24.1961, 310.199
24.2277, 310.2
24.274, 310.2
24.3044, 310.2
24.317, 310.201
24.3277, 310.201
24.3555, 310.201
24.3819, 310.201
24.3936, 310.201
24.4443, 310.202
24.4717, 310.202
24.4808, 310.202
24.5028, 310.202
24.5268, 310.203
24.5571, 310.203
24.5868, 310.203
24.6137, 310.204
24.6594, 310.204
24.6691, 310.204
24.6862, 310.204
24.7147, 310.205
24.7244, 310.205
24.7608, 310.205
24.786, 310.206
24.8151, 310.206
24.8232, 310.206
24.857, 310.206
24.8883, 310.207
24.9303, 310.207
24.9406, 310.207
24.9416, 310.207
24.9441, 310.207
24.9484, 310.207
24.9886, 310.208
25.0158, 310.208
25.0311, 310.208
25.077, 310.209
25.0843, 310.209
25.0993, 310.209
25.1177, 310.209
25.134, 310.21
25.1683, 310.21
25.1841, 310.21
25.2033, 310.21
25.2184, 310.211
25.2637, 310.211
25.2796, 310.211
25.3246, 310.212
25.3311, 310.212
25.3492, 310.212
25.3603, 310.212
25.3721, 310.213
25.4026, 310.213
25.4274, 310.213
25.4686, 310.214
25.4771, 310.214
25.4834, 310.214
25.5389, 310.215
25.5421, 310.215
25.5749, 310.215
25.6033, 310.216
25.6419, 310.216
25.6531, 310.216
25.6553, 310.216
25.6809, 310.217
25.6928, 310.217
25.7104, 310.217
25.7333, 310.217
25.7679, 310.218
25.7802, 310.218
25.8123, 310.218
25.8386, 310.219
25.8473, 310.219
25.8957, 310.22
25.9, 310.22
25.9781, 310.221
25.9896, 310.221
26.0112, 310.221
26.0264, 310.222
26.0426, 310.222
26.0764, 310.222
26.1145, 310.223
26.1496, 310.224
26.1963, 310.224
26.2188, 310.225
26.2482, 310.225
26.2745, 310.226
26.3022, 310.226
26.3168, 310.226
26.3525, 310.227
26.3774, 310.227
26.3994, 310.228
26.4206, 310.228
26.4636, 310.229
26.4677, 310.229
26.5237, 310.23
26.5328, 310.23
26.587, 310.231
26.5874, 310.231
26.6193, 310.231
26.643, 310.232
26.6727, 310.232
26.6778, 310.232
26.7178, 310.233
26.7345, 310.233
26.7529, 310.234
26.7745, 310.234
26.7808, 310.234
26.8336, 310.235
26.8486, 310.236
26.8829, 310.236
26.8966, 310.237
26.9296, 310.237
26.9725, 310.238
26.9817, 310.238
27.0032, 310.239
27.0165, 310.239
27.0681, 310.24
27.0795, 310.24
27.1262, 310.241
27.1286, 310.241
27.1327, 310.241
27.1984, 310.243
27.2098, 310.243
27.2169, 310.243
27.2448, 310.244
27.2881, 310.245
27.3206, 310.245
27.3208, 310.245
27.36, 310.246
27.3729, 310.246
27.4119, 310.247
27.4341, 310.248
27.4716, 310.249
27.4961, 310.249
27.5387, 310.25
27.5484, 310.25
27.5774, 310.251
27.6158, 310.252
27.6255, 310.252
27.6562, 310.253
27.6666, 310.253
27.6774, 310.254
27.6799, 310.254
27.7283, 310.255
27.7452, 310.255
27.7814, 310.256
27.7961, 310.257
27.8025, 310.257
27.8326, 310.257
27.8554, 310.258
27.8697, 310.258
27.8957, 310.259
27.9068, 310.259
27.9404, 310.26
27.9495, 310.261
27.9606, 310.261
27.9797, 310.261
27.9849, 310.262
28.0184, 310.262
28.0369, 310.263
28.0401, 310.263
28.0471, 310.263
28.072, 310.264
28.1113, 310.265
28.1251, 310.265
28.1677, 310.267
28.1877, 310.267
28.2141, 310.268
28.2192, 310.268
28.2209, 310.268
28.265, 310.27
28.2696, 310.27
28.2784, 310.27
28.306, 310.271
28.3352, 310.272
28.3496, 310.272
28.3846, 310.273
28.3982, 310.274
28.4013, 310.274
28.4033, 310.274
28.4491, 310.275
28.4603, 310.276
28.5014, 310.277
28.5163, 310.277
28.5227, 310.278
28.5757, 310.279
28.5935, 310.28
28.6175, 310.281
28.6329, 310.281
28.6729, 310.283
28.6821, 310.283
28.694, 310.283
28.716, 310.284
28.7584, 310.286
28.7739, 310.286
28.8095, 310.288
28.8369, 310.289
28.862, 310.29
28.8935, 310.291
28.9182, 310.292
28.9184, 310.292
28.931, 310.292
28.9649, 310.293
28.9654, 310.293
28.9682, 310.294
28.9991, 310.295
29.0182, 310.296
29.0559, 310.297
29.1007, 310.299
29.1123, 310.299
29.1162, 310.3
29.1487, 310.301
29.1923, 310.303
29.195, 310.303
29.2259, 310.304
29.2362, 310.305
29.2861, 310.307
29.3053, 310.308
29.3398, 310.309
29.3481, 310.31
29.4075, 310.312
29.4116, 310.313
29.4231, 310.313
29.45, 310.314
29.4794, 310.316
29.4923, 310.317
29.5066, 310.317
29.5185, 310.318
29.545, 310.319
29.5777, 310.321
29.6036, 310.322
29.6147, 310.323
29.6305, 310.324
29.6685, 310.326
29.6733, 310.326
29.6774, 310.326
29.6882, 310.327
29.7215, 310.328
29.756, 310.33
29.7709, 310.331
29.797, 310.333
29.8119, 310.333
29.8485, 310.336
29.8623, 310.336
29.9104, 310.339
29.9234, 310.34
29.9313, 310.341
29.9647, 310.343
30.0087, 310.345
30.0092, 310.345
30.0431, 310.348
30.049, 310.348
30.0945, 310.351
30.1001, 310.351
30.1014, 310.351
30.1022, 310.351
30.1261, 310.353
30.1427, 310.354
30.1762, 310.357
30.1958, 310.358
30.2139, 310.359
30.2269, 310.36
30.236, 310.361
30.2746, 310.364
30.314, 310.367
30.3347, 310.368
30.3932, 310.373
30.4043, 310.374
30.4408, 310.377
30.4501, 310.378
30.4951, 310.381
30.5081, 310.382
30.534, 310.385
30.5719, 310.388
30.6104, 310.392
30.6135, 310.392
30.6155, 310.392
30.6221, 310.393
30.652, 310.396
30.6915, 310.399
30.7022, 310.401
30.7249, 310.403
30.7313, 310.404
30.7543, 310.406
30.765, 310.407
30.7663, 310.407
30.7971, 310.41
30.8032, 310.411
30.8129, 310.412
30.8514, 310.417
30.8912, 310.421
30.8953, 310.422
30.9306, 310.426
30.9486, 310.428
30.9619, 310.43
30.9863, 310.433
31.0111, 310.436
31.0554, 310.442
31.0687, 310.444
31.0736, 310.444
31.1107, 310.45
31.1574, 310.457
31.1676, 310.459
31.1704, 310.459
31.2119, 310.465
31.2389, 310.47
31.242, 310.471
31.2731, 310.476
31.2877, 310.479
31.301, 310.481
31.348, 310.49
31.3485, 310.49
31.3486, 310.49
31.3494, 310.49
31.3837, 310.497
31.3887, 310.498
31.4019, 310.501
31.4409, 310.509
31.4924, 310.521
31.5299, 310.53
31.5367, 310.532
31.5693, 310.541
31.5715, 310.541
31.6026, 310.55
31.631, 310.559
31.658, 310.568
31.6927, 310.58
31.7233, 310.591
31.7502, 310.603
31.7968, 310.624
31.8229, 310.635
31.8363, 310.642
31.8645, 310.656
31.9, 310.671
31.9114, 310.675
31.9279, 310.68
31.9614, 310.686
31.994, 310.691
32.0241, 310.691
32.0284, 310.691
32.0338, 310.69
32.0707, 310.683
32.0883, 310.677
32.1052, 310.67
32.109, 310.669
32.1441, 310.655
32.1576, 310.65
32.1749, 310.639
32.2046, 310.624
32.2457, 310.607
32.2587, 310.601
32.2737, 310.595
32.2783, 310.593
32.297, 310.586
32.3198, 310.578
32.3573, 310.564
32.3619, 310.563
32.3937, 310.553
32.4307, 310.544
32.4514, 310.538
32.4862, 310.529
32.4951, 310.526
32.5018, 310.524
32.5395, 310.516
32.5633, 310.511
32.593, 310.505
32.63, 310.497
32.6337, 310.496
32.6692, 310.489
32.6748, 310.488
32.7067, 310.482
32.7126, 310.481
32.7622, 310.473
32.779, 310.47
32.8008, 310.467
32.8233, 310.463
32.8472, 310.459
32.8634, 310.457
32.8819, 310.454
32.8965, 310.452
32.912, 310.45
32.947, 310.445
32.9693, 310.442
32.9929, 310.439
33.0108, 310.437
33.0525, 310.432
33.0691, 310.429
33.0797, 310.428
33.0902, 310.427
33.1436, 310.421
33.1537, 310.42
33.1852, 310.416
33.2241, 310.412
33.2277, 310.412
33.267, 310.408
33.2765, 310.407
33.3347, 310.401
33.3353, 310.401
33.3531, 310.399
33.3564, 310.399
33.3921, 310.396
33.396, 310.396
33.4784, 310.388
33.4792, 310.388
33.48, 310.388
33.5316, 310.384
33.5435, 310.383
33.5557, 310.382
33.5736, 310.38
33.6118, 310.378
33.623, 310.377
33.6282, 310.376
33.6599, 310.374
33.6805, 310.372
33.7258, 310.369
33.7353, 310.368
33.7789, 310.365
33.7966, 310.364
33.8196, 310.362
33.874, 310.359
33.8757, 310.359
33.8768, 310.359
33.9193, 310.356
33.9424, 310.354
33.945, 310.354
33.9638, 310.353
33.9951, 310.351
34.0286, 310.349
34.074, 310.347
34.1024, 310.345
34.1097, 310.344
34.1126, 310.344
34.1437, 310.343
34.1571, 310.342
34.1855, 310.34
34.2099, 310.339
34.2537, 310.337
34.2914, 310.335
34.2989, 310.334
34.3302, 310.333
34.3702, 310.331
34.4062, 310.329
34.4073, 310.329
34.4086, 310.329
34.4491, 310.327
34.4684, 310.326
34.4852, 310.325
34.4942, 310.325
34.5056, 310.324
34.5546, 310.322
34.5699, 310.321
34.6124, 310.32
34.6578, 310.318
34.6698, 310.317
34.6981, 310.316
34.7036, 310.316
34.7419, 310.314
34.7592, 310.313
34.7683, 310.313
34.7851, 310.312
34.8245, 310.311
34.8563, 310.309
34.8669, 310.309
34.8792, 310.309
34.9419, 310.306
34.9811, 310.305
34.9965, 310.304
35.0094, 310.304
35.0298, 310.303
35.0431, 310.303
35.0456, 310.302
35.081, 310.301
35.0843, 310.301
35.1057, 310.3
35.1215, 310.3
35.1495, 310.299
35.1789, 310.298
35.1863, 310.298
35.203, 310.297
35.2423, 310.296
35.2571, 310.295
35.2688, 310.295
35.291, 310.294
35.3208, 310.293
35.3857, 310.291
35.39, 310.291
35.4006, 310.291
35.4185, 310.29
35.441, 310.29
35.455, 310.289
35.5099, 310.288
35.5198, 310.287
35.552, 310.286
35.5549, 310.286
35.5777, 310.286
35.5926, 310.285
35.5949, 310.285
35.6323, 310.284
35.6483, 310.284
35.6757, 310.283
35.6888, 310.283
35.7119, 310.282
35.7528, 310.281
35.7774, 310.28
35.7855, 310.28
35.7899, 310.28
35.8473, 310.278
35.8642, 310.278
35.8803, 310.278
35.8977, 310.277
35.9193, 310.277
35.9391, 310.276
35.9752, 310.275
35.9986, 310.275
36.0187, 310.274
36.0561, 310.273
36.0689, 310.273
36.0937, 310.273
36.1066, 310.272
36.134, 310.272
36.1539, 310.271
36.1835, 310.271
36.2119, 310.27
36.2593, 310.269
36.2846, 310.268
36.3229, 310.268
36.3354, 310.267
36.3591, 310.267
36.4029, 310.266
36.4363, 310.265
36.4375, 310.265
36.4393, 310.265
36.4855, 310.264
36.5203, 310.264
36.5593, 310.263
36.5621, 310.263
36.6257, 310.262
36.6336, 310.262
36.6679, 310.261
36.6805, 310.261
36.6897, 310.261
36.7246, 310.26
36.754, 310.259
36.7646, 310.259
36.7738, 310.259
36.7911, 310.259
36.8157, 310.258
36.8412, 310.258
36.8809, 310.257
36.8858, 310.257
36.8965, 310.257
36.926, 310.257
36.9653, 310.256
36.9732, 310.256
37.0173, 310.255
37.0396, 310.255
37.0589, 310.254
37.069, 310.254
37.0794, 310.254
37.1183, 310.254
37.1234, 310.253
37.1261, 310.253
37.1704, 310.253
37.1805, 310.253
37.2118, 310.252
37.2168, 310.252
37.2547, 310.252
37.2588, 310.252
37.2637, 310.251
37.2887, 310.251
37.3108, 310.251
37.3139, 310.251
37.3174, 310.251
37.3195, 310.251
37.3423, 310.25
37.3486, 310.25
37.3904, 310.25
37.3957, 310.25
37.4046, 310.25
37.4374, 310.249
37.4767, 310.249
37.4902, 310.248
37.5044, 310.248
37.5262, 310.248
37.5522, 310.248
37.5675, 310.247
37.5812, 310.247
37.6154, 310.247
37.6339, 310.247
37.6572, 310.246
37.6743, 310.246
37.7044, 310.246
37.7268, 310.246
37.7298, 310.246
37.774, 310.245
37.7868, 310.245
37.8435, 310.244
37.868, 310.244
37.8885, 310.244
37.9435, 310.243
37.9499, 310.243
37.9605, 310.243
38.0303, 310.242
38.0404, 310.242
38.0516, 310.242
38.0937, 310.242
38.1226, 310.242
38.1444, 310.241
38.1543, 310.241
38.1797, 310.241
38.2064, 310.241
38.2339, 310.24
38.2488, 310.24
38.281, 310.24
38.2918, 310.24
38.3474, 310.24
38.3548, 310.239
38.3898, 310.239
38.3906, 310.239
38.4262, 310.239
38.432, 310.239
38.4664, 310.239
38.4737, 310.239
38.4819, 310.238
38.4984, 310.238
38.5125, 310.238
38.538, 310.238
38.5418, 310.238
38.5536, 310.238
38.613, 310.237
38.6192, 310.237
38.6229, 310.237
38.6542, 310.237
38.6947, 310.237
38.7083, 310.237
38.7413, 310.237
38.7419, 310.237
38.7437, 310.237
38.7771, 310.236
38.8044, 310.236
38.8169, 310.236
38.8252, 310.236
38.8741, 310.236
38.8808, 310.236
38.9187, 310.236
38.9337, 310.235
38.9527, 310.235
38.9819, 310.235
39.0037, 310.235
39.0303, 310.235
39.0483, 310.235
39.0554, 310.235
39.101, 310.235
39.1084, 310.235
39.1178, 310.234
39.1435, 310.234
39.1635, 310.234
39.1762, 310.234
39.2186, 310.234
39.2621, 310.234
39.2724, 310.234
39.3076, 310.234
39.3246, 310.234
39.346, 310.233
39.3805, 310.233
39.3841, 310.233
39.4315, 310.233
39.4455, 310.233
39.4654, 310.233
39.4748, 310.233
39.5076, 310.233
39.5289, 310.233
39.5591, 310.233
39.5927, 310.233
39.6088, 310.233
39.6483, 310.232
39.6864, 310.232
39.6919, 310.232
39.7089, 310.232
39.7265, 310.232
39.7324, 310.232
39.7861, 310.232
39.7874, 310.232
39.7888, 310.232
39.8498, 310.232
39.8713, 310.232
39.8814, 310.232
39.8975, 310.232
39.9055, 310.232
39.9228, 310.232
39.9607, 310.232
39.966, 310.232
40, 310.232
40.0579, 310.229
40, 310.232


