X,T
0, 311.239
0.0204763, 311.239
0.397948, 311.242
0.712896, 311.246
0.732433, 311.246
0.762901, 311.246
0.778966, 311.247
0.799822, 311.247
1.14532, 311.255
1.26495, 311.259
1.28287, 311.259
1.43727, 311.264
1.47203, 311.266
1.85473, 311.281
1.95117, 311.285
2.05357, 311.291
2.42709, 311.312
2.47222, 311.314
2.48073, 311.315
2.57143, 311.32
2.9882, 311.35
3.07093, 311.355
3.10682, 311.358
3.11597, 311.359
3.13231, 311.36
3.58938, 311.399
3.7044, 311.41
3.72624, 311.412
3.96506, 311.436
4.24956, 311.466
4.26589, 311.468
4.824, 311.536
4.86524, 311.541
4.88221, 311.543
4.99768, 311.56
5.41967, 311.62
5.44087, 311.624
5.64443, 311.657
5.97396, 311.711
5.98884, 311.714
6.16338, 311.745
6.59951, 311.831
6.80147, 311.871
6.81596, 311.873
6.92106, 311.897
6.9489, 311.903
7.30281, 311.984
7.32191, 311.989
7.77248, 312.105
7.81475, 312.116
7.96881, 312.157
8.07004, 312.189
8.11032, 312.201
8.71822, 312.394
8.74112, 312.402
9.01653, 312.504
9.0404, 312.513
9.09366, 312.535
9.32986, 312.629
9.59039, 312.753
9.60953, 312.763
9.65366, 312.785
9.67613, 312.798
9.73026, 312.829
9.79193, 312.864
9.81752, 312.886
9.8342, 312.9
9.86683, 312.93
9.94566, 313.009
10, 313.064
10.0411, 313.065
10.0444, 313.065
10.08, 313.065
10.1257, 313.067
10.1327, 313.067
10.1512, 313.067
10.1791, 313.068
10.1862, 313.068
10.2067, 313.069
10.2259, 313.069
10.2689, 313.071
10.276, 313.071
10.32, 313.072
10.3257, 313.073
10.3305, 313.073
10.3336, 313.073
10.3804, 313.074
10.3903, 313.075
10.4385, 313.076
10.4527, 313.077
10.4616, 313.077
10.4798, 313.078
10.5223, 313.08
10.5417, 313.08
10.5592, 313.081
10.5826, 313.082
10.6483, 313.085
10.6533, 313.085
10.6625, 313.085
10.7017, 313.087
10.7151, 313.088
10.7715, 313.09
10.802, 313.091
10.8085, 313.092
10.8183, 313.092
10.8482, 313.094
10.8737, 313.095
10.8886, 313.095
10.9402, 313.098
10.9574, 313.099
10.9747, 313.1
11.0064, 313.101
11.0427, 313.103
11.0481, 313.103
11.0549, 313.104
11.0716, 313.104
11.1005, 313.106
11.1055, 313.106
11.1209, 313.107
11.1574, 313.109
11.1583, 313.109
11.193, 313.111
11.2012, 313.111
11.2267, 313.112
11.2669, 313.114
11.2818, 313.115
11.3048, 313.117
11.3464, 313.119
11.3653, 313.12
11.3723, 313.12
11.4122, 313.122
11.4349, 313.124
11.4663, 313.125
11.4712, 313.126
11.5201, 313.128
11.5217, 313.129
11.5236, 313.129
11.5252, 313.129
11.5674, 313.131
11.5899, 313.132
11.6005, 313.133
11.6306, 313.135
11.6479, 313.136
11.6618, 313.137
11.7008, 313.139
11.7311, 313.141
11.7498, 313.142
11.7582, 313.142
11.7829, 313.144
11.796, 313.145
11.8296, 313.147
11.8558, 313.148
11.881, 313.15
11.8905, 313.151
11.9189, 313.152
11.9322, 313.153
11.9576, 313.155
11.9694, 313.155
11.9931, 313.157
12.0027, 313.158
12.0294, 313.159
12.0337, 313.16
12.0347, 313.16
12.036, 313.16
12.092, 313.163
12.1086, 313.164
12.1424, 313.167
12.1485, 313.167
12.1764, 313.169
12.2068, 313.171
12.2388, 313.173
12.2589, 313.174
12.2838, 313.176
12.3142, 313.178
12.3376, 313.18
12.3772, 313.182
12.3994, 313.184
12.4234, 313.186
12.4447, 313.187
12.4671, 313.189
12.5193, 313.192
12.5591, 313.195
12.5606, 313.195
12.5613, 313.195
12.5949, 313.198
12.5967, 313.198
12.6472, 313.201
12.6558, 313.202
12.6667, 313.203
12.6919, 313.204
12.7057, 313.205
12.7299, 313.207
12.7429, 313.208
12.7502, 313.209
12.7699, 313.21
12.8291, 313.215
12.8396, 313.215
12.8743, 313.218
12.892, 313.219
12.9148, 313.221
12.9541, 313.224
12.9611, 313.224
13.0008, 313.227
13.0052, 313.228
13.0605, 313.232
13.0679, 313.233
13.0748, 313.233
13.1006, 313.235
13.1319, 313.237
13.1397, 313.238
13.1654, 313.24
13.1812, 313.241
13.201, 313.243
13.2309, 313.245
13.2341, 313.245
13.2385, 313.246
13.2916, 313.25
13.3094, 313.251
13.3154, 313.252
13.3605, 313.256
13.3671, 313.256
13.4097, 313.26
13.4297, 313.261
13.4494, 313.263
13.4689, 313.264
13.4775, 313.265
13.486, 313.266
13.4999, 313.267
13.5339, 313.27
13.5424, 313.27
13.5436, 313.27
13.5774, 313.273
13.6113, 313.276
13.6426, 313.279
13.6636, 313.281
13.7012, 313.284
13.7127, 313.285
13.7371, 313.287
13.7551, 313.288
13.7909, 313.291
13.8055, 313.293
13.8212, 313.294
13.8738, 313.298
13.8749, 313.299
13.8769, 313.299
13.9243, 313.303
13.9403, 313.304
13.9666, 313.307
14.0139, 313.311
14.0342, 313.312
14.0649, 313.315
14.0787, 313.316
14.116, 313.32
14.1249, 313.321
14.1341, 313.321
14.1631, 313.324
14.1788, 313.325
14.206, 313.328
14.2313, 313.33
14.2479, 313.332
14.2691, 313.334
14.2847, 313.335
14.3287, 313.339
14.3427, 313.34
14.3692, 313.343
14.3939, 313.345
14.4002, 313.346
14.4176, 313.347
14.4455, 313.35
14.4764, 313.353
14.4907, 313.354
14.5179, 313.357
14.5501, 313.36
14.5938, 313.364
14.6049, 313.365
14.6111, 313.366
14.6385, 313.368
14.6616, 313.37
14.7091, 313.375
14.7449, 313.378
14.7547, 313.379
14.7912, 313.383
14.8217, 313.386
14.8331, 313.387
14.8362, 313.387
14.8934, 313.393
14.907, 313.394
14.937, 313.397
14.9474, 313.398
14.9791, 313.401
14.9886, 313.402
15.0075, 313.404
15.0247, 313.406
15.037, 313.407
15.066, 313.41
15.0999, 313.414
15.1089, 313.414
15.1225, 313.416
15.1473, 313.418
15.184, 313.422
15.1878, 313.423
15.2206, 313.426
15.2434, 313.428
15.2982, 313.434
15.3131, 313.435
15.351, 313.439
15.3646, 313.441
15.3863, 313.443
15.4148, 313.446
15.4552, 313.45
15.4568, 313.45
15.5029, 313.455
15.5307, 313.458
15.5496, 313.46
15.5644, 313.462
15.5774, 313.463
15.5848, 313.464
15.6307, 313.469
15.6498, 313.471
15.6723, 313.474
15.6938, 313.476
15.7229, 313.479
15.7504, 313.482
15.7678, 313.484
15.7846, 313.486
15.81, 313.489
15.8372, 313.492
15.8517, 313.493
15.8662, 313.495
15.8943, 313.498
15.9329, 313.502
15.9438, 313.503
15.9806, 313.508
16.0011, 313.51
16.0199, 313.512
16.0635, 313.517
16.0711, 313.518
16.0992, 313.521
16.1263, 313.524
16.1362, 313.525
16.1472, 313.526
16.1683, 313.529
16.1872, 313.531
16.222, 313.535
16.242, 313.537
16.27, 313.541
16.3058, 313.545
16.3209, 313.546
16.3351, 313.548
16.3448, 313.549
16.3687, 313.552
16.3867, 313.554
16.3995, 313.556
16.4226, 313.558
16.4384, 313.56
16.4582, 313.563
16.4769, 313.565
16.4898, 313.566
16.5174, 313.57
16.5439, 313.573
16.5565, 313.574
16.5724, 313.576
16.588, 313.578
16.6298, 313.583
16.6504, 313.586
16.669, 313.588
16.6995, 313.591
16.7247, 313.595
16.7374, 313.596
16.7733, 313.6
16.7748, 313.601
16.7758, 313.601
16.8143, 313.605
16.8313, 313.608
16.8518, 313.61
16.8787, 313.613
16.8958, 313.616
16.9031, 313.616
16.9352, 313.62
16.9765, 313.626
16.9997, 313.628
17.0139, 313.63
17.0343, 313.633
17.0532, 313.635
17.0896, 313.64
17.1281, 313.645
17.1418, 313.646
17.1697, 313.65
17.1908, 313.653
17.2146, 313.656
17.2287, 313.658
17.236, 313.658
17.2728, 313.663
17.2963, 313.666
17.3345, 313.671
17.3496, 313.673
17.3699, 313.676
17.4163, 313.682
17.4461, 313.686
17.4525, 313.687
17.4718, 313.689
17.4968, 313.692
17.5424, 313.698
17.566, 313.702
17.6371, 313.711
17.6427, 313.712
17.6497, 313.713
17.6982, 313.719
17.7178, 313.722
17.7681, 313.729
17.7744, 313.73
17.7779, 313.73
17.7848, 313.731
17.8181, 313.735
17.8383, 313.738
17.873, 313.743
17.8749, 313.743
17.913, 313.748
17.934, 313.751
17.9603, 313.755
17.9816, 313.758
18.0072, 313.762
18.0159, 313.763
18.03, 313.765
18.0718, 313.771
18.083, 313.772
18.1124, 313.776
18.1211, 313.777
18.1248, 313.778
18.1663, 313.784
18.2221, 313.792
18.2319, 313.793
18.2724, 313.799
18.2784, 313.8
18.3159, 313.805
18.3375, 313.808
18.3417, 313.809
18.3563, 313.811
18.3954, 313.817
18.4271, 313.821
18.4415, 313.823
18.4523, 313.825
18.4798, 313.829
18.5196, 313.835
18.545, 313.838
18.5719, 313.842
18.5783, 313.843
18.625, 313.85
18.6293, 313.851
18.6824, 313.859
18.7045, 313.862
18.7366, 313.867
18.7492, 313.869
18.7711, 313.872
18.8022, 313.877
18.8126, 313.878
18.8332, 313.881
18.8522, 313.884
18.8672, 313.886
18.9029, 313.892
18.9157, 313.894
18.939, 313.897
18.9457, 313.898
18.9527, 313.899
19.0072, 313.908
19.0531, 313.915
19.0581, 313.916
19.0619, 313.916
19.0633, 313.916
19.0734, 313.918
19.0991, 313.922
19.1331, 313.927
19.1398, 313.928
19.1426, 313.929
19.1656, 313.932
19.2081, 313.939
19.2436, 313.945
19.2705, 313.949
19.2798, 313.95
19.3437, 313.96
19.3444, 313.96
19.3779, 313.966
19.407, 313.97
19.4442, 313.976
19.4483, 313.977
19.477, 313.982
19.5457, 313.993
19.5797, 313.998
19.5919, 314
19.5987, 314.001
19.6294, 314.006
19.6472, 314.009
19.6525, 314.01
19.7033, 314.019
19.7128, 314.02
19.7495, 314.026
19.7527, 314.027
19.7605, 314.028
19.7949, 314.034
19.8008, 314.035
19.8397, 314.041
19.8657, 314.046
19.8741, 314.047
19.9143, 314.054
19.9149, 314.054
19.9217, 314.055
19.9478, 314.059
19.9894, 314.066
20.0208, 314.072
20.0619, 314.079
20.0756, 314.081
20.1158, 314.088
20.1538, 314.094
20.1573, 314.095
20.1649, 314.096
20.1958, 314.102
20.2219, 314.106
20.2651, 314.114
20.2735, 314.115
20.3036, 314.12
20.315, 314.122
20.3174, 314.123
20.3635, 314.131
20.3783, 314.134
20.4055, 314.138
20.4124, 314.14
20.4169, 314.14
20.4447, 314.145
20.465, 314.149
20.5053, 314.156
20.5185, 314.158
20.5221, 314.159
20.5723, 314.168
20.585, 314.17
20.5939, 314.172
20.6605, 314.184
20.6636, 314.185
20.6657, 314.185
20.7076, 314.193
20.742, 314.199
20.7499, 314.2
20.7915, 314.208
20.822, 314.214
20.847, 314.218
20.8606, 314.221
20.8667, 314.222
20.8998, 314.228
20.9186, 314.231
20.9398, 314.235
20.9581, 314.239
20.9759, 314.242
21.0113, 314.249
21.0276, 314.252
21.0452, 314.255
21.0813, 314.262
21.0952, 314.265
21.1405, 314.273
21.1819, 314.281
21.1972, 314.284
21.2237, 314.289
21.251, 314.294
21.2656, 314.297
21.2737, 314.299
21.319, 314.307
21.3206, 314.308
21.3558, 314.315
21.3787, 314.319
21.3923, 314.322
21.4119, 314.326
21.4248, 314.328
21.4717, 314.337
21.4949, 314.342
21.5046, 314.344
21.5489, 314.353
21.5503, 314.353
21.5525, 314.353
21.5962, 314.362
21.6247, 314.368
21.6429, 314.371
21.6499, 314.373
21.6758, 314.378
21.6896, 314.381
21.7278, 314.388
21.7522, 314.393
21.8006, 314.403
21.8135, 314.406
21.8215, 314.407
21.8831, 314.42
21.9105, 314.426
21.9475, 314.433
21.9959, 314.443
22.0082, 314.446
22.0192, 314.448
22.0561, 314.456
22.0737, 314.46
22.0981, 314.465
22.1114, 314.468
22.1524, 314.476
22.1541, 314.477
22.177, 314.481
22.1964, 314.486
22.2075, 314.488
22.2206, 314.491
22.2638, 314.5
22.2962, 314.507
22.3193, 314.512
22.3248, 314.513
22.3366, 314.516
22.3749, 314.524
22.4054, 314.531
22.4166, 314.533
22.4553, 314.541
22.4596, 314.542
22.506, 314.552
22.5301, 314.558
22.556, 314.563
22.5663, 314.566
22.5941, 314.572
22.6035, 314.574
22.6085, 314.575
22.6254, 314.579
22.6397, 314.582
22.6459, 314.583
22.6744, 314.59
22.6758, 314.59
22.6762, 314.59
22.7014, 314.596
22.7132, 314.599
22.7374, 314.604
22.7696, 314.611
22.7769, 314.613
22.8048, 314.619
22.8072, 314.62
22.859, 314.632
22.888, 314.638
22.8994, 314.641
22.9593, 314.655
22.973, 314.658
23.0047, 314.665
23.0125, 314.667
23.0444, 314.674
23.0829, 314.683
23.1039, 314.688
23.111, 314.69
23.1712, 314.704
23.1866, 314.708
23.2237, 314.717
23.2368, 314.72
23.267, 314.727
23.2892, 314.732
23.3343, 314.743
23.382, 314.755
23.3828, 314.755
23.3843, 314.755
23.4302, 314.766
23.4659, 314.775
23.4927, 314.782
23.5372, 314.792
23.5507, 314.796
23.5583, 314.798
23.5836, 314.804
23.6314, 314.816
23.6486, 314.82
23.6643, 314.824
23.6997, 314.833
23.736, 314.842
23.7388, 314.843
23.743, 314.844
23.7713, 314.851
23.7832, 314.854
23.8169, 314.863
23.875, 314.878
23.9078, 314.886
23.9179, 314.889
23.9252, 314.89
23.9283, 314.891
23.979, 314.904
23.9924, 314.908
24.0424, 314.921
24.0449, 314.922
24.0487, 314.923
24.0512, 314.923
24.054, 314.924
24.1003, 314.936
24.1325, 314.945
24.1621, 314.953
24.1646, 314.953
24.1912, 314.96
24.2249, 314.969
24.2488, 314.976
24.2602, 314.979
24.2889, 314.986
24.3042, 314.991
24.3226, 314.996
24.3506, 315.003
24.3626, 315.006
24.3815, 315.012
24.4189, 315.022
24.4401, 315.028
24.4492, 315.03
24.4629, 315.034
24.4928, 315.042
24.5115, 315.047
24.5487, 315.058
24.5489, 315.058
24.5492, 315.058
24.6126, 315.076
24.6139, 315.076
24.6494, 315.086
24.6608, 315.089
24.6868, 315.097
24.7282, 315.109
24.7489, 315.114
24.7775, 315.123
24.7983, 315.129
24.8141, 315.133
24.8335, 315.139
24.8888, 315.155
24.9263, 315.166
24.9354, 315.169
24.9573, 315.175
24.9845, 315.183
24.9993, 315.187
25.0101, 315.191
25.0284, 315.196
25.0518, 315.203
25.0843, 315.213
25.087, 315.214
25.0911, 315.215
25.1009, 315.218
25.1178, 315.223
25.1423, 315.23
25.1662, 315.237
25.2043, 315.249
25.2248, 315.255
25.2362, 315.259
25.2404, 315.26
25.299, 315.278
25.3125, 315.282
25.3341, 315.289
25.355, 315.296
25.3777, 315.303
25.3925, 315.307
25.425, 315.317
25.4371, 315.321
25.4517, 315.326
25.4746, 315.333
25.535, 315.352
25.5625, 315.361
25.5792, 315.366
25.6014, 315.374
25.6246, 315.381
25.6578, 315.392
25.6783, 315.399
25.6881, 315.402
25.7165, 315.411
25.7268, 315.414
25.7372, 315.418
25.7648, 315.427
25.7806, 315.432
25.8072, 315.441
25.8193, 315.445
25.8354, 315.45
25.8707, 315.462
25.8774, 315.465
25.883, 315.466
25.9223, 315.48
25.9366, 315.484
25.9612, 315.493
25.9808, 315.5
25.9942, 315.504
26.0213, 315.513
26.0331, 315.518
26.065, 315.529
26.0886, 315.537
26.1212, 315.548
26.1352, 315.553
26.1543, 315.56
26.173, 315.566
26.1936, 315.574
26.2318, 315.587
26.2472, 315.593
26.2862, 315.607
26.308, 315.614
26.3177, 315.618
26.3224, 315.62
26.3689, 315.637
26.3994, 315.648
26.4055, 315.65
26.4089, 315.651
26.4471, 315.665
26.4786, 315.677
26.5035, 315.686
26.5302, 315.696
26.5661, 315.71
26.5771, 315.714
26.6139, 315.728
26.6256, 315.732
26.6556, 315.743
26.6788, 315.752
26.7012, 315.761
26.7352, 315.774
26.7617, 315.784
26.773, 315.789
26.7882, 315.795
26.8157, 315.806
26.8423, 315.816
26.8486, 315.818
26.8521, 315.82
26.8725, 315.828
26.8845, 315.833
26.9143, 315.845
26.9446, 315.857
26.9765, 315.87
26.9942, 315.877
27.0303, 315.892
27.0395, 315.895
27.0485, 315.899
27.079, 315.912
27.1298, 315.933
27.1453, 315.939
27.1684, 315.949
27.1771, 315.953
27.1843, 315.956
27.2078, 315.965
27.225, 315.973
27.2304, 315.975
27.258, 315.987
27.273, 315.993
27.3145, 316.011
27.3169, 316.012
27.3179, 316.013
27.3263, 316.016
27.3692, 316.035
27.3818, 316.04
27.3935, 316.046
27.427, 316.06
27.4562, 316.073
27.4716, 316.08
27.5011, 316.093
27.5364, 316.109
27.54, 316.111
27.5519, 316.116
27.5815, 316.13
27.6234, 316.149
27.6367, 316.155
27.6739, 316.172
27.6767, 316.174
27.72, 316.194
27.731, 316.199
27.7688, 316.217
27.7795, 316.222
27.7872, 316.226
27.8182, 316.241
27.8202, 316.242
27.8344, 316.248
27.864, 316.263
27.8843, 316.273
27.8992, 316.28
27.9166, 316.289
27.9602, 316.31
27.9804, 316.32
28.01, 316.335
28.0146, 316.337
28.0555, 316.358
28.061, 316.361
28.0729, 316.367
28.1173, 316.39
28.1393, 316.401
28.1428, 316.403
28.1809, 316.423
28.2127, 316.439
28.2309, 316.449
28.2341, 316.451
28.2598, 316.464
28.3241, 316.499
28.3483, 316.512
28.3553, 316.516
28.3816, 316.53
28.4046, 316.543
28.4196, 316.551
28.4611, 316.575
28.4663, 316.577
28.5146, 316.605
28.5158, 316.606
28.5437, 316.621
28.5535, 316.627
28.5907, 316.649
28.6158, 316.663
28.6272, 316.67
28.6365, 316.676
28.6701, 316.695
28.7116, 316.72
28.7241, 316.728
28.7449, 316.74
28.7693, 316.755
28.7731, 316.758
28.7887, 316.767
28.8149, 316.783
28.8629, 316.813
28.8779, 316.823
28.9013, 316.838
28.9098, 316.843
28.9714, 316.883
28.9758, 316.886
28.9824, 316.89
29.0109, 316.909
29.0398, 316.928
29.0477, 316.933
29.0902, 316.962
29.1015, 316.969
29.1447, 316.999
29.1524, 317.004
29.1972, 317.035
29.2098, 317.044
29.2464, 317.07
29.257, 317.078
29.2763, 317.091
29.2949, 317.105
29.3373, 317.136
29.3413, 317.139
29.3774, 317.165
29.3996, 317.182
29.4019, 317.184
29.4614, 317.229
29.465, 317.232
29.4975, 317.257
29.515, 317.27
29.5245, 317.278
29.5655, 317.31
29.5696, 317.314
29.6098, 317.346
29.6259, 317.359
29.6547, 317.383
29.6879, 317.411
29.714, 317.433
29.7242, 317.442
29.7319, 317.448
29.7516, 317.465
29.8141, 317.52
29.832, 317.536
29.8407, 317.544
29.8638, 317.565
29.8924, 317.591
29.9506, 317.644
29.9653, 317.658
29.9941, 317.686
29.9974, 317.689
30.0001, 317.692
30.0473, 317.738
30.0811, 317.771
30.0972, 317.787
30.1037, 317.794
30.1356, 317.827
30.1397, 317.831
30.1697, 317.862
30.1878, 317.881
30.2283, 317.925
30.2355, 317.932
30.2398, 317.937
30.272, 317.973
30.2788, 317.98
30.2835, 317.986
30.3135, 318.019
30.3403, 318.05
30.3614, 318.074
30.396, 318.114
30.4023, 318.122
30.4118, 318.133
30.4295, 318.155
30.4536, 318.185
30.4763, 318.213
30.4976, 318.239
30.4995, 318.242
30.5391, 318.293
30.5571, 318.316
30.5733, 318.338
30.591, 318.362
30.6298, 318.415
30.6376, 318.426
30.6581, 318.455
30.6969, 318.51
30.7011, 318.516
30.7035, 318.519
30.7576, 318.601
30.7852, 318.643
30.7913, 318.652
30.7935, 318.656
30.7998, 318.666
30.8291, 318.713
30.8495, 318.746
30.8807, 318.797
30.8903, 318.814
30.9207, 318.866
30.9263, 318.876
30.9367, 318.894
30.9639, 318.942
31.0127, 319.033
31.0128, 319.033
31.055, 319.114
31.0673, 319.14
31.0715, 319.148
31.0804, 319.166
31.0896, 319.186
31.1093, 319.226
31.1425, 319.296
31.148, 319.309
31.1674, 319.353
31.1917, 319.408
31.2284, 319.492
31.2476, 319.539
31.2541, 319.556
31.2707, 319.597
31.297, 319.668
31.3185, 319.725
31.3334, 319.764
31.3811, 319.907
31.3832, 319.913
31.4063, 319.976
31.4348, 320.067
31.4449, 320.098
31.4842, 320.235
31.5028, 320.303
31.5189, 320.361
31.5241, 320.381
31.5588, 320.52
31.5614, 320.531
31.5853, 320.623
31.6011, 320.693
31.6104, 320.738
31.6145, 320.755
31.623, 320.795
31.6451, 320.894
31.6665, 321.016
31.6989, 321.184
31.7182, 321.313
31.7602, 321.573
31.7701, 321.636
31.7921, 321.807
31.8026, 321.885
31.8338, 322.097
31.8363, 322.121
31.8648, 322.385
31.8843, 322.533
31.9137, 322.74
31.9341, 322.897
31.9648, 323.021
31.9717, 323.035
31.9853, 323.02
32.0469, 322.931
32.0598, 322.868
32.0995, 322.636
32.1131, 322.555
32.1395, 322.354
32.1663, 322.124
32.1724, 322.062
32.1788, 322.023
32.2324, 321.654
32.2551, 321.502
32.2944, 321.279
32.3003, 321.247
32.3142, 321.177
32.3313, 321.072
32.3487, 320.995
32.3783, 320.856
32.4064, 320.729
32.4442, 320.579
32.4654, 320.501
32.4736, 320.469
32.4766, 320.459
32.533, 320.28
32.5393, 320.26
32.6013, 320.061
32.6089, 320.04
32.6297, 319.984
32.649, 319.93
32.6954, 319.807
32.7251, 319.737
32.7669, 319.641
32.7898, 319.587
32.8037, 319.559
32.8294, 319.505
32.8428, 319.478
32.8621, 319.441
32.8935, 319.38
32.9248, 319.321
32.9349, 319.303
32.9414, 319.291
32.9652, 319.25
32.9971, 319.195
33.0182, 319.159
33.0539, 319.1
33.0746, 319.068
33.0812, 319.058
33.0896, 319.045
33.1073, 319.017
33.1376, 318.973
33.1422, 318.966
33.1503, 318.954
33.1814, 318.909
33.2163, 318.859
33.2322, 318.838
33.2792, 318.776
33.2883, 318.764
33.3016, 318.748
33.3335, 318.708
33.3836, 318.647
33.4168, 318.609
33.4396, 318.583
33.4757, 318.542
33.4923, 318.523
33.5174, 318.496
33.5258, 318.486
33.5301, 318.482
33.5489, 318.462
33.5638, 318.447
33.5919, 318.418
33.6116, 318.398
33.6202, 318.39
33.6396, 318.371
33.6532, 318.357
33.6617, 318.349
33.6781, 318.333
33.7208, 318.293
33.7549, 318.262
33.7627, 318.255
33.8259, 318.199
33.8587, 318.171
33.8675, 318.163
33.8824, 318.151
33.9038, 318.133
33.9473, 318.097
33.9542, 318.092
34.0001, 318.056
34.0267, 318.035
34.0543, 318.014
34.1062, 317.975
34.1508, 317.943
34.1608, 317.936
34.2092, 317.902
34.2263, 317.89
34.2517, 317.873
34.2671, 317.862
34.2839, 317.851
34.3029, 317.839
34.3215, 317.826
34.3406, 317.814
34.3499, 317.808
34.3616, 317.8
34.4275, 317.759
34.4287, 317.759
34.4292, 317.758
34.4654, 317.736
34.4723, 317.732
34.5015, 317.714
34.5119, 317.708
34.5261, 317.7
34.5368, 317.694
34.5449, 317.689
34.5873, 317.665
34.6249, 317.643
34.6315, 317.64
34.6435, 317.633
34.6668, 317.62
34.6766, 317.615
34.7022, 317.601
34.7124, 317.595
34.7573, 317.572
34.7604, 317.57
34.7876, 317.556
34.8167, 317.541
34.8488, 317.525
34.857, 317.521
34.8695, 317.514
34.8789, 317.51
34.9148, 317.492
34.9226, 317.488
34.9334, 317.483
34.9694, 317.466
34.9964, 317.453
35.0119, 317.446
35.0256, 317.439
35.0355, 317.435
35.0567, 317.425
35.0656, 317.421
35.0976, 317.406
35.1189, 317.397
35.136, 317.389
35.1825, 317.369
35.187, 317.367
35.195, 317.363
35.2674, 317.333
35.2831, 317.326
35.292, 317.323
35.3072, 317.316
35.3146, 317.313
35.3411, 317.303
35.3447, 317.301
35.3959, 317.281
35.4028, 317.278
35.409, 317.276
35.4468, 317.261
35.471, 317.252
35.4978, 317.241
35.5079, 317.238
35.5371, 317.227
35.5772, 317.212
35.5956, 317.205
35.6377, 317.19
35.6493, 317.186
35.6885, 317.172
35.7083, 317.165
35.7087, 317.165
35.7096, 317.165
35.7106, 317.164
35.7284, 317.158
35.7701, 317.144
35.8042, 317.132
35.8195, 317.127
35.8529, 317.116
35.8649, 317.112
35.8823, 317.107
35.9289, 317.092
35.9316, 317.091
35.9381, 317.089
35.9646, 317.081
35.9719, 317.078
35.9808, 317.076
36.0003, 317.069
36.0143, 317.065
36.0341, 317.059
36.0709, 317.048
36.0848, 317.044
36.1217, 317.033
36.1323, 317.03
36.1528, 317.024
36.1705, 317.019
36.1923, 317.012
36.2126, 317.007
36.2596, 316.993
36.2894, 316.985
36.2995, 316.982
36.3037, 316.981
36.3378, 316.972
36.3757, 316.962
36.4127, 316.952
36.4143, 316.952
36.4396, 316.945
36.4695, 316.937
36.4879, 316.933
36.5197, 316.925
36.5401, 316.919
36.5782, 316.91
36.5817, 316.909
36.614, 316.901
36.6306, 316.897
36.658, 316.891
36.6906, 316.883
36.7152, 316.877
36.7325, 316.873
36.7652, 316.866
36.7686, 316.865
36.7923, 316.86
36.7987, 316.858
36.8279, 316.852
36.8531, 316.846
36.8569, 316.845
36.8691, 316.843
36.9123, 316.833
36.9435, 316.827
36.9522, 316.825
36.9629, 316.823
36.9943, 316.816
37.0101, 316.813
37.0254, 316.81
37.0358, 316.807
37.0528, 316.804
37.074, 316.8
37.0828, 316.798
37.1044, 316.794
37.1148, 316.792
37.1423, 316.786
37.1546, 316.784
37.1794, 316.779
37.2088, 316.774
37.21, 316.773
37.2102, 316.773
37.2121, 316.773
37.2602, 316.764
37.2873, 316.759
37.3084, 316.755
37.3307, 316.751
37.3535, 316.747
37.3982, 316.739
37.4279, 316.734
37.4365, 316.732
37.4456, 316.731
37.4878, 316.724
37.4962, 316.722
37.5159, 316.719
37.5371, 316.715
37.5844, 316.708
37.5854, 316.708
37.5858, 316.707
37.6368, 316.699
37.6788, 316.693
37.6983, 316.69
37.7347, 316.684
37.7456, 316.682
37.751, 316.682
37.7935, 316.675
37.8089, 316.673
37.8277, 316.67
37.8457, 316.668
37.8766, 316.663
37.8788, 316.663
37.8803, 316.663
37.8853, 316.662
37.9231, 316.657
37.9455, 316.654
37.9563, 316.652
37.9711, 316.65
38.0127, 316.645
38.0522, 316.64
38.0599, 316.639
38.0981, 316.634
38.1025, 316.633
38.125, 316.63
38.154, 316.627
38.162, 316.626
38.2076, 316.62
38.2458, 316.616
38.2659, 316.613
38.2899, 316.611
38.3049, 316.609
38.3373, 316.605
38.3512, 316.604
38.3678, 316.602
38.385, 316.6
38.3922, 316.599
38.4191, 316.596
38.4682, 316.591
38.4796, 316.59
38.4934, 316.589
38.5066, 316.587
38.5221, 316.586
38.5631, 316.582
38.5801, 316.58
38.5928, 316.579
38.6376, 316.575
38.6462, 316.574
38.6516, 316.573
38.655, 316.573
38.686, 316.57
38.6888, 316.57
38.7112, 316.568
38.7326, 316.566
38.7552, 316.564
38.7672, 316.563
38.8014, 316.56
38.8282, 316.558
38.8561, 316.556
38.8666, 316.555
38.8926, 316.553
38.9206, 316.551
38.9262, 316.55
38.9492, 316.548
38.9877, 316.545
39.0117, 316.544
39.0232, 316.543
39.0588, 316.54
39.0671, 316.54
39.133, 316.536
39.1439, 316.535
39.1526, 316.534
39.176, 316.533
39.1932, 316.532
39.1966, 316.532
39.204, 316.531
39.2363, 316.529
39.2681, 316.527
39.2714, 316.527
39.2742, 316.527
39.2753, 316.527
39.2788, 316.527
39.3299, 316.524
39.3501, 316.523
39.3964, 316.521
39.3995, 316.521
39.4214, 316.519
39.4453, 316.518
39.4597, 316.518
39.48, 316.517
39.4895, 316.516
39.5122, 316.515
39.5355, 316.515
39.5465, 316.514
39.5623, 316.513
39.5749, 316.513
39.6067, 316.512
39.6236, 316.511
39.6322, 316.511
39.6484, 316.51
39.6583, 316.51
39.7151, 316.508
39.7258, 316.508
39.7666, 316.507
39.7826, 316.507
39.8029, 316.506
39.8419, 316.505
39.8437, 316.505
39.8449, 316.505
39.8822, 316.505
39.887, 316.505
39.9167, 316.504
39.9289, 316.504
39.9515, 316.504
40, 316.503
40, 316.503


