X,T
6.61744e-18, 310.15
0.019974, 310.15
0.487715, 310.15
0.511362, 310.15
0.533771, 310.15
0.656746, 310.15
0.673753, 310.15
1.29419, 310.15
1.31324, 310.15
1.31911, 310.15
1.33005, 310.15
1.34376, 310.15
2.01001, 310.15
2.25554, 310.15
2.27119, 310.15
2.60839, 310.15
3.03327, 310.151
3.12915, 310.151
3.14748, 310.151
3.73446, 310.151
3.83592, 310.151
3.8472, 310.151
3.85284, 310.151
3.92146, 310.151
3.93117, 310.151
3.93894, 310.151
4.03926, 310.151
4.40806, 310.151
4.42345, 310.151
4.68011, 310.151
4.87286, 310.152
4.88096, 310.152
5.18315, 310.152
5.3397, 310.152
5.35772, 310.152
5.72856, 310.153
5.82674, 310.153
6.27351, 310.154
6.28808, 310.154
6.38339, 310.154
6.81849, 310.155
6.84193, 310.155
6.95335, 310.156
7.17149, 310.157
7.476, 310.158
7.49046, 310.158
7.69449, 310.159
7.97788, 310.16
8.00121, 310.161
8.57793, 310.165
8.78157, 310.167
8.93349, 310.169
8.9685, 310.169
9.34456, 310.174
9.40725, 310.175
9.47109, 310.176
9.51398, 310.177
9.64606, 310.18
9.71408, 310.181
9.7355, 310.182
9.83354, 310.184
9.92228, 310.188
10, 310.192
10.0367, 310.192
10.0514, 310.192
10.0855, 310.192
10.1141, 310.192
10.1341, 310.192
10.1602, 310.192
10.2014, 310.192
10.2225, 310.192
10.2387, 310.192
10.2485, 310.192
10.2855, 310.192
10.302, 310.192
10.3291, 310.192
10.3625, 310.192
10.3796, 310.192
10.406, 310.192
10.4122, 310.192
10.4317, 310.192
10.4457, 310.192
10.4648, 310.192
10.4899, 310.192
10.4994, 310.192
10.5333, 310.192
10.5364, 310.192
10.563, 310.192
10.5738, 310.192
10.6113, 310.193
10.6345, 310.193
10.6548, 310.193
10.6867, 310.193
10.7029, 310.193
10.7403, 310.193
10.7481, 310.193
10.7929, 310.193
10.7999, 310.193
10.8155, 310.193
10.8545, 310.193
10.8821, 310.193
10.8949, 310.193
10.9103, 310.193
10.9186, 310.193
10.9272, 310.193
10.9712, 310.193
10.9869, 310.193
11.0146, 310.194
11.0363, 310.194
11.0597, 310.194
11.0983, 310.194
11.0992, 310.194
11.1006, 310.194
11.1456, 310.194
11.1668, 310.194
11.1884, 310.194
11.2027, 310.194
11.2143, 310.194
11.2599, 310.194
11.2835, 310.194
11.2912, 310.194
11.2996, 310.194
11.3072, 310.194
11.3476, 310.195
11.3596, 310.195
11.4031, 310.195
11.4307, 310.195
11.4473, 310.195
11.5053, 310.195
11.5069, 310.195
11.5078, 310.195
11.54, 310.195
11.5652, 310.195
11.5969, 310.195
11.5975, 310.195
11.6261, 310.195
11.6303, 310.195
11.6345, 310.195
11.6623, 310.196
11.6693, 310.196
11.7273, 310.196
11.7436, 310.196
11.7778, 310.196
11.8105, 310.196
11.8209, 310.196
11.8264, 310.196
11.8638, 310.196
11.8719, 310.196
11.8955, 310.196
11.9249, 310.197
11.9314, 310.197
11.9428, 310.197
11.9635, 310.197
11.9746, 310.197
11.999, 310.197
12.0044, 310.197
12.0068, 310.197
12.0138, 310.197
12.0422, 310.197
12.0633, 310.197
12.0772, 310.197
12.0823, 310.197
12.0947, 310.197
12.1172, 310.197
12.1343, 310.197
12.1664, 310.198
12.1683, 310.198
12.1842, 310.198
12.1933, 310.198
12.2241, 310.198
12.2525, 310.198
12.2777, 310.198
12.287, 310.198
12.3139, 310.198
12.3191, 310.198
12.3566, 310.198
12.399, 310.199
12.4283, 310.199
12.4829, 310.199
12.4939, 310.199
12.4968, 310.199
12.5058, 310.199
12.5171, 310.199
12.5363, 310.199
12.6033, 310.2
12.6203, 310.2
12.6269, 310.2
12.6327, 310.2
12.6528, 310.2
12.6558, 310.2
12.6606, 310.2
12.6922, 310.2
12.6976, 310.2
12.721, 310.2
12.7593, 310.2
12.7711, 310.2
12.7843, 310.2
12.8199, 310.201
12.823, 310.201
12.8306, 310.201
12.8753, 310.201
12.8804, 310.201
12.9148, 310.201
12.925, 310.201
12.9391, 310.201
12.9949, 310.202
13.0216, 310.202
13.0307, 310.202
13.0399, 310.202
13.0662, 310.202
13.1054, 310.202
13.1285, 310.202
13.1471, 310.202
13.174, 310.203
13.203, 310.203
13.2223, 310.203
13.2786, 310.203
13.2811, 310.203
13.3305, 310.203
13.3318, 310.203
13.3468, 310.204
13.3833, 310.204
13.3887, 310.204
13.3948, 310.204
13.4157, 310.204
13.4309, 310.204
13.4392, 310.204
13.4821, 310.204
13.4965, 310.204
13.5339, 310.205
13.5543, 310.205
13.5851, 310.205
13.5946, 310.205
13.5986, 310.205
13.629, 310.205
13.6672, 310.206
13.6733, 310.206
13.7084, 310.206
13.7401, 310.206
13.7538, 310.206
13.7945, 310.206
13.8271, 310.207
13.8557, 310.207
13.8658, 310.207
13.9017, 310.207
13.9232, 310.207
13.9506, 310.207
13.9688, 310.208
14.0035, 310.208
14.0095, 310.208
14.0134, 310.208
14.0591, 310.208
14.0727, 310.208
14.0965, 310.208
14.0989, 310.208
14.1078, 310.209
14.1456, 310.209
14.1594, 310.209
14.1943, 310.209
14.248, 310.21
14.2802, 310.21
14.3038, 310.21
14.3444, 310.21
14.3647, 310.21
14.3859, 310.211
14.4457, 310.211
14.4479, 310.211
14.504, 310.212
14.5136, 310.212
14.5489, 310.212
14.5568, 310.212
14.5981, 310.212
14.6262, 310.212
14.6422, 310.213
14.6707, 310.213
14.6831, 310.213
14.7193, 310.213
14.727, 310.213
14.7393, 310.213
14.7601, 310.214
14.7652, 310.214
14.7856, 310.214
14.8039, 310.214
14.8225, 310.214
14.8455, 310.214
14.8682, 310.215
14.8952, 310.215
14.9249, 310.215
14.9385, 310.215
14.9737, 310.215
14.9791, 310.215
15.0155, 310.216
15.0287, 310.216
15.0718, 310.216
15.08, 310.216
15.1163, 310.217
15.1598, 310.217
15.2086, 310.218
15.2193, 310.218
15.236, 310.218
15.2607, 310.218
15.2949, 310.218
15.3275, 310.219
15.3309, 310.219
15.3742, 310.219
15.4036, 310.219
15.4259, 310.22
15.4309, 310.22
15.4707, 310.22
15.4737, 310.22
15.4995, 310.22
15.513, 310.22
15.5615, 310.221
15.5788, 310.221
15.6292, 310.222
15.6597, 310.222
15.6617, 310.222
15.6625, 310.222
15.6661, 310.222
15.7149, 310.222
15.7383, 310.223
15.7477, 310.223
15.7855, 310.223
15.7961, 310.223
15.8394, 310.224
15.8439, 310.224
15.8679, 310.224
15.9286, 310.225
15.9588, 310.225
15.9621, 310.225
15.9662, 310.225
15.9692, 310.225
15.9834, 310.225
16.0166, 310.226
16.042, 310.226
16.0617, 310.226
16.0781, 310.226
16.1018, 310.227
16.1261, 310.227
16.1412, 310.227
16.1521, 310.227
16.1963, 310.228
16.2257, 310.228
16.2343, 310.228
16.26, 310.228
16.3207, 310.229
16.3268, 310.229
16.3291, 310.229
16.33, 310.229
16.3318, 310.229
16.3809, 310.23
16.3906, 310.23
16.4024, 310.23
16.4553, 310.231
16.4883, 310.231
16.5161, 310.231
16.5174, 310.232
16.5576, 310.232
16.562, 310.232
16.5925, 310.232
16.6127, 310.233
16.6351, 310.233
16.646, 310.233
16.6794, 310.234
16.7167, 310.234
16.7379, 310.234
16.7562, 310.234
16.7914, 310.235
16.8021, 310.235
16.8356, 310.236
16.8592, 310.236
16.8762, 310.236
16.8917, 310.236
16.9165, 310.237
16.9415, 310.237
16.9494, 310.237
16.9632, 310.237
16.9923, 310.238
17.0017, 310.238
17.0394, 310.238
17.0581, 310.238
17.0979, 310.239
17.1151, 310.239
17.1427, 310.24
17.1755, 310.24
17.1863, 310.24
17.1889, 310.24
17.1916, 310.24
17.2272, 310.241
17.2562, 310.241
17.2768, 310.242
17.2973, 310.242
17.3435, 310.242
17.3494, 310.243
17.3853, 310.243
17.424, 310.244
17.4261, 310.244
17.4296, 310.244
17.4542, 310.244
17.4882, 310.245
17.5163, 310.245
17.5211, 310.245
17.5481, 310.246
17.5541, 310.246
17.5758, 310.246
17.5913, 310.246
17.6268, 310.247
17.6351, 310.247
17.6733, 310.247
17.6871, 310.248
17.7341, 310.248
17.7843, 310.249
17.7849, 310.249
17.7849, 310.249
17.7855, 310.249
17.8222, 310.25
17.8262, 310.25
17.8528, 310.25
17.8664, 310.25
17.8758, 310.251
17.8879, 310.251
17.9356, 310.252
17.9503, 310.252
17.9605, 310.252
17.988, 310.252
18.0066, 310.253
18.0074, 310.253
18.0085, 310.253
18.0471, 310.253
18.0563, 310.254
18.0794, 310.254
18.0914, 310.254
18.1225, 310.255
18.1647, 310.255
18.1894, 310.256
18.2028, 310.256
18.2166, 310.256
18.2406, 310.257
18.2656, 310.257
18.3209, 310.258
18.3289, 310.258
18.3372, 310.258
18.3805, 310.259
18.3854, 310.259
18.3889, 310.259
18.42, 310.26
18.4535, 310.26
18.454, 310.26
18.4913, 310.261
18.5141, 310.262
18.5319, 310.262
18.5726, 310.263
18.5823, 310.263
18.6201, 310.264
18.6446, 310.264
18.6537, 310.264
18.6636, 310.264
18.6938, 310.265
18.7036, 310.265
18.7483, 310.266
18.7509, 310.266
18.8, 310.267
18.8248, 310.267
18.8447, 310.268
18.8687, 310.268
18.8828, 310.269
18.9016, 310.269
18.928, 310.269
18.9503, 310.27
18.9864, 310.271
18.9887, 310.271
18.9954, 310.271
19.021, 310.271
19.056, 310.272
19.0923, 310.273
19.0934, 310.273
19.1284, 310.273
19.1375, 310.274
19.1679, 310.274
19.189, 310.275
19.2202, 310.275
19.2367, 310.276
19.2751, 310.277
19.3036, 310.277
19.3169, 310.277
19.3554, 310.278
19.3777, 310.279
19.3983, 310.279
19.4319, 310.28
19.4603, 310.281
19.4745, 310.281
19.5266, 310.282
19.527, 310.282
19.5272, 310.282
19.5698, 310.283
19.6056, 310.284
19.6177, 310.284
19.6201, 310.284
19.631, 310.284
19.6705, 310.285
19.6767, 310.285
19.6949, 310.286
19.7135, 310.286
19.7279, 310.287
19.7456, 310.287
19.7575, 310.287
19.7966, 310.288
19.8235, 310.289
19.8521, 310.29
19.8606, 310.29
19.8967, 310.291
19.9059, 310.291
19.9297, 310.291
19.9383, 310.292
19.9594, 310.292
19.9869, 310.293
20.0157, 310.294
20.0261, 310.294
20.0295, 310.294
20.0314, 310.294
20.0948, 310.296
20.108, 310.296
20.1235, 310.296
20.1889, 310.298
20.1972, 310.298
20.2039, 310.298
20.244, 310.299
20.2746, 310.3
20.2839, 310.3
20.3262, 310.301
20.3274, 310.301
20.3643, 310.302
20.3901, 310.303
20.3932, 310.303
20.4495, 310.305
20.4667, 310.305
20.5057, 310.306
20.5433, 310.307
20.5775, 310.308
20.5881, 310.309
20.5937, 310.309
20.6249, 310.31
20.641, 310.31
20.6654, 310.311
20.7043, 310.312
20.7212, 310.312
20.7406, 310.313
20.7651, 310.314
20.8152, 310.315
20.8231, 310.315
20.8481, 310.316
20.8631, 310.316
20.8841, 310.317
20.8934, 310.317
20.9252, 310.318
20.9288, 310.318
20.9469, 310.319
20.9567, 310.319
20.9618, 310.319
20.9968, 310.32
21.0229, 310.321
21.0465, 310.322
21.0788, 310.323
21.1016, 310.324
21.1228, 310.324
21.1469, 310.325
21.1823, 310.326
21.1824, 310.326
21.1825, 310.326
21.1828, 310.326
21.2232, 310.327
21.2334, 310.328
21.285, 310.329
21.3114, 310.33
21.3188, 310.33
21.3277, 310.331
21.3542, 310.332
21.3792, 310.332
21.394, 310.333
21.4152, 310.334
21.4274, 310.334
21.4714, 310.335
21.4858, 310.336
21.4947, 310.336
21.5225, 310.337
21.5247, 310.337
21.5333, 310.337
21.5635, 310.339
21.5648, 310.339
21.5713, 310.339
21.5852, 310.339
21.618, 310.34
21.6657, 310.342
21.688, 310.343
21.708, 310.343
21.732, 310.344
21.751, 310.345
21.7751, 310.346
21.8121, 310.347
21.8219, 310.348
21.862, 310.349
21.8656, 310.349
21.8722, 310.349
21.9116, 310.351
21.948, 310.352
21.9835, 310.353
21.9886, 310.354
21.9985, 310.354
22.0068, 310.354
22.0383, 310.355
22.0834, 310.357
22.0891, 310.357
22.1249, 310.359
22.1624, 310.36
22.1717, 310.361
22.175, 310.361
22.215, 310.362
22.2365, 310.363
22.2549, 310.364
22.2619, 310.364
22.272, 310.364
22.3159, 310.366
22.3577, 310.368
22.3642, 310.368
22.373, 310.369
22.4073, 310.37
22.417, 310.37
22.4519, 310.372
22.4619, 310.372
22.4985, 310.374
22.5417, 310.375
22.5537, 310.376
22.6028, 310.378
22.6199, 310.379
22.6281, 310.379
22.6652, 310.381
22.6824, 310.381
22.7176, 310.383
22.7309, 310.384
22.747, 310.384
22.7747, 310.385
22.7957, 310.386
22.8205, 310.387
22.8221, 310.388
22.8741, 310.39
22.9053, 310.391
22.9235, 310.392
22.9286, 310.392
22.9443, 310.393
22.9565, 310.394
22.979, 310.395
23.0317, 310.397
23.058, 310.398
23.0744, 310.399
23.0771, 310.399
23.0886, 310.4
23.1172, 310.401
23.1626, 310.403
23.1657, 310.403
23.2025, 310.405
23.2139, 310.406
23.2184, 310.406
23.2501, 310.407
23.2776, 310.409
23.2808, 310.409
23.2988, 310.41
23.3307, 310.411
23.3359, 310.412
23.3734, 310.414
23.3983, 310.415
23.4428, 310.417
23.4437, 310.417
23.4438, 310.417
23.4772, 310.419
23.505, 310.42
23.5452, 310.422
23.5598, 310.423
23.601, 310.425
23.6018, 310.425
23.6431, 310.428
23.6669, 310.429
23.6831, 310.43
23.7014, 310.431
23.7173, 310.432
23.7652, 310.434
23.7754, 310.435
23.7947, 310.436
23.81, 310.437
23.8141, 310.437
23.8597, 310.439
23.8604, 310.439
23.8605, 310.439
23.8612, 310.439
23.8953, 310.441
23.8994, 310.442
23.9102, 310.442
23.9568, 310.445
23.9705, 310.446
23.9754, 310.446
24.0167, 310.448
24.0184, 310.448
24.0594, 310.451
24.0669, 310.451
24.0707, 310.451
24.1079, 310.454
24.1162, 310.454
24.1187, 310.454
24.1678, 310.457
24.179, 310.458
24.1961, 310.459
24.2277, 310.461
24.274, 310.464
24.3044, 310.466
24.317, 310.466
24.3277, 310.467
24.3555, 310.469
24.3819, 310.47
24.3936, 310.471
24.4443, 310.474
24.4717, 310.476
24.4808, 310.477
24.5028, 310.478
24.5268, 310.48
24.5571, 310.482
24.5868, 310.484
24.6137, 310.486
24.6594, 310.489
24.6691, 310.489
24.6862, 310.49
24.7147, 310.492
24.7244, 310.493
24.7608, 310.496
24.786, 310.497
24.8151, 310.499
24.8232, 310.5
24.857, 310.502
24.8883, 310.505
24.9303, 310.508
24.9406, 310.508
24.9416, 310.508
24.9441, 310.509
24.9484, 310.509
24.9886, 310.512
25.0158, 310.514
25.0311, 310.515
25.077, 310.518
25.0843, 310.519
25.0993, 310.52
25.1177, 310.521
25.134, 310.523
25.1683, 310.525
25.1841, 310.527
25.2033, 310.528
25.2184, 310.529
25.2637, 310.533
25.2796, 310.534
25.3246, 310.538
25.3311, 310.538
25.3492, 310.539
25.3603, 310.54
25.3721, 310.541
25.4026, 310.544
25.4274, 310.546
25.4686, 310.549
25.4771, 310.55
25.4834, 310.55
25.5389, 310.555
25.5421, 310.555
25.5749, 310.558
25.6033, 310.561
25.6419, 310.564
25.6531, 310.565
25.6553, 310.565
25.6809, 310.567
25.6928, 310.568
25.7104, 310.57
25.7333, 310.572
25.7679, 310.575
25.7802, 310.576
25.8123, 310.579
25.8386, 310.581
25.8473, 310.582
25.8957, 310.586
25.9, 310.587
25.9781, 310.594
25.9896, 310.595
26.0112, 310.597
26.0264, 310.599
26.0426, 310.6
26.0764, 310.604
26.1145, 310.607
26.1496, 310.611
26.1963, 310.615
26.2188, 310.618
26.2482, 310.621
26.2745, 310.623
26.3022, 310.626
26.3168, 310.628
26.3525, 310.631
26.3774, 310.634
26.3994, 310.636
26.4206, 310.638
26.4636, 310.643
26.4677, 310.644
26.5237, 310.65
26.5328, 310.651
26.587, 310.657
26.5874, 310.657
26.6193, 310.66
26.643, 310.663
26.6727, 310.666
26.6778, 310.667
26.7178, 310.671
26.7345, 310.673
26.7529, 310.675
26.7745, 310.678
26.7808, 310.679
26.8336, 310.685
26.8486, 310.687
26.8829, 310.691
26.8966, 310.693
26.9296, 310.697
26.9725, 310.702
26.9817, 310.703
27.0032, 310.706
27.0165, 310.707
27.0681, 310.714
27.0795, 310.715
27.1262, 310.721
27.1286, 310.722
27.1327, 310.722
27.1984, 310.731
27.2098, 310.732
27.2169, 310.733
27.2448, 310.737
27.2881, 310.743
27.3206, 310.747
27.3208, 310.747
27.36, 310.753
27.3729, 310.755
27.4119, 310.76
27.4341, 310.763
27.4716, 310.769
27.4961, 310.772
27.5387, 310.779
27.5484, 310.78
27.5774, 310.784
27.6158, 310.79
27.6255, 310.792
27.6562, 310.796
27.6666, 310.798
27.6774, 310.799
27.6799, 310.8
27.7283, 310.807
27.7452, 310.81
27.7814, 310.816
27.7961, 310.818
27.8025, 310.819
27.8326, 310.824
27.8554, 310.828
27.8697, 310.83
27.8957, 310.834
27.9068, 310.836
27.9404, 310.842
27.9495, 310.843
27.9606, 310.845
27.9797, 310.848
27.9849, 310.849
28.0184, 310.855
28.0369, 310.858
28.0401, 310.859
28.0471, 310.86
28.072, 310.864
28.1113, 310.871
28.1251, 310.874
28.1677, 310.881
28.1877, 310.885
28.2141, 310.89
28.2192, 310.891
28.2209, 310.891
28.265, 310.899
28.2696, 310.9
28.2784, 310.902
28.306, 310.907
28.3352, 310.913
28.3496, 310.916
28.3846, 310.922
28.3982, 310.925
28.4013, 310.926
28.4033, 310.926
28.4491, 310.935
28.4603, 310.937
28.5014, 310.946
28.5163, 310.949
28.5227, 310.95
28.5757, 310.961
28.5935, 310.965
28.6175, 310.97
28.6329, 310.973
28.6729, 310.982
28.6821, 310.984
28.694, 310.987
28.716, 310.991
28.7584, 311.001
28.7739, 311.004
28.8095, 311.012
28.8369, 311.019
28.862, 311.025
28.8935, 311.032
28.9182, 311.038
28.9184, 311.038
28.931, 311.041
28.9649, 311.049
28.9654, 311.049
28.9682, 311.05
28.9991, 311.058
29.0182, 311.062
29.0559, 311.072
29.1007, 311.083
29.1123, 311.086
29.1162, 311.087
29.1487, 311.096
29.1923, 311.107
29.195, 311.108
29.2259, 311.116
29.2362, 311.119
29.2861, 311.133
29.3053, 311.138
29.3398, 311.148
29.3481, 311.15
29.4075, 311.168
29.4116, 311.169
29.4231, 311.172
29.45, 311.18
29.4794, 311.189
29.4923, 311.193
29.5066, 311.198
29.5185, 311.201
29.545, 311.21
29.5777, 311.22
29.6036, 311.228
29.6147, 311.232
29.6305, 311.237
29.6685, 311.25
29.6733, 311.251
29.6774, 311.253
29.6882, 311.256
29.7215, 311.268
29.756, 311.279
29.7709, 311.285
29.797, 311.294
29.8119, 311.299
29.8485, 311.312
29.8623, 311.318
29.9104, 311.335
29.9234, 311.34
29.9313, 311.343
29.9647, 311.356
30.0087, 311.373
30.0092, 311.374
30.0431, 311.387
30.049, 311.39
30.0945, 311.408
30.1001, 311.411
30.1014, 311.411
30.1022, 311.412
30.1261, 311.422
30.1427, 311.429
30.1762, 311.443
30.1958, 311.452
30.2139, 311.46
30.2269, 311.466
30.236, 311.47
30.2746, 311.488
30.314, 311.506
30.3347, 311.517
30.3932, 311.546
30.4043, 311.551
30.4408, 311.57
30.4501, 311.575
30.4951, 311.599
30.5081, 311.606
30.534, 311.62
30.5719, 311.641
30.6104, 311.664
30.6135, 311.665
30.6155, 311.666
30.6221, 311.67
30.652, 311.688
30.6915, 311.712
30.7022, 311.719
30.7249, 311.733
30.7313, 311.738
30.7543, 311.753
30.765, 311.76
30.7663, 311.761
30.7971, 311.781
30.8032, 311.785
30.8129, 311.792
30.8514, 311.819
30.8912, 311.848
30.8953, 311.851
30.9306, 311.878
30.9486, 311.892
30.9619, 311.903
30.9863, 311.921
31.0111, 311.942
31.0554, 311.98
31.0687, 311.991
31.0736, 311.995
31.1107, 312.028
31.1574, 312.075
31.1676, 312.085
31.1704, 312.088
31.2119, 312.128
31.2389, 312.158
31.242, 312.161
31.2731, 312.194
31.2877, 312.212
31.301, 312.228
31.348, 312.286
31.3485, 312.286
31.3486, 312.287
31.3494, 312.288
31.3837, 312.332
31.3887, 312.339
31.4019, 312.358
31.4409, 312.412
31.4924, 312.492
31.5299, 312.553
31.5367, 312.565
31.5693, 312.624
31.5715, 312.629
31.6026, 312.688
31.631, 312.751
31.658, 312.816
31.6927, 312.903
31.7233, 312.982
31.7502, 313.064
31.7968, 313.218
31.8229, 313.302
31.8363, 313.35
31.8645, 313.458
31.9, 313.572
31.9114, 313.603
31.9279, 313.644
31.9614, 313.691
31.994, 313.724
32.0241, 313.726
32.0284, 313.725
32.0338, 313.72
32.0707, 313.665
32.0883, 313.617
32.1052, 313.565
32.109, 313.553
32.1441, 313.449
32.1576, 313.408
32.1749, 313.328
32.2046, 313.218
32.2457, 313.092
32.2587, 313.047
32.2737, 313.006
32.2783, 312.992
32.297, 312.942
32.3198, 312.882
32.3573, 312.785
32.3619, 312.776
32.3937, 312.711
32.4307, 312.643
32.4514, 312.601
32.4862, 312.54
32.4951, 312.522
32.5018, 312.511
32.5395, 312.458
32.5633, 312.423
32.593, 312.382
32.63, 312.329
32.6337, 312.324
32.6692, 312.281
32.6748, 312.274
32.7067, 312.236
32.7126, 312.23
32.7622, 312.176
32.779, 312.157
32.8008, 312.135
32.8233, 312.112
32.8472, 312.088
32.8634, 312.074
32.8819, 312.057
32.8965, 312.043
32.912, 312.029
32.947, 311.999
32.9693, 311.979
32.9929, 311.96
33.0108, 311.946
33.0525, 311.913
33.0691, 311.9
33.0797, 311.892
33.0902, 311.885
33.1436, 311.847
33.1537, 311.839
33.1852, 311.818
33.2241, 311.792
33.2277, 311.789
33.267, 311.764
33.2765, 311.758
33.3347, 311.723
33.3353, 311.723
33.3531, 311.712
33.3564, 311.71
33.3921, 311.69
33.396, 311.687
33.4784, 311.642
33.4792, 311.642
33.48, 311.641
33.5316, 311.614
33.5435, 311.608
33.5557, 311.602
33.5736, 311.593
33.6118, 311.575
33.623, 311.569
33.6282, 311.567
33.6599, 311.551
33.6805, 311.542
33.7258, 311.521
33.7353, 311.517
33.7789, 311.498
33.7966, 311.49
33.8196, 311.481
33.874, 311.458
33.8757, 311.457
33.8768, 311.457
33.9193, 311.44
33.9424, 311.431
33.945, 311.43
33.9638, 311.423
33.9951, 311.411
34.0286, 311.398
34.074, 311.381
34.1024, 311.371
34.1097, 311.368
34.1126, 311.367
34.1437, 311.356
34.1571, 311.352
34.1855, 311.342
34.2099, 311.334
34.2537, 311.319
34.2914, 311.307
34.2989, 311.305
34.3302, 311.295
34.3702, 311.282
34.4062, 311.271
34.4073, 311.271
34.4086, 311.271
34.4491, 311.259
34.4684, 311.253
34.4852, 311.248
34.4942, 311.245
34.5056, 311.242
34.5546, 311.228
34.5699, 311.224
34.6124, 311.212
34.6578, 311.2
34.6698, 311.197
34.6981, 311.189
34.7036, 311.188
34.7419, 311.178
34.7592, 311.173
34.7683, 311.171
34.7851, 311.167
34.8245, 311.157
34.8563, 311.149
34.8669, 311.147
34.8792, 311.144
34.9419, 311.129
34.9811, 311.12
34.9965, 311.117
35.0094, 311.114
35.0298, 311.109
35.0431, 311.106
35.0456, 311.105
35.081, 311.098
35.0843, 311.097
35.1057, 311.092
35.1215, 311.089
35.1495, 311.083
35.1789, 311.077
35.1863, 311.075
35.203, 311.072
35.2423, 311.064
35.2571, 311.061
35.2688, 311.058
35.291, 311.054
35.3208, 311.048
35.3857, 311.035
35.39, 311.035
35.4006, 311.032
35.4185, 311.029
35.441, 311.025
35.455, 311.022
35.5099, 311.012
35.5198, 311.01
35.552, 311.005
35.5549, 311.004
35.5777, 311
35.5926, 310.998
35.5949, 310.997
35.6323, 310.991
35.6483, 310.988
35.6757, 310.983
35.6888, 310.981
35.7119, 310.977
35.7528, 310.97
35.7774, 310.966
35.7855, 310.965
35.7899, 310.964
35.8473, 310.955
35.8642, 310.953
35.8803, 310.95
35.8977, 310.947
35.9193, 310.944
35.9391, 310.941
35.9752, 310.936
35.9986, 310.932
36.0187, 310.929
36.0561, 310.924
36.0689, 310.922
36.0937, 310.918
36.1066, 310.916
36.134, 310.913
36.1539, 310.91
36.1835, 310.906
36.2119, 310.902
36.2593, 310.896
36.2846, 310.892
36.3229, 310.887
36.3354, 310.886
36.3591, 310.882
36.4029, 310.877
36.4363, 310.873
36.4375, 310.873
36.4393, 310.872
36.4855, 310.867
36.5203, 310.863
36.5593, 310.858
36.5621, 310.858
36.6257, 310.85
36.6336, 310.849
36.6679, 310.845
36.6805, 310.844
36.6897, 310.843
36.7246, 310.839
36.754, 310.836
36.7646, 310.835
36.7738, 310.834
36.7911, 310.832
36.8157, 310.829
36.8412, 310.827
36.8809, 310.822
36.8858, 310.822
36.8965, 310.821
36.926, 310.818
36.9653, 310.814
36.9732, 310.813
37.0173, 310.809
37.0396, 310.807
37.0589, 310.805
37.069, 310.804
37.0794, 310.803
37.1183, 310.799
37.1234, 310.799
37.1261, 310.798
37.1704, 310.794
37.1805, 310.793
37.2118, 310.791
37.2168, 310.79
37.2547, 310.787
37.2588, 310.786
37.2637, 310.786
37.2887, 310.784
37.3108, 310.782
37.3139, 310.782
37.3174, 310.781
37.3195, 310.781
37.3423, 310.779
37.3486, 310.779
37.3904, 310.775
37.3957, 310.775
37.4046, 310.774
37.4374, 310.771
37.4767, 310.768
37.4902, 310.767
37.5044, 310.766
37.5262, 310.764
37.5522, 310.762
37.5675, 310.761
37.5812, 310.76
37.6154, 310.757
37.6339, 310.756
37.6572, 310.754
37.6743, 310.753
37.7044, 310.751
37.7268, 310.749
37.7298, 310.749
37.774, 310.746
37.7868, 310.745
37.8435, 310.741
37.868, 310.739
37.8885, 310.738
37.9435, 310.735
37.9499, 310.734
37.9605, 310.733
38.0303, 310.729
38.0404, 310.728
38.0516, 310.728
38.0937, 310.725
38.1226, 310.724
38.1444, 310.722
38.1543, 310.722
38.1797, 310.72
38.2064, 310.719
38.2339, 310.717
38.2488, 310.716
38.281, 310.715
38.2918, 310.714
38.3474, 310.711
38.3548, 310.711
38.3898, 310.709
38.3906, 310.709
38.4262, 310.707
38.432, 310.707
38.4664, 310.705
38.4737, 310.705
38.4819, 310.704
38.4984, 310.703
38.5125, 310.703
38.538, 310.702
38.5418, 310.701
38.5536, 310.701
38.613, 310.698
38.6192, 310.698
38.6229, 310.698
38.6542, 310.696
38.6947, 310.695
38.7083, 310.694
38.7413, 310.693
38.7419, 310.693
38.7437, 310.693
38.7771, 310.691
38.8044, 310.69
38.8169, 310.69
38.8252, 310.689
38.8741, 310.688
38.8808, 310.687
38.9187, 310.686
38.9337, 310.685
38.9527, 310.685
38.9819, 310.684
39.0037, 310.683
39.0303, 310.682
39.0483, 310.681
39.0554, 310.681
39.101, 310.68
39.1084, 310.679
39.1178, 310.679
39.1435, 310.678
39.1635, 310.678
39.1762, 310.677
39.2186, 310.676
39.2621, 310.675
39.2724, 310.675
39.3076, 310.674
39.3246, 310.673
39.346, 310.673
39.3805, 310.672
39.3841, 310.672
39.4315, 310.671
39.4455, 310.671
39.4654, 310.67
39.4748, 310.67
39.5076, 310.669
39.5289, 310.669
39.5591, 310.668
39.5927, 310.668
39.6088, 310.667
39.6483, 310.667
39.6864, 310.666
39.6919, 310.666
39.7089, 310.666
39.7265, 310.666
39.7324, 310.665
39.7861, 310.665
39.7874, 310.665
39.7888, 310.665
39.8498, 310.664
39.8713, 310.664
39.8814, 310.664
39.8975, 310.664
39.9055, 310.664
39.9228, 310.663
39.9607, 310.663
39.966, 310.663
40, 310.663
40.0579, 310.643
40, 310.663


