X,T
0, 310.231
0.0204763, 310.231
0.397948, 310.232
0.712896, 310.232
0.732433, 310.232
0.762901, 310.232
0.778966, 310.232
0.799822, 310.232
1.14532, 310.233
1.26495, 310.233
1.28287, 310.233
1.43727, 310.233
1.47203, 310.233
1.85473, 310.235
1.95117, 310.235
2.05357, 310.235
2.42709, 310.237
2.47222, 310.237
2.48073, 310.237
2.57143, 310.237
2.9882, 310.24
3.07093, 310.24
3.10682, 310.24
3.11597, 310.24
3.13231, 310.24
3.58938, 310.243
3.7044, 310.244
3.72624, 310.244
3.96506, 310.246
4.24956, 310.248
4.26589, 310.248
4.824, 310.254
4.86524, 310.254
4.88221, 310.254
4.99768, 310.255
5.41967, 310.26
5.44087, 310.26
5.64443, 310.263
5.97396, 310.267
5.98884, 310.267
6.16338, 310.269
6.59951, 310.276
6.80147, 310.279
6.81596, 310.279
6.92106, 310.281
6.9489, 310.281
7.30281, 310.287
7.32191, 310.287
7.77248, 310.296
7.81475, 310.297
7.96881, 310.3
8.07004, 310.302
8.11032, 310.303
8.71822, 310.318
8.74112, 310.318
9.01653, 310.326
9.0404, 310.327
9.09366, 310.328
9.32986, 310.335
9.59039, 310.344
9.60953, 310.345
9.65366, 310.347
9.67613, 310.348
9.73026, 310.35
9.79193, 310.353
9.81752, 310.354
9.8342, 310.356
9.86683, 310.358
9.94566, 310.364
10, 310.368
10.0411, 310.368
10.0444, 310.368
10.08, 310.368
10.1257, 310.368
10.1327, 310.368
10.1512, 310.368
10.1791, 310.368
10.1862, 310.368
10.2067, 310.368
10.2259, 310.368
10.2689, 310.368
10.276, 310.368
10.32, 310.368
10.3257, 310.368
10.3305, 310.368
10.3336, 310.368
10.3804, 310.369
10.3903, 310.369
10.4385, 310.369
10.4527, 310.369
10.4616, 310.369
10.4798, 310.369
10.5223, 310.369
10.5417, 310.369
10.5592, 310.369
10.5826, 310.369
10.6483, 310.369
10.6533, 310.369
10.6625, 310.369
10.7017, 310.369
10.7151, 310.37
10.7715, 310.37
10.802, 310.37
10.8085, 310.37
10.8183, 310.37
10.8482, 310.37
10.8737, 310.37
10.8886, 310.37
10.9402, 310.37
10.9574, 310.37
10.9747, 310.37
11.0064, 310.371
11.0427, 310.371
11.0481, 310.371
11.0549, 310.371
11.0716, 310.371
11.1005, 310.371
11.1055, 310.371
11.1209, 310.371
11.1574, 310.371
11.1583, 310.371
11.193, 310.371
11.2012, 310.371
11.2267, 310.371
11.2669, 310.372
11.2818, 310.372
11.3048, 310.372
11.3464, 310.372
11.3653, 310.372
11.3723, 310.372
11.4122, 310.372
11.4349, 310.372
11.4663, 310.372
11.4712, 310.372
11.5201, 310.373
11.5217, 310.373
11.5236, 310.373
11.5252, 310.373
11.5674, 310.373
11.5899, 310.373
11.6005, 310.373
11.6306, 310.373
11.6479, 310.373
11.6618, 310.373
11.7008, 310.373
11.7311, 310.374
11.7498, 310.374
11.7582, 310.374
11.7829, 310.374
11.796, 310.374
11.8296, 310.374
11.8558, 310.374
11.881, 310.374
11.8905, 310.374
11.9189, 310.374
11.9322, 310.374
11.9576, 310.375
11.9694, 310.375
11.9931, 310.375
12.0027, 310.375
12.0294, 310.375
12.0337, 310.375
12.0347, 310.375
12.036, 310.375
12.092, 310.375
12.1086, 310.375
12.1424, 310.375
12.1485, 310.375
12.1764, 310.376
12.2068, 310.376
12.2388, 310.376
12.2589, 310.376
12.2838, 310.376
12.3142, 310.376
12.3376, 310.376
12.3772, 310.377
12.3994, 310.377
12.4234, 310.377
12.4447, 310.377
12.4671, 310.377
12.5193, 310.377
12.5591, 310.378
12.5606, 310.378
12.5613, 310.378
12.5949, 310.378
12.5967, 310.378
12.6472, 310.378
12.6558, 310.378
12.6667, 310.378
12.6919, 310.378
12.7057, 310.378
12.7299, 310.378
12.7429, 310.379
12.7502, 310.379
12.7699, 310.379
12.8291, 310.379
12.8396, 310.379
12.8743, 310.379
12.892, 310.379
12.9148, 310.379
12.9541, 310.38
12.9611, 310.38
13.0008, 310.38
13.0052, 310.38
13.0605, 310.38
13.0679, 310.38
13.0748, 310.38
13.1006, 310.381
13.1319, 310.381
13.1397, 310.381
13.1654, 310.381
13.1812, 310.381
13.201, 310.381
13.2309, 310.381
13.2341, 310.381
13.2385, 310.381
13.2916, 310.382
13.3094, 310.382
13.3154, 310.382
13.3605, 310.382
13.3671, 310.382
13.4097, 310.382
13.4297, 310.382
13.4494, 310.383
13.4689, 310.383
13.4775, 310.383
13.486, 310.383
13.4999, 310.383
13.5339, 310.383
13.5424, 310.383
13.5436, 310.383
13.5774, 310.383
13.6113, 310.384
13.6426, 310.384
13.6636, 310.384
13.7012, 310.384
13.7127, 310.384
13.7371, 310.384
13.7551, 310.385
13.7909, 310.385
13.8055, 310.385
13.8212, 310.385
13.8738, 310.385
13.8749, 310.385
13.8769, 310.385
13.9243, 310.386
13.9403, 310.386
13.9666, 310.386
14.0139, 310.386
14.0342, 310.386
14.0649, 310.387
14.0787, 310.387
14.116, 310.387
14.1249, 310.387
14.1341, 310.387
14.1631, 310.387
14.1788, 310.387
14.206, 310.387
14.2313, 310.388
14.2479, 310.388
14.2691, 310.388
14.2847, 310.388
14.3287, 310.388
14.3427, 310.388
14.3692, 310.389
14.3939, 310.389
14.4002, 310.389
14.4176, 310.389
14.4455, 310.389
14.4764, 310.389
14.4907, 310.389
14.5179, 310.39
14.5501, 310.39
14.5938, 310.39
14.6049, 310.39
14.6111, 310.39
14.6385, 310.39
14.6616, 310.391
14.7091, 310.391
14.7449, 310.391
14.7547, 310.391
14.7912, 310.392
14.8217, 310.392
14.8331, 310.392
14.8362, 310.392
14.8934, 310.392
14.907, 310.392
14.937, 310.393
14.9474, 310.393
14.9791, 310.393
14.9886, 310.393
15.0075, 310.393
15.0247, 310.393
15.037, 310.393
15.066, 310.394
15.0999, 310.394
15.1089, 310.394
15.1225, 310.394
15.1473, 310.394
15.184, 310.395
15.1878, 310.395
15.2206, 310.395
15.2434, 310.395
15.2982, 310.395
15.3131, 310.396
15.351, 310.396
15.3646, 310.396
15.3863, 310.396
15.4148, 310.396
15.4552, 310.397
15.4568, 310.397
15.5029, 310.397
15.5307, 310.397
15.5496, 310.397
15.5644, 310.398
15.5774, 310.398
15.5848, 310.398
15.6307, 310.398
15.6498, 310.398
15.6723, 310.398
15.6938, 310.399
15.7229, 310.399
15.7504, 310.399
15.7678, 310.399
15.7846, 310.399
15.81, 310.399
15.8372, 310.4
15.8517, 310.4
15.8662, 310.4
15.8943, 310.4
15.9329, 310.401
15.9438, 310.401
15.9806, 310.401
16.0011, 310.401
16.0199, 310.401
16.0635, 310.402
16.0711, 310.402
16.0992, 310.402
16.1263, 310.402
16.1362, 310.402
16.1472, 310.402
16.1683, 310.402
16.1872, 310.403
16.222, 310.403
16.242, 310.403
16.27, 310.403
16.3058, 310.404
16.3209, 310.404
16.3351, 310.404
16.3448, 310.404
16.3687, 310.404
16.3867, 310.404
16.3995, 310.405
16.4226, 310.405
16.4384, 310.405
16.4582, 310.405
16.4769, 310.405
16.4898, 310.405
16.5174, 310.406
16.5439, 310.406
16.5565, 310.406
16.5724, 310.406
16.588, 310.406
16.6298, 310.407
16.6504, 310.407
16.669, 310.407
16.6995, 310.407
16.7247, 310.407
16.7374, 310.408
16.7733, 310.408
16.7748, 310.408
16.7758, 310.408
16.8143, 310.408
16.8313, 310.408
16.8518, 310.409
16.8787, 310.409
16.8958, 310.409
16.9031, 310.409
16.9352, 310.409
16.9765, 310.41
16.9997, 310.41
17.0139, 310.41
17.0343, 310.41
17.0532, 310.41
17.0896, 310.411
17.1281, 310.411
17.1418, 310.411
17.1697, 310.412
17.1908, 310.412
17.2146, 310.412
17.2287, 310.412
17.236, 310.412
17.2728, 310.413
17.2963, 310.413
17.3345, 310.413
17.3496, 310.413
17.3699, 310.413
17.4163, 310.414
17.4461, 310.414
17.4525, 310.414
17.4718, 310.414
17.4968, 310.415
17.5424, 310.415
17.566, 310.415
17.6371, 310.416
17.6427, 310.416
17.6497, 310.416
17.6982, 310.417
17.7178, 310.417
17.7681, 310.417
17.7744, 310.417
17.7779, 310.418
17.7848, 310.418
17.8181, 310.418
17.8383, 310.418
17.873, 310.418
17.8749, 310.419
17.913, 310.419
17.934, 310.419
17.9603, 310.419
17.9816, 310.42
18.0072, 310.42
18.0159, 310.42
18.03, 310.42
18.0718, 310.421
18.083, 310.421
18.1124, 310.421
18.1211, 310.421
18.1248, 310.421
18.1663, 310.422
18.2221, 310.422
18.2319, 310.422
18.2724, 310.423
18.2784, 310.423
18.3159, 310.423
18.3375, 310.423
18.3417, 310.423
18.3563, 310.424
18.3954, 310.424
18.4271, 310.424
18.4415, 310.424
18.4523, 310.425
18.4798, 310.425
18.5196, 310.425
18.545, 310.426
18.5719, 310.426
18.5783, 310.426
18.625, 310.427
18.6293, 310.427
18.6824, 310.427
18.7045, 310.427
18.7366, 310.428
18.7492, 310.428
18.7711, 310.428
18.8022, 310.428
18.8126, 310.429
18.8332, 310.429
18.8522, 310.429
18.8672, 310.429
18.9029, 310.43
18.9157, 310.43
18.939, 310.43
18.9457, 310.43
18.9527, 310.43
19.0072, 310.431
19.0531, 310.431
19.0581, 310.431
19.0619, 310.431
19.0633, 310.431
19.0734, 310.432
19.0991, 310.432
19.1331, 310.432
19.1398, 310.432
19.1426, 310.432
19.1656, 310.433
19.2081, 310.433
19.2436, 310.434
19.2705, 310.434
19.2798, 310.434
19.3437, 310.435
19.3444, 310.435
19.3779, 310.435
19.407, 310.435
19.4442, 310.436
19.4483, 310.436
19.477, 310.436
19.5457, 310.437
19.5797, 310.438
19.5919, 310.438
19.5987, 310.438
19.6294, 310.438
19.6472, 310.438
19.6525, 310.438
19.7033, 310.439
19.7128, 310.439
19.7495, 310.44
19.7527, 310.44
19.7605, 310.44
19.7949, 310.44
19.8008, 310.44
19.8397, 310.441
19.8657, 310.441
19.8741, 310.441
19.9143, 310.442
19.9149, 310.442
19.9217, 310.442
19.9478, 310.442
19.9894, 310.443
20.0208, 310.443
20.0619, 310.444
20.0756, 310.444
20.1158, 310.444
20.1538, 310.445
20.1573, 310.445
20.1649, 310.445
20.1958, 310.445
20.2219, 310.446
20.2651, 310.446
20.2735, 310.446
20.3036, 310.447
20.315, 310.447
20.3174, 310.447
20.3635, 310.447
20.3783, 310.448
20.4055, 310.448
20.4124, 310.448
20.4169, 310.448
20.4447, 310.449
20.465, 310.449
20.5053, 310.449
20.5185, 310.45
20.5221, 310.45
20.5723, 310.45
20.585, 310.45
20.5939, 310.451
20.6605, 310.451
20.6636, 310.451
20.6657, 310.452
20.7076, 310.452
20.742, 310.453
20.7499, 310.453
20.7915, 310.453
20.822, 310.454
20.847, 310.454
20.8606, 310.454
20.8667, 310.454
20.8998, 310.455
20.9186, 310.455
20.9398, 310.455
20.9581, 310.456
20.9759, 310.456
21.0113, 310.456
21.0276, 310.457
21.0452, 310.457
21.0813, 310.457
21.0952, 310.457
21.1405, 310.458
21.1819, 310.459
21.1972, 310.459
21.2237, 310.459
21.251, 310.46
21.2656, 310.46
21.2737, 310.46
21.319, 310.461
21.3206, 310.461
21.3558, 310.461
21.3787, 310.462
21.3923, 310.462
21.4119, 310.462
21.4248, 310.462
21.4717, 310.463
21.4949, 310.463
21.5046, 310.463
21.5489, 310.464
21.5503, 310.464
21.5525, 310.464
21.5962, 310.465
21.6247, 310.465
21.6429, 310.465
21.6499, 310.466
21.6758, 310.466
21.6896, 310.466
21.7278, 310.467
21.7522, 310.467
21.8006, 310.468
21.8135, 310.468
21.8215, 310.468
21.8831, 310.469
21.9105, 310.469
21.9475, 310.47
21.9959, 310.471
22.0082, 310.471
22.0192, 310.471
22.0561, 310.472
22.0737, 310.472
22.0981, 310.472
22.1114, 310.473
22.1524, 310.473
22.1541, 310.473
22.177, 310.474
22.1964, 310.474
22.2075, 310.474
22.2206, 310.474
22.2638, 310.475
22.2962, 310.476
22.3193, 310.476
22.3248, 310.476
22.3366, 310.476
22.3749, 310.477
22.4054, 310.477
22.4166, 310.477
22.4553, 310.478
22.4596, 310.478
22.506, 310.479
22.5301, 310.479
22.556, 310.48
22.5663, 310.48
22.5941, 310.48
22.6035, 310.481
22.6085, 310.481
22.6254, 310.481
22.6397, 310.481
22.6459, 310.481
22.6744, 310.482
22.6758, 310.482
22.6762, 310.482
22.7014, 310.482
22.7132, 310.482
22.7374, 310.483
22.7696, 310.483
22.7769, 310.483
22.8048, 310.484
22.8072, 310.484
22.859, 310.485
22.888, 310.485
22.8994, 310.486
22.9593, 310.487
22.973, 310.487
23.0047, 310.487
23.0125, 310.487
23.0444, 310.488
23.0829, 310.489
23.1039, 310.489
23.111, 310.489
23.1712, 310.49
23.1866, 310.491
23.2237, 310.491
23.2368, 310.491
23.267, 310.492
23.2892, 310.492
23.3343, 310.493
23.382, 310.494
23.3828, 310.494
23.3843, 310.494
23.4302, 310.495
23.4659, 310.496
23.4927, 310.496
23.5372, 310.497
23.5507, 310.497
23.5583, 310.497
23.5836, 310.498
23.6314, 310.499
23.6486, 310.499
23.6643, 310.499
23.6997, 310.5
23.736, 310.501
23.7388, 310.501
23.743, 310.501
23.7713, 310.501
23.7832, 310.501
23.8169, 310.502
23.875, 310.503
23.9078, 310.504
23.9179, 310.504
23.9252, 310.504
23.9283, 310.504
23.979, 310.505
23.9924, 310.505
24.0424, 310.506
24.0449, 310.506
24.0487, 310.507
24.0512, 310.507
24.054, 310.507
24.1003, 310.508
24.1325, 310.508
24.1621, 310.509
24.1646, 310.509
24.1912, 310.509
24.2249, 310.51
24.2488, 310.511
24.2602, 310.511
24.2889, 310.511
24.3042, 310.512
24.3226, 310.512
24.3506, 310.513
24.3626, 310.513
24.3815, 310.513
24.4189, 310.514
24.4401, 310.514
24.4492, 310.515
24.4629, 310.515
24.4928, 310.515
24.5115, 310.516
24.5487, 310.517
24.5489, 310.517
24.5492, 310.517
24.6126, 310.518
24.6139, 310.518
24.6494, 310.519
24.6608, 310.519
24.6868, 310.52
24.7282, 310.52
24.7489, 310.521
24.7775, 310.521
24.7983, 310.522
24.8141, 310.522
24.8335, 310.523
24.8888, 310.524
24.9263, 310.525
24.9354, 310.525
24.9573, 310.525
24.9845, 310.526
24.9993, 310.526
25.0101, 310.527
25.0284, 310.527
25.0518, 310.527
25.0843, 310.528
25.087, 310.528
25.0911, 310.528
25.1009, 310.529
25.1178, 310.529
25.1423, 310.529
25.1662, 310.53
25.2043, 310.531
25.2248, 310.531
25.2362, 310.532
25.2404, 310.532
25.299, 310.533
25.3125, 310.533
25.3341, 310.534
25.355, 310.534
25.3777, 310.535
25.3925, 310.535
25.425, 310.536
25.4371, 310.536
25.4517, 310.537
25.4746, 310.537
25.535, 310.539
25.5625, 310.539
25.5792, 310.54
25.6014, 310.54
25.6246, 310.541
25.6578, 310.542
25.6783, 310.542
25.6881, 310.542
25.7165, 310.543
25.7268, 310.543
25.7372, 310.543
25.7648, 310.544
25.7806, 310.545
25.8072, 310.545
25.8193, 310.545
25.8354, 310.546
25.8707, 310.547
25.8774, 310.547
25.883, 310.547
25.9223, 310.548
25.9366, 310.548
25.9612, 310.549
25.9808, 310.55
25.9942, 310.55
26.0213, 310.551
26.0331, 310.551
26.065, 310.552
26.0886, 310.552
26.1212, 310.553
26.1352, 310.554
26.1543, 310.554
26.173, 310.555
26.1936, 310.555
26.2318, 310.556
26.2472, 310.556
26.2862, 310.558
26.308, 310.558
26.3177, 310.558
26.3224, 310.558
26.3689, 310.56
26.3994, 310.561
26.4055, 310.561
26.4089, 310.561
26.4471, 310.562
26.4786, 310.563
26.5035, 310.563
26.5302, 310.564
26.5661, 310.565
26.5771, 310.566
26.6139, 310.567
26.6256, 310.567
26.6556, 310.568
26.6788, 310.568
26.7012, 310.569
26.7352, 310.57
26.7617, 310.571
26.773, 310.571
26.7882, 310.572
26.8157, 310.572
26.8423, 310.573
26.8486, 310.573
26.8521, 310.573
26.8725, 310.574
26.8845, 310.574
26.9143, 310.575
26.9446, 310.576
26.9765, 310.577
26.9942, 310.578
27.0303, 310.579
27.0395, 310.579
27.0485, 310.579
27.079, 310.58
27.1298, 310.582
27.1453, 310.582
27.1684, 310.583
27.1771, 310.583
27.1843, 310.584
27.2078, 310.584
27.225, 310.585
27.2304, 310.585
27.258, 310.586
27.273, 310.586
27.3145, 310.588
27.3169, 310.588
27.3179, 310.588
27.3263, 310.588
27.3692, 310.589
27.3818, 310.59
27.3935, 310.59
27.427, 310.591
27.4562, 310.592
27.4716, 310.593
27.5011, 310.594
27.5364, 310.595
27.54, 310.595
27.5519, 310.596
27.5815, 310.597
27.6234, 310.598
27.6367, 310.598
27.6739, 310.6
27.6767, 310.6
27.72, 310.601
27.731, 310.602
27.7688, 310.603
27.7795, 310.603
27.7872, 310.604
27.8182, 310.605
27.8202, 310.605
27.8344, 310.605
27.864, 310.607
27.8843, 310.607
27.8992, 310.608
27.9166, 310.608
27.9602, 310.61
27.9804, 310.611
28.01, 310.612
28.0146, 310.612
28.0555, 310.614
28.061, 310.614
28.0729, 310.614
28.1173, 310.616
28.1393, 310.617
28.1428, 310.617
28.1809, 310.618
28.2127, 310.62
28.2309, 310.62
28.2341, 310.621
28.2598, 310.622
28.3241, 310.624
28.3483, 310.625
28.3553, 310.625
28.3816, 310.627
28.4046, 310.628
28.4196, 310.628
28.4611, 310.63
28.4663, 310.63
28.5146, 310.632
28.5158, 310.632
28.5437, 310.633
28.5535, 310.634
28.5907, 310.635
28.6158, 310.637
28.6272, 310.637
28.6365, 310.637
28.6701, 310.639
28.7116, 310.641
28.7241, 310.641
28.7449, 310.642
28.7693, 310.643
28.7731, 310.644
28.7887, 310.644
28.8149, 310.646
28.8629, 310.648
28.8779, 310.648
28.9013, 310.65
28.9098, 310.65
28.9714, 310.653
28.9758, 310.653
28.9824, 310.654
29.0109, 310.655
29.0398, 310.656
29.0477, 310.657
29.0902, 310.659
29.1015, 310.659
29.1447, 310.662
29.1524, 310.662
29.1972, 310.664
29.2098, 310.665
29.2464, 310.667
29.257, 310.668
29.2763, 310.669
29.2949, 310.67
29.3373, 310.672
29.3413, 310.672
29.3774, 310.674
29.3996, 310.675
29.4019, 310.676
29.4614, 310.679
29.465, 310.679
29.4975, 310.681
29.515, 310.682
29.5245, 310.683
29.5655, 310.685
29.5696, 310.685
29.6098, 310.688
29.6259, 310.689
29.6547, 310.691
29.6879, 310.693
29.714, 310.694
29.7242, 310.695
29.7319, 310.695
29.7516, 310.697
29.8141, 310.701
29.832, 310.702
29.8407, 310.703
29.8638, 310.704
29.8924, 310.706
29.9506, 310.71
29.9653, 310.711
29.9941, 310.713
29.9974, 310.714
30.0001, 310.714
30.0473, 310.717
30.0811, 310.72
30.0972, 310.721
30.1037, 310.721
30.1356, 310.724
30.1397, 310.724
30.1697, 310.727
30.1878, 310.728
30.2283, 310.731
30.2355, 310.732
30.2398, 310.732
30.272, 310.735
30.2788, 310.735
30.2835, 310.736
30.3135, 310.738
30.3403, 310.741
30.3614, 310.742
30.396, 310.745
30.4023, 310.746
30.4118, 310.747
30.4295, 310.749
30.4536, 310.751
30.4763, 310.753
30.4976, 310.755
30.4995, 310.755
30.5391, 310.759
30.5571, 310.761
30.5733, 310.762
30.591, 310.764
30.6298, 310.768
30.6376, 310.769
30.6581, 310.771
30.6969, 310.775
30.7011, 310.776
30.7035, 310.776
30.7576, 310.782
30.7852, 310.785
30.7913, 310.786
30.7935, 310.786
30.7998, 310.787
30.8291, 310.79
30.8495, 310.793
30.8807, 310.797
30.8903, 310.798
30.9207, 310.802
30.9263, 310.802
30.9367, 310.804
30.9639, 310.807
31.0127, 310.814
31.0128, 310.814
31.055, 310.82
31.0673, 310.822
31.0715, 310.823
31.0804, 310.824
31.0896, 310.825
31.1093, 310.828
31.1425, 310.833
31.148, 310.834
31.1674, 310.838
31.1917, 310.842
31.2284, 310.848
31.2476, 310.851
31.2541, 310.853
31.2707, 310.856
31.297, 310.861
31.3185, 310.865
31.3334, 310.868
31.3811, 310.878
31.3832, 310.878
31.4063, 310.883
31.4348, 310.889
31.4449, 310.892
31.4842, 310.901
31.5028, 310.906
31.5189, 310.91
31.5241, 310.911
31.5588, 310.921
31.5614, 310.922
31.5853, 310.928
31.6011, 310.933
31.6104, 310.936
31.6145, 310.937
31.623, 310.94
31.6451, 310.947
31.6665, 310.955
31.6989, 310.966
31.7182, 310.975
31.7602, 310.992
31.7701, 310.997
31.7921, 311.007
31.8026, 311.012
31.8338, 311.026
31.8363, 311.027
31.8648, 311.042
31.8843, 311.051
31.9137, 311.063
31.9341, 311.072
31.9648, 311.079
31.9717, 311.08
31.9853, 311.079
32.0469, 311.074
32.0598, 311.071
32.0995, 311.058
32.1131, 311.053
32.1395, 311.041
32.1663, 311.028
32.1724, 311.024
32.1788, 311.021
32.2324, 310.998
32.2551, 310.988
32.2944, 310.973
32.3003, 310.971
32.3142, 310.966
32.3313, 310.959
32.3487, 310.954
32.3783, 310.945
32.4064, 310.936
32.4442, 310.926
32.4654, 310.92
32.4736, 310.918
32.4766, 310.917
32.533, 310.905
32.5393, 310.903
32.6013, 310.889
32.6089, 310.888
32.6297, 310.884
32.649, 310.88
32.6954, 310.871
32.7251, 310.866
32.7669, 310.859
32.7898, 310.855
32.8037, 310.853
32.8294, 310.849
32.8428, 310.847
32.8621, 310.844
32.8935, 310.84
32.9248, 310.835
32.9349, 310.834
32.9414, 310.833
32.9652, 310.83
32.9971, 310.826
33.0182, 310.824
33.0539, 310.819
33.0746, 310.817
33.0812, 310.816
33.0896, 310.815
33.1073, 310.813
33.1376, 310.81
33.1422, 310.809
33.1503, 310.808
33.1814, 310.805
33.2163, 310.801
33.2322, 310.8
33.2792, 310.795
33.2883, 310.794
33.3016, 310.793
33.3335, 310.79
33.3836, 310.785
33.4168, 310.782
33.4396, 310.78
33.4757, 310.777
33.4923, 310.776
33.5174, 310.774
33.5258, 310.773
33.5301, 310.773
33.5489, 310.771
33.5638, 310.77
33.5919, 310.768
33.6116, 310.767
33.6202, 310.766
33.6396, 310.765
33.6532, 310.764
33.6617, 310.763
33.6781, 310.762
33.7208, 310.759
33.7549, 310.756
33.7627, 310.756
33.8259, 310.752
33.8587, 310.75
33.8675, 310.749
33.8824, 310.748
33.9038, 310.747
33.9473, 310.744
33.9542, 310.744
34.0001, 310.741
34.0267, 310.739
34.0543, 310.738
34.1062, 310.735
34.1508, 310.732
34.1608, 310.732
34.2092, 310.729
34.2263, 310.728
34.2517, 310.727
34.2671, 310.726
34.2839, 310.726
34.3029, 310.725
34.3215, 310.724
34.3406, 310.723
34.3499, 310.722
34.3616, 310.722
34.4275, 310.719
34.4287, 310.719
34.4292, 310.719
34.4654, 310.717
34.4723, 310.717
34.5015, 310.715
34.5119, 310.715
34.5261, 310.714
34.5368, 310.714
34.5449, 310.713
34.5873, 310.711
34.6249, 310.71
34.6315, 310.71
34.6435, 310.709
34.6668, 310.708
34.6766, 310.708
34.7022, 310.707
34.7124, 310.706
34.7573, 310.704
34.7604, 310.704
34.7876, 310.703
34.8167, 310.702
34.8488, 310.701
34.857, 310.701
34.8695, 310.7
34.8789, 310.7
34.9148, 310.699
34.9226, 310.698
34.9334, 310.698
34.9694, 310.697
34.9964, 310.696
35.0119, 310.695
35.0256, 310.695
35.0355, 310.694
35.0567, 310.693
35.0656, 310.693
35.0976, 310.692
35.1189, 310.691
35.136, 310.691
35.1825, 310.689
35.187, 310.689
35.195, 310.689
35.2674, 310.687
35.2831, 310.686
35.292, 310.686
35.3072, 310.685
35.3146, 310.685
35.3411, 310.684
35.3447, 310.684
35.3959, 310.683
35.4028, 310.682
35.409, 310.682
35.4468, 310.681
35.471, 310.68
35.4978, 310.68
35.5079, 310.679
35.5371, 310.679
35.5772, 310.677
35.5956, 310.677
35.6377, 310.676
35.6493, 310.675
35.6885, 310.674
35.7083, 310.674
35.7087, 310.674
35.7096, 310.674
35.7106, 310.674
35.7284, 310.673
35.7701, 310.672
35.8042, 310.671
35.8195, 310.671
35.8529, 310.67
35.8649, 310.67
35.8823, 310.67
35.9289, 310.668
35.9316, 310.668
35.9381, 310.668
35.9646, 310.668
35.9719, 310.667
35.9808, 310.667
36.0003, 310.667
36.0143, 310.666
36.0341, 310.666
36.0709, 310.665
36.0848, 310.665
36.1217, 310.664
36.1323, 310.664
36.1528, 310.663
36.1705, 310.663
36.1923, 310.662
36.2126, 310.662
36.2596, 310.661
36.2894, 310.66
36.2995, 310.66
36.3037, 310.66
36.3378, 310.659
36.3757, 310.659
36.4127, 310.658
36.4143, 310.658
36.4396, 310.657
36.4695, 310.657
36.4879, 310.656
36.5197, 310.656
36.5401, 310.656
36.5782, 310.655
36.5817, 310.655
36.614, 310.654
36.6306, 310.654
36.658, 310.653
36.6906, 310.653
36.7152, 310.652
36.7325, 310.652
36.7652, 310.652
36.7686, 310.651
36.7923, 310.651
36.7987, 310.651
36.8279, 310.65
36.8531, 310.65
36.8569, 310.65
36.8691, 310.65
36.9123, 310.649
36.9435, 310.649
36.9522, 310.648
36.9629, 310.648
36.9943, 310.648
37.0101, 310.648
37.0254, 310.647
37.0358, 310.647
37.0528, 310.647
37.074, 310.647
37.0828, 310.646
37.1044, 310.646
37.1148, 310.646
37.1423, 310.646
37.1546, 310.645
37.1794, 310.645
37.2088, 310.645
37.21, 310.645
37.2102, 310.645
37.2121, 310.645
37.2602, 310.644
37.2873, 310.644
37.3084, 310.643
37.3307, 310.643
37.3535, 310.643
37.3982, 310.642
37.4279, 310.642
37.4365, 310.642
37.4456, 310.641
37.4878, 310.641
37.4962, 310.641
37.5159, 310.641
37.5371, 310.64
37.5844, 310.64
37.5854, 310.64
37.5858, 310.64
37.6368, 310.639
37.6788, 310.639
37.6983, 310.638
37.7347, 310.638
37.7456, 310.638
37.751, 310.638
37.7935, 310.637
37.8089, 310.637
37.8277, 310.637
37.8457, 310.637
37.8766, 310.636
37.8788, 310.636
37.8803, 310.636
37.8853, 310.636
37.9231, 310.636
37.9455, 310.636
37.9563, 310.636
37.9711, 310.635
38.0127, 310.635
38.0522, 310.635
38.0599, 310.635
38.0981, 310.634
38.1025, 310.634
38.125, 310.634
38.154, 310.634
38.162, 310.634
38.2076, 310.633
38.2458, 310.633
38.2659, 310.633
38.2899, 310.632
38.3049, 310.632
38.3373, 310.632
38.3512, 310.632
38.3678, 310.632
38.385, 310.632
38.3922, 310.632
38.4191, 310.631
38.4682, 310.631
38.4796, 310.631
38.4934, 310.631
38.5066, 310.631
38.5221, 310.631
38.5631, 310.63
38.5801, 310.63
38.5928, 310.63
38.6376, 310.63
38.6462, 310.63
38.6516, 310.63
38.655, 310.63
38.686, 310.629
38.6888, 310.629
38.7112, 310.629
38.7326, 310.629
38.7552, 310.629
38.7672, 310.629
38.8014, 310.629
38.8282, 310.629
38.8561, 310.628
38.8666, 310.628
38.8926, 310.628
38.9206, 310.628
38.9262, 310.628
38.9492, 310.628
38.9877, 310.628
39.0117, 310.627
39.0232, 310.627
39.0588, 310.627
39.0671, 310.627
39.133, 310.627
39.1439, 310.627
39.1526, 310.627
39.176, 310.627
39.1932, 310.627
39.1966, 310.627
39.204, 310.627
39.2363, 310.626
39.2681, 310.626
39.2714, 310.626
39.2742, 310.626
39.2753, 310.626
39.2788, 310.626
39.3299, 310.626
39.3501, 310.626
39.3964, 310.626
39.3995, 310.626
39.4214, 310.626
39.4453, 310.626
39.4597, 310.626
39.48, 310.625
39.4895, 310.625
39.5122, 310.625
39.5355, 310.625
39.5465, 310.625
39.5623, 310.625
39.5749, 310.625
39.6067, 310.625
39.6236, 310.625
39.6322, 310.625
39.6484, 310.625
39.6583, 310.625
39.7151, 310.625
39.7258, 310.625
39.7666, 310.625
39.7826, 310.625
39.8029, 310.625
39.8419, 310.625
39.8437, 310.625
39.8449, 310.625
39.8822, 310.625
39.887, 310.625
39.9167, 310.625
39.9289, 310.625
39.9515, 310.625
40, 310.624
40, 310.624


