X,T
1.3239e-16, 310.15
0.12006, 310.15
0.207367, 310.15
0.679696, 310.15
0.797376, 310.15
0.947812, 310.15
1.37309, 310.15
1.54543, 310.15
1.84011, 310.15
2.06749, 310.15
2.37504, 310.15
2.59902, 310.15
3.01122, 310.15
3.03747, 310.15
3.60501, 310.15
3.6369, 310.15
3.94334, 310.15
4.14407, 310.15
4.37448, 310.15
4.88118, 310.15
5.06844, 310.15
5.25458, 310.15
5.58198, 310.15
5.60462, 310.15
6.20808, 310.15
6.50162, 310.15
6.57679, 310.15
7.02824, 310.15
7.30993, 310.15
7.35425, 310.15
7.42682, 310.15
7.73719, 310.15
7.94065, 310.15
8.04053, 310.15
8.16513, 310.15
8.45737, 310.15
8.51973, 310.15
8.85635, 310.15
9.04383, 310.15
9.0779, 310.15
9.09806, 310.15
9.14676, 310.15
9.97053, 310.15
9.98204, 310.15
10.0106, 310.15
10.6405, 310.15
10.6527, 310.15
10.6624, 310.15
10.6999, 310.15
11.1517, 310.15
11.2067, 310.15
11.2824, 310.15
11.3777, 310.15
11.4761, 310.15
11.496, 310.15
11.5106, 310.15
11.9618, 310.15
12.4879, 310.15
12.5075, 310.15
12.6581, 310.15
12.7726, 310.15
12.9012, 310.15
13.1064, 310.15
13.415, 310.15
13.6629, 310.15
13.9181, 310.15
14.3125, 310.15
14.537, 310.15
14.5857, 310.15
14.8514, 310.15
15.1474, 310.15
15.3596, 310.15
15.7918, 310.15
15.8215, 310.15
15.8499, 310.15
16.031, 310.15
16.4615, 310.15
16.5545, 310.15
16.8212, 310.15
17.0969, 310.15
17.2769, 310.15
17.5742, 310.15
17.6504, 310.15
17.7093, 310.15
17.9143, 310.15
18.014, 310.15
18.2834, 310.15
18.6242, 310.15
18.8551, 310.15
18.9001, 310.15
19.2076, 310.15
19.2269, 310.15
19.6277, 310.15
20.0387, 310.15
20.0722, 310.15
20.418, 310.15
20.6509, 310.15
20.9962, 310.15
21.1999, 310.15
21.4517, 310.15
21.6553, 310.15
21.7523, 310.15
22.09, 310.15
22.3778, 310.15
22.5294, 310.15
22.6584, 310.15
22.784, 310.15
23.1088, 310.15
23.3132, 310.15
23.4958, 310.15
23.7258, 310.15
23.9692, 310.15
24.1419, 310.15
24.3392, 310.15
24.8288, 310.15
24.8461, 310.15
25.2731, 310.15
25.4219, 310.15
25.5156, 310.15
25.656, 310.15
25.7703, 310.15
26.2092, 310.15
26.3299, 310.15
26.6146, 310.15
26.7542, 310.15
26.784, 310.15
26.7885, 310.15
27.1114, 310.15
27.6215, 310.15
27.6858, 310.15
28.3441, 310.15
28.4526, 310.15
28.5333, 310.15
28.5921, 310.15
28.6973, 310.15
29.0334, 310.15
29.2225, 310.15
29.3995, 310.15
29.5241, 310.15
29.9554, 310.15
30.1755, 310.15
30.2662, 310.15
30.3154, 310.15
30.3864, 310.15
30.4231, 310.15
30.7686, 310.15
30.968, 310.15
31.0104, 310.15
31.2725, 310.15
31.7624, 310.15
31.7891, 310.15
32.0576, 310.15
32.3508, 310.15
32.5425, 310.15
32.7216, 310.15
32.7824, 310.15
33.3815, 310.15
33.4142, 310.15
33.4437, 310.15
33.5308, 310.15
33.6461, 310.15
33.8427, 310.15
34.154, 310.15
34.3311, 310.15
34.6449, 310.15
34.6513, 310.15
34.9288, 310.15
35.1024, 310.15
35.4019, 310.15
35.8567, 310.15
35.8964, 310.15
36.1956, 310.15
36.3664, 310.15
36.9615, 310.15
37.0866, 310.15
37.1882, 310.15
37.5277, 310.15
37.6758, 310.15
38.1766, 310.15
38.4417, 310.15
38.447, 310.15
38.4589, 310.15
38.7019, 310.15
38.79, 310.15
39.12, 310.15
39.3664, 310.15
39.455, 310.15
39.7698, 310.15
39.9622, 310.15
40.191, 310.15
40.351, 310.15
40.3922, 310.15
40.7344, 310.15
41.0912, 310.15
41.1857, 310.15
41.3517, 310.15
41.4365, 310.15
41.907, 310.15
42.0138, 310.15
42.0692, 310.15
42.2421, 310.15
42.4058, 310.15
42.7047, 310.15
42.9485, 310.15
43.025, 310.15
43.3373, 310.15
43.5328, 310.15
43.7379, 310.15
43.8724, 310.15
44.5258, 310.15
44.536, 310.15
44.5384, 310.15
44.5552, 310.15
44.7772, 310.15
45.1989, 310.15
45.4453, 310.15
45.5047, 310.15
45.5528, 310.15
45.6635, 310.15
45.7089, 310.15
45.9024, 310.15
46.5347, 310.15
46.5938, 310.15
46.882, 310.15
47.0552, 310.15
47.1743, 310.15
47.5334, 310.15
47.6953, 310.15
47.8654, 310.15
47.9731, 310.15
48.0325, 310.15
48.1305, 310.15
48.5888, 310.15
49.1012, 310.15
49.1493, 310.15
49.2034, 310.15
49.2897, 310.15
49.3038, 310.15
49.7805, 310.15
50.0216, 310.151
50.0449, 310.151
50.0892, 310.151
50.5725, 310.151
50.6566, 310.151
50.8575, 310.151
50.913, 310.151
51.0452, 310.151
51.4489, 310.151
51.6489, 310.151
52.1026, 310.151
52.4524, 310.152
52.4532, 310.152
52.4544, 310.152
52.8595, 310.152
52.8801, 310.152
53.0609, 310.152
53.1331, 310.152
53.2119, 310.152
53.4787, 310.153
53.8369, 310.153
53.9713, 310.153
54.3261, 310.154
54.6233, 310.154
54.7111, 310.154
54.8007, 310.155
55.2784, 310.156
55.3879, 310.156
55.9033, 310.158
55.9448, 310.158
56.0815, 310.158
56.5307, 310.16
56.6792, 310.161
56.7063, 310.161
56.7412, 310.161
57.3324, 310.165
57.3715, 310.165
57.4123, 310.166
57.6837, 310.168
57.7258, 310.168
57.8478, 310.169
57.8796, 310.17
57.9349, 310.17
58, 310.171
58.0467, 310.171
58.1088, 310.171
58.1299, 310.171
58.1665, 310.171
58.1736, 310.171
58.2225, 310.171
58.2254, 310.171
58.2347, 310.171
58.2543, 310.171
58.2591, 310.171
58.2613, 310.171
58.3167, 310.171
58.3174, 310.171
58.3192, 310.171
58.3438, 310.171
58.4035, 310.171
58.421, 310.171
58.4724, 310.171
58.4821, 310.171
58.4881, 310.171
58.5329, 310.171
58.5448, 310.171
58.5843, 310.171
58.6116, 310.171
58.6662, 310.172
58.6878, 310.172
58.7039, 310.172
58.7342, 310.172
58.7408, 310.172
58.7849, 310.172
58.8181, 310.172
58.8346, 310.172
58.8636, 310.172
58.8755, 310.172
58.8955, 310.172
58.9488, 310.172
58.9648, 310.172
59.0078, 310.172
59.0154, 310.172
59.025, 310.172
59.0623, 310.172
59.0705, 310.172
59.086, 310.172
59.1191, 310.172
59.1321, 310.172
59.1555, 310.172
59.1813, 310.172
59.2036, 310.172
59.2338, 310.172
59.2595, 310.172
59.2752, 310.172
59.2858, 310.172
59.3431, 310.172
59.3472, 310.172
59.3863, 310.172
59.3931, 310.172
59.4391, 310.172
59.4633, 310.172
59.4812, 310.172
59.5227, 310.172
59.5228, 310.172
59.5561, 310.172
59.5775, 310.172
59.5899, 310.172
59.6178, 310.172
59.6396, 310.172
59.6807, 310.172
59.6967, 310.172
59.7012, 310.172
59.7431, 310.172
59.757, 310.172
59.7662, 310.172
59.8291, 310.172
59.8426, 310.172
59.8746, 310.172
59.8936, 310.172
59.9042, 310.172
59.9178, 310.172
59.9476, 310.172
59.9657, 310.172
60.0039, 310.173
60.0242, 310.173
60.068, 310.173
60.087, 310.173
60.0999, 310.173
60.1349, 310.173
60.1783, 310.173
60.1884, 310.173
60.2342, 310.173
60.24, 310.173
60.2447, 310.173
60.2693, 310.173
60.2917, 310.173
60.2978, 310.173
60.3205, 310.173
60.3634, 310.173
60.3879, 310.173
60.4374, 310.173
60.4391, 310.173
60.4402, 310.173
60.4757, 310.173
60.503, 310.173
60.5271, 310.173
60.5339, 310.173
60.5349, 310.173
60.5492, 310.173
60.5711, 310.173
60.5909, 310.173
60.6144, 310.173
60.6289, 310.173
60.6591, 310.173
60.6994, 310.173
60.7002, 310.173
60.7384, 310.173
60.7533, 310.173
60.8062, 310.173
60.8208, 310.173
60.8427, 310.173
60.8684, 310.173
60.8871, 310.173
60.9072, 310.174
60.9422, 310.174
60.9557, 310.174
61.005, 310.174
61.0208, 310.174
61.0476, 310.174
61.0881, 310.174
61.097, 310.174
61.1289, 310.174
61.1453, 310.174
61.1657, 310.174
61.1999, 310.174
61.2006, 310.174
61.2422, 310.174
61.2717, 310.174
61.3246, 310.174
61.3251, 310.174
61.3253, 310.174
61.3267, 310.174
61.3685, 310.174
61.386, 310.174
61.4097, 310.174
61.4278, 310.174
61.4786, 310.174
61.4807, 310.174
61.514, 310.174
61.5183, 310.174
61.5668, 310.174
61.5952, 310.174
61.6403, 310.174
61.656, 310.175
61.6657, 310.175
61.7102, 310.175
61.7483, 310.175
61.7813, 310.175
61.8064, 310.175
61.8161, 310.175
61.8261, 310.175
61.862, 310.175
61.8993, 310.175
61.9086, 310.175
61.9361, 310.175
61.9537, 310.175
61.9882, 310.175
62.0057, 310.175
62.0349, 310.175
62.0534, 310.175
62.0716, 310.175
62.0853, 310.175
62.0998, 310.175
62.1286, 310.175
62.1655, 310.175
62.1733, 310.175
62.1786, 310.175
62.2421, 310.175
62.2463, 310.175
62.247, 310.175
62.3078, 310.176
62.3164, 310.176
62.3482, 310.176
62.3898, 310.176
62.4127, 310.176
62.4668, 310.176
62.4719, 310.176
62.5104, 310.176
62.5298, 310.176
62.5609, 310.176
62.5956, 310.176
62.6107, 310.176
62.6408, 310.176
62.6711, 310.176
62.677, 310.176
62.7078, 310.176
62.711, 310.176
62.774, 310.176
62.7768, 310.176
62.8638, 310.176
62.875, 310.177
62.887, 310.177
62.9267, 310.177
62.9474, 310.177
62.9728, 310.177
63.0201, 310.177
63.0614, 310.177
63.0722, 310.177
63.092, 310.177
63.1302, 310.177
63.1455, 310.177
63.212, 310.177
63.2124, 310.177
63.2126, 310.177
63.2127, 310.177
63.2138, 310.177
63.255, 310.177
63.3029, 310.177
63.3331, 310.177
63.3447, 310.177
63.3936, 310.178
63.4064, 310.178
63.4306, 310.178
63.4526, 310.178
63.482, 310.178
63.4931, 310.178
63.5371, 310.178
63.573, 310.178
63.6205, 310.178
63.6418, 310.178
63.6674, 310.178
63.6987, 310.178
63.741, 310.178
63.7424, 310.178
63.7865, 310.178
63.8157, 310.178
63.8276, 310.178
63.83, 310.178
63.834, 310.178
63.9224, 310.179
63.9439, 310.179
63.9499, 310.179
63.959, 310.179
63.996, 310.179
64.0097, 310.179
64.0389, 310.179
64.051, 310.179
64.1162, 310.179
64.1407, 310.179
64.1528, 310.179
64.2012, 310.179
64.2096, 310.179
64.2174, 310.179
64.2633, 310.179
64.2857, 310.179
64.3124, 310.18
64.3441, 310.18
64.3599, 310.18
64.3799, 310.18
64.3913, 310.18
64.4026, 310.18
64.4393, 310.18
64.4579, 310.18
64.5021, 310.18
64.5148, 310.18
64.5301, 310.18
64.5508, 310.18
64.565, 310.18
64.6361, 310.18
64.664, 310.18
64.6879, 310.18
64.7125, 310.18
64.7207, 310.181
64.7493, 310.181
64.7771, 310.181
64.8247, 310.181
64.8409, 310.181
64.8867, 310.181
64.9257, 310.181
64.9313, 310.181
64.9706, 310.181
64.9895, 310.181
65.0536, 310.181
65.057, 310.181
65.0592, 310.181
65.0877, 310.181
65.1061, 310.182
65.1316, 310.182
65.1518, 310.182
65.1603, 310.182
65.1618, 310.182
65.1728, 310.182
65.204, 310.182
65.2124, 310.182
65.2519, 310.182
65.2608, 310.182
65.2632, 310.182
65.2704, 310.182
65.3123, 310.182
65.363, 310.182
65.3791, 310.182
65.4134, 310.182
65.422, 310.182
65.4589, 310.182
65.4926, 310.183
65.4992, 310.183
65.5172, 310.183
65.5443, 310.183
65.5824, 310.183
65.5978, 310.183
65.631, 310.183
65.6614, 310.183
65.6849, 310.183
65.6941, 310.183
65.7171, 310.183
65.7488, 310.183
65.7607, 310.183
65.7963, 310.183
65.8154, 310.183
65.854, 310.184
65.8693, 310.184
65.8961, 310.184
65.8966, 310.184
65.9746, 310.184
65.9826, 310.184
66.0013, 310.184
66.008, 310.184
66.0644, 310.184
66.0668, 310.184
66.072, 310.184
66.0854, 310.184
66.1384, 310.184
66.1528, 310.185
66.1697, 310.185
66.1926, 310.185
66.2477, 310.185
66.2626, 310.185
66.2886, 310.185
66.3097, 310.185
66.3313, 310.185
66.3532, 310.185
66.3821, 310.185
66.4145, 310.185
66.4423, 310.185
66.4478, 310.185
66.5048, 310.186
66.5347, 310.186
66.5423, 310.186
66.5695, 310.186
66.5827, 310.186
66.5869, 310.186
66.5969, 310.186
66.6312, 310.186
66.6437, 310.186
66.7267, 310.186
66.7431, 310.186
66.7816, 310.187
66.8208, 310.187
66.8783, 310.187
66.8828, 310.187
66.885, 310.187
66.8856, 310.187
66.8938, 310.187
66.9229, 310.187
66.972, 310.187
66.9947, 310.187
67.0259, 310.187
67.0424, 310.187
67.0507, 310.187
67.0611, 310.188
67.0988, 310.188
67.141, 310.188
67.1516, 310.188
67.1656, 310.188
67.2041, 310.188
67.2107, 310.188
67.2503, 310.188
67.2849, 310.188
67.2968, 310.188
67.3074, 310.188
67.3834, 310.189
67.3872, 310.189
67.3914, 310.189
67.406, 310.189
67.435, 310.189
67.4469, 310.189
67.4587, 310.189
67.4817, 310.189
67.5028, 310.189
67.5342, 310.189
67.5568, 310.189
67.5779, 310.189
67.5914, 310.189
67.6509, 310.19
67.6739, 310.19
67.7101, 310.19
67.7417, 310.19
67.7758, 310.19
67.7771, 310.19
67.8182, 310.19
67.8627, 310.19
67.8686, 310.191
67.8695, 310.191
67.8718, 310.191
67.8786, 310.191
67.9033, 310.191
67.9199, 310.191
67.9638, 310.191
67.9861, 310.191
68.0454, 310.191
68.0463, 310.191
68.1133, 310.191
68.1719, 310.192
68.1727, 310.192
68.1731, 310.192
68.2341, 310.192
68.2803, 310.192
68.2887, 310.192
68.3152, 310.192
68.3375, 310.192
68.3679, 310.193
68.4101, 310.193
68.4277, 310.193
68.4595, 310.193
68.4704, 310.193
68.5172, 310.193
68.5642, 310.193
68.5795, 310.193
68.6352, 310.194
68.6357, 310.194
68.6836, 310.194
68.7286, 310.194
68.7397, 310.194
68.7426, 310.194
68.7528, 310.194
68.798, 310.194
68.8237, 310.194
68.842, 310.195
68.8692, 310.195
68.8761, 310.195
68.8823, 310.195
68.9325, 310.195
68.9339, 310.195
68.9408, 310.195
68.9587, 310.195
68.9798, 310.195
68.9858, 310.195
69.0101, 310.195
69.0445, 310.195
69.0487, 310.195
69.0528, 310.196
69.0945, 310.196
69.0973, 310.196
69.0976, 310.196
69.1326, 310.196
69.1521, 310.196
69.2285, 310.196
69.2539, 310.196
69.262, 310.196
69.2867, 310.197
69.299, 310.197
69.3375, 310.197
69.3406, 310.197
69.3717, 310.197
69.3949, 310.197
69.4484, 310.197
69.4699, 310.197
69.5123, 310.198
69.5258, 310.198
69.5676, 310.198
69.5967, 310.198
69.6515, 310.198
69.6525, 310.198
69.6986, 310.199
69.7074, 310.199
69.7569, 310.199
69.7699, 310.199
69.8189, 310.199
69.8252, 310.199
69.8769, 310.199
69.8938, 310.2
69.9227, 310.2
69.9626, 310.2
70.0001, 310.2
70.0168, 310.2
70.0606, 310.2
70.1059, 310.201
70.1248, 310.201
70.1883, 310.201
70.2332, 310.201
70.2341, 310.201
70.235, 310.201
70.2761, 310.202
70.2949, 310.202
70.3147, 310.202
70.3512, 310.202
70.3782, 310.202
70.4072, 310.202
70.4644, 310.203
70.4646, 310.203
70.4977, 310.203
70.55, 310.203
70.5595, 310.203
70.5814, 310.203
70.5997, 310.203
70.611, 310.203
70.6401, 310.203
70.6615, 310.204
70.6867, 310.204
70.7161, 310.204
70.7474, 310.204
70.7798, 310.204
70.801, 310.204
70.8096, 310.204
70.8534, 310.205
70.8806, 310.205
70.8873, 310.205
70.8908, 310.205
70.943, 310.205
70.9507, 310.205
70.9863, 310.205
70.9877, 310.205
70.9899, 310.205
70.9948, 310.206
71.0449, 310.206
71.0662, 310.206
71.094, 310.206
71.1431, 310.206
71.155, 310.206
71.1839, 310.207
71.2218, 310.207
71.2238, 310.207
71.2258, 310.207
71.2566, 310.207
71.2858, 310.207
71.2913, 310.207
71.306, 310.207
71.3139, 310.207
71.3406, 310.208
71.3707, 310.208
71.4008, 310.208
71.4217, 310.208
71.4364, 310.208
71.4921, 310.208
71.4978, 310.209
71.5545, 310.209
71.5843, 310.209
71.5953, 310.209
71.645, 310.209
71.6868, 310.21
71.7083, 310.21
71.7349, 310.21
71.7443, 310.21
71.7659, 310.21
71.81, 310.21
71.8319, 310.211
71.8582, 310.211
71.8619, 310.211
71.8927, 310.211
71.9316, 310.211
71.9343, 310.211
71.9397, 310.211
71.981, 310.212
72.0167, 310.212
72.0271, 310.212
72.0389, 310.212
72.0566, 310.212
72.0738, 310.212
72.1029, 310.212
72.1276, 310.213
72.1897, 310.213
72.1974, 310.213
72.2045, 310.213
72.2528, 310.213
72.3112, 310.214
72.3239, 310.214
72.33, 310.214
72.3523, 310.214
72.3922, 310.214
72.4075, 310.214
72.429, 310.215
72.4312, 310.215
72.4549, 310.215
72.4597, 310.215
72.4982, 310.215
72.5203, 310.215
72.5563, 310.215
72.5996, 310.216
72.6101, 310.216
72.6437, 310.216
72.6981, 310.216
72.7162, 310.217
72.7417, 310.217
72.7564, 310.217
72.7888, 310.217
72.7946, 310.217
72.8299, 310.217
72.8567, 310.218
72.8795, 310.218
72.9315, 310.218
72.9445, 310.218
72.9622, 310.218
72.9986, 310.219
73.0313, 310.219
73.0755, 310.219
73.1009, 310.219
73.1162, 310.22
73.1385, 310.22
73.1729, 310.22
73.1942, 310.22
73.2263, 310.22
73.2436, 310.221
73.3007, 310.221
73.327, 310.221
73.3422, 310.221
73.3572, 310.221
73.3692, 310.221
73.3857, 310.222
73.4004, 310.222
73.4046, 310.222
73.4467, 310.222
73.4895, 310.222
73.4962, 310.222
73.5053, 310.223
73.5457, 310.223
73.569, 310.223
73.5815, 310.223
73.6239, 310.223
73.6301, 310.224
73.6343, 310.224
73.6695, 310.224
73.7057, 310.224
73.718, 310.224
73.7252, 310.224
73.7867, 310.225
73.8096, 310.225
73.8279, 310.225
73.8281, 310.225
73.8308, 310.225
73.8657, 310.225
73.8764, 310.226
73.8996, 310.226
73.913, 310.226
73.9934, 310.226
74.0339, 310.227
74.0525, 310.227
74.0629, 310.227
74.0745, 310.227
74.1209, 310.228
74.1543, 310.228
74.1684, 310.228
74.1944, 310.228
74.2308, 310.228
74.2545, 310.229
74.3031, 310.229
74.3253, 310.229
74.3557, 310.23
74.3746, 310.23
74.3964, 310.23
74.4096, 310.23
74.4171, 310.23
74.4319, 310.23
74.4381, 310.23
74.4523, 310.23
74.4804, 310.231
74.511, 310.231
74.5291, 310.231
74.5397, 310.231
74.5764, 310.232
74.6184, 310.232
74.6522, 310.232
74.672, 310.232
74.6879, 310.233
74.7151, 310.233
74.7323, 310.233
74.778, 310.233
74.8004, 310.234
74.8194, 310.234
74.8275, 310.234
74.8395, 310.234
74.867, 310.234
74.8894, 310.234
74.9053, 310.234
74.916, 310.235
74.9633, 310.235
74.9747, 310.235
75.0192, 310.236
75.0562, 310.236
75.0713, 310.236
75.0726, 310.236
75.095, 310.236
75.1204, 310.237
75.1219, 310.237
75.188, 310.237
75.2171, 310.237
75.2341, 310.238
75.2716, 310.238
75.283, 310.238
75.3034, 310.238
75.3341, 310.239
75.3851, 310.239
75.4177, 310.239
75.4487, 310.24
75.4757, 310.24
75.505, 310.24
75.5257, 310.24
75.5556, 310.241
75.5824, 310.241
75.5973, 310.241
75.6438, 310.242
75.6491, 310.242
75.6518, 310.242
75.6798, 310.242
75.7214, 310.242
75.7751, 310.243
75.7828, 310.243
75.814, 310.243
75.8325, 310.244
75.8698, 310.244
75.8732, 310.244
75.8756, 310.244
75.9317, 310.245
75.9521, 310.245
75.9818, 310.245
76.0452, 310.246
76.0492, 310.246
76.0589, 310.246
76.0763, 310.246
76.0858, 310.246
76.1054, 310.246
76.135, 310.247
76.1704, 310.247
76.1805, 310.247
76.2388, 310.248
76.2532, 310.248
76.2875, 310.248
76.3096, 310.249
76.335, 310.249
76.3645, 310.249
76.4141, 310.25
76.436, 310.25
76.4771, 310.251
76.5107, 310.251
76.5319, 310.251
76.5427, 310.251
76.5511, 310.251
76.599, 310.252
76.6238, 310.252
76.6574, 310.253
76.6669, 310.253
76.6882, 310.253
76.7144, 310.253
76.7191, 310.253
76.74, 310.254
76.7589, 310.254
76.7775, 310.254
76.7942, 310.254
76.8449, 310.255
76.8509, 310.255
76.8689, 310.255
76.8746, 310.255
76.9191, 310.256
76.9234, 310.256
76.9574, 310.256
76.9828, 310.256
76.9849, 310.256
76.9863, 310.256
77.0101, 310.257
77.0418, 310.257
77.0692, 310.257
77.0791, 310.258
77.1027, 310.258
77.1303, 310.258
77.1876, 310.259
77.2124, 310.259
77.2527, 310.26
77.2664, 310.26
77.335, 310.261
77.3742, 310.261
77.4285, 310.262
77.4305, 310.262
77.4306, 310.262
77.4321, 310.262
77.462, 310.262
77.519, 310.263
77.5691, 310.264
77.5785, 310.264
77.5838, 310.264
77.5961, 310.264
77.6265, 310.264
77.6745, 310.265
77.7004, 310.265
77.7246, 310.266
77.7458, 310.266
77.7665, 310.266
77.7884, 310.266
77.8047, 310.267
77.816, 310.267
77.8465, 310.267
77.8655, 310.267
77.8782, 310.268
77.9029, 310.268
77.9126, 310.268
77.9441, 310.269
77.9552, 310.269
77.9952, 310.269
78.013, 310.269
78.0173, 310.269
78.0334, 310.27
78.1011, 310.271
78.1224, 310.271
78.134, 310.271
78.1631, 310.271
78.1791, 310.272
78.2528, 310.273
78.2612, 310.273
78.2763, 310.273
78.3027, 310.273
78.3319, 310.274
78.342, 310.274
78.3729, 310.274
78.3793, 310.274
78.4191, 310.275
78.4364, 310.275
78.4449, 310.275
78.4582, 310.276
78.5204, 310.276
78.5454, 310.277
78.6101, 310.278
78.6351, 310.278
78.6668, 310.279
78.6746, 310.279
78.7053, 310.279
78.7497, 310.28
78.7757, 310.28
78.8266, 310.281
78.8567, 310.281
78.8909, 310.282
78.9061, 310.282
78.9342, 310.283
78.9665, 310.283
78.9825, 310.283
79.0194, 310.284
79.0696, 310.285
79.0809, 310.285
79.1239, 310.285
79.1554, 310.286
79.1824, 310.286
79.2225, 310.287
79.2311, 310.287
79.2442, 310.287
79.2778, 310.288
79.3075, 310.288
79.3249, 310.289
79.3796, 310.289
79.4245, 310.29
79.4342, 310.29
79.4427, 310.29
79.467, 310.291
79.4843, 310.291
79.5039, 310.291
79.5179, 310.292
79.5596, 310.292
79.5863, 310.293
79.5981, 310.293
79.6078, 310.293
79.6477, 310.294
79.6638, 310.294
79.7211, 310.295
79.7289, 310.295
79.7756, 310.296
79.8353, 310.297
79.8529, 310.297
79.8801, 310.298
79.9498, 310.299
79.9731, 310.299
79.9965, 310.3
80.0105, 310.3
80.0367, 310.3
80.0504, 310.3
80.0578, 310.301
80.0958, 310.301
80.1395, 310.302
80.1508, 310.302
80.2271, 310.304
80.2386, 310.304
80.2833, 310.304
80.3011, 310.305
80.3163, 310.305
80.3362, 310.305
80.3772, 310.306
80.4259, 310.307
80.428, 310.307
80.4291, 310.307
80.4708, 310.308
80.5094, 310.309
80.5133, 310.309
80.559, 310.309
80.563, 310.31
80.61, 310.31
80.6454, 310.311
80.6721, 310.312
80.7314, 310.313
80.7474, 310.313
80.7708, 310.313
80.803, 310.314
80.8338, 310.315
80.8543, 310.315
80.8658, 310.315
80.8961, 310.316
80.9316, 310.316
80.947, 310.317
80.9583, 310.317
80.9962, 310.318
81.0115, 310.318
81.0412, 310.318
81.0437, 310.319
81.0493, 310.319
81.1065, 310.32
81.1268, 310.32
81.1364, 310.32
81.1803, 310.321
81.1934, 310.321
81.2115, 310.322
81.2468, 310.323
81.2871, 310.323
81.312, 310.324
81.3346, 310.324
81.3644, 310.325
81.4088, 310.326
81.4575, 310.327
81.4636, 310.327
81.5066, 310.328
81.5287, 310.328
81.5511, 310.329
81.5958, 310.33
81.6294, 310.33
81.6822, 310.331
81.6862, 310.331
81.6904, 310.332
81.7539, 310.333
81.7592, 310.333
81.7799, 310.333
81.823, 310.334
81.8668, 310.335
81.9025, 310.336
81.9089, 310.336
81.9663, 310.337
81.99, 310.338
82.0289, 310.339
82.0434, 310.339
82.0692, 310.34
82.1064, 310.34
82.1161, 310.341
82.152, 310.341
82.1854, 310.342
82.1921, 310.342
82.2072, 310.343
82.2468, 310.344
82.2791, 310.344
82.2984, 310.345
82.3235, 310.345
82.3461, 310.346
82.3822, 310.347
82.3939, 310.347
82.4502, 310.348
82.463, 310.348
82.5023, 310.349
82.5838, 310.351
82.5921, 310.351
82.6049, 310.352
82.6206, 310.352
82.6608, 310.353
82.6929, 310.354
82.727, 310.355
82.7409, 310.355
82.7571, 310.355
82.7716, 310.356
82.7895, 310.356
82.814, 310.357
82.8581, 310.358
82.8722, 310.358
82.8918, 310.359
82.9321, 310.36
82.9967, 310.361
83.0051, 310.361
83.035, 310.362
83.0623, 310.363
83.0716, 310.363
83.1054, 310.364
83.1185, 310.364
83.1352, 310.365
83.1519, 310.365
83.185, 310.366
83.2297, 310.367
83.2473, 310.367
83.292, 310.368
83.2937, 310.369
83.3501, 310.37
83.3586, 310.37
83.3889, 310.371
83.4667, 310.373
83.4865, 310.373
83.5292, 310.375
83.5355, 310.375
83.5374, 310.375
83.598, 310.376
83.6107, 310.377
83.6221, 310.377
83.6433, 310.378
83.6766, 310.378
83.7336, 310.38
83.7527, 310.38
83.7877, 310.381
83.7981, 310.382
83.8023, 310.382
83.8429, 310.383
83.8907, 310.384
83.893, 310.384
83.9245, 310.385
83.9572, 310.386
83.9707, 310.386
84.0256, 310.388
84.0319, 310.388
84.1062, 310.39
84.1124, 310.39
84.1164, 310.39
84.1225, 310.391
84.1839, 310.392
84.2492, 310.394
84.2595, 310.395
84.305, 310.396
84.3466, 310.397
84.3586, 310.397
84.369, 310.398
84.3815, 310.398
84.4013, 310.399
84.4403, 310.4
84.4467, 310.4
84.4779, 310.401
84.4888, 310.401
84.4915, 310.401
84.495, 310.401
84.541, 310.403
84.5734, 310.404
84.5836, 310.404
84.5993, 310.404
84.6219, 310.405
84.6443, 310.406
84.6589, 310.406
84.6719, 310.407
84.6978, 310.407
84.7106, 310.408
84.7402, 310.409
84.7523, 310.409
84.7762, 310.41
84.7992, 310.41
84.8196, 310.411
84.8387, 310.412
84.886, 310.413
84.9065, 310.414
84.9259, 310.414
84.9417, 310.415
84.9855, 310.416
85.0471, 310.418
85.0534, 310.418
85.0555, 310.418
85.1, 310.42
85.1093, 310.42
85.1477, 310.421
85.1891, 310.423
85.1932, 310.423
85.2368, 310.424
85.2738, 310.425
85.3066, 310.426
85.313, 310.427
85.3352, 310.427
85.3666, 310.428
85.4388, 310.431
85.4477, 310.431
85.4528, 310.431
85.5064, 310.433
85.5456, 310.434
85.5768, 310.435
85.5958, 310.436
85.6321, 310.437
85.6624, 310.438
85.6849, 310.439
85.6944, 310.439
85.7092, 310.44
85.7323, 310.441
85.7421, 310.441
85.7573, 310.442
85.7813, 310.442
85.8051, 310.443
85.8297, 310.444
85.8387, 310.444
85.8458, 310.445
85.8471, 310.445
85.865, 310.445
85.9078, 310.447
85.9273, 310.447
85.9378, 310.448
85.9608, 310.449
85.9948, 310.45
86.0002, 310.45
86.008, 310.45
86.0368, 310.451
86.0478, 310.452
86.0884, 310.453
86.1122, 310.454
86.1531, 310.455
86.1769, 310.456
86.1927, 310.457
86.2403, 310.459
86.2442, 310.459
86.2493, 310.459
86.2887, 310.46
86.306, 310.461
86.3482, 310.463
86.3934, 310.464
86.3943, 310.464
86.4303, 310.466
86.445, 310.466
86.4828, 310.468
86.517, 310.469
86.5274, 310.469
86.5315, 310.469
86.5336, 310.47
86.5423, 310.47
86.6136, 310.473
86.6467, 310.474
86.657, 310.474
86.6788, 310.475
86.6997, 310.476
86.7487, 310.478
86.7736, 310.479
86.8042, 310.48
86.8528, 310.482
86.8669, 310.482
86.9185, 310.484
86.951, 310.486
86.964, 310.486
86.9711, 310.487
87.0032, 310.488
87.022, 310.489
87.0569, 310.49
87.0666, 310.49
87.0894, 310.491
87.1193, 310.493
87.1408, 310.493
87.1871, 310.495
87.1941, 310.496
87.2062, 310.496
87.2368, 310.497
87.2527, 310.498
87.2873, 310.499
87.3102, 310.5
87.3619, 310.503
87.3809, 310.503
87.3942, 310.504
87.4056, 310.504
87.4498, 310.506
87.4513, 310.506
87.4772, 310.507
87.5076, 310.509
87.519, 310.509
87.5666, 310.511
87.6113, 310.513
87.6132, 310.513
87.6136, 310.513
87.6516, 310.515
87.6615, 310.515
87.6745, 310.516
87.7166, 310.518
87.7404, 310.519
87.8057, 310.522
87.8074, 310.522
87.8077, 310.522
87.8107, 310.522
87.8829, 310.525
87.9426, 310.528
88.0032, 310.531
88.0157, 310.531
88.0675, 310.534
88.0789, 310.534
88.0834, 310.534
88.1083, 310.535
88.132, 310.536
88.1768, 310.539
88.2096, 310.54
88.2273, 310.541
88.2713, 310.543
88.2911, 310.544
88.3, 310.544
88.3124, 310.545
88.3723, 310.548
88.3854, 310.548
88.3921, 310.549
88.4305, 310.551
88.4329, 310.551
88.4472, 310.551
88.4618, 310.552
88.4685, 310.552
88.4734, 310.553
88.5565, 310.557
88.5581, 310.557
88.5655, 310.557
88.617, 310.56
88.6347, 310.56
88.6509, 310.561
88.6613, 310.562
88.67, 310.562
88.7274, 310.565
88.7503, 310.566
88.7731, 310.567
88.781, 310.568
88.7902, 310.568
88.8185, 310.57
88.8494, 310.571
88.8636, 310.572
88.8893, 310.573
88.902, 310.574
88.9178, 310.575
88.9284, 310.575
88.9668, 310.577
89.0069, 310.579
89.033, 310.581
89.0571, 310.582
89.0839, 310.583
89.0992, 310.584
89.1333, 310.586
89.1666, 310.588
89.1693, 310.588
89.1707, 310.588
89.1734, 310.588
89.2164, 310.59
89.266, 310.593
89.2898, 310.594
89.3131, 310.595
89.3413, 310.597
89.3445, 310.597
89.365, 310.598
89.3676, 310.598
89.4282, 310.602
89.47, 310.604
89.4784, 310.604
89.5011, 310.606
89.5132, 310.606
89.537, 310.608
89.5596, 310.609
89.5665, 310.609
89.6297, 310.613
89.6298, 310.613
89.6817, 310.616
89.7132, 310.617
89.7267, 310.618
89.7754, 310.621
89.806, 310.623
89.8208, 310.624
89.8681, 310.626
89.8863, 310.627
89.8988, 310.628
89.9685, 310.632
90.0196, 310.635
90.0233, 310.635
90.0743, 310.638
90.1031, 310.64
90.1753, 310.644
90.1791, 310.645
90.214, 310.647
90.2681, 310.65
90.3092, 310.653
90.33, 310.654
90.3553, 310.655
90.3748, 310.657
90.3997, 310.658
90.4109, 310.659
90.4424, 310.661
90.4674, 310.662
90.4851, 310.663
90.5412, 310.667
90.5421, 310.667
90.5857, 310.67
90.6251, 310.672
90.6606, 310.675
90.6752, 310.675
90.6837, 310.676
90.7147, 310.678
90.7654, 310.681
90.7715, 310.682
90.8251, 310.685
90.8711, 310.688
90.8823, 310.689
90.8887, 310.689
90.9304, 310.692
90.9573, 310.694
90.9785, 310.695
91.0028, 310.697
91.0887, 310.703
91.104, 310.704
91.1096, 310.704
91.1328, 310.706
91.1663, 310.708
91.1996, 310.71
91.2163, 310.711
91.2832, 310.716
91.289, 310.716
91.3259, 310.719
91.3758, 310.722
91.381, 310.723
91.3847, 310.723
91.4436, 310.727
91.4658, 310.729
91.4725, 310.729
91.5009, 310.731
91.5217, 310.733
91.5328, 310.734
91.5728, 310.736
91.5816, 310.737
91.6145, 310.739
91.6192, 310.74
91.6484, 310.742
91.6856, 310.745
91.7129, 310.747
91.7213, 310.747
91.7322, 310.748
91.7664, 310.751
91.7996, 310.753
91.8138, 310.754
91.8606, 310.758
91.8892, 310.76
91.9063, 310.761
91.969, 310.766
91.9857, 310.767
92.0271, 310.77
92.0669, 310.773
92.0868, 310.775
92.1357, 310.779
92.1491, 310.78
92.1878, 310.783
92.1951, 310.783
92.2143, 310.785
92.2528, 310.788
92.2535, 310.788
92.2557, 310.788
92.3085, 310.792
92.3369, 310.794
92.3571, 310.796
92.422, 310.801
92.4421, 310.803
92.4701, 310.805
92.476, 310.806
92.4921, 310.807
92.5376, 310.811
92.5818, 310.814
92.6034, 310.816
92.6078, 310.816
92.6577, 310.821
92.6617, 310.821
92.6651, 310.821
92.6959, 310.824
92.7207, 310.826
92.7561, 310.829
92.7825, 310.831
92.8195, 310.834
92.8363, 310.836
92.8536, 310.837
92.8664, 310.838
92.8807, 310.839
92.9173, 310.843
92.9315, 310.844
92.9705, 310.847
93.0121, 310.851
93.0217, 310.852
93.0575, 310.855
93.0717, 310.856
93.1215, 310.86
93.1221, 310.86
93.1584, 310.864
93.2015, 310.868
93.2152, 310.869
93.2362, 310.871
93.2811, 310.875
93.305, 310.877
93.3295, 310.879
93.3868, 310.884
93.419, 310.887
93.4358, 310.889
93.4695, 310.892
93.4919, 310.894
93.5098, 310.896
93.5238, 310.897
93.5675, 310.901
93.6326, 310.907
93.642, 310.908
93.664, 310.91
93.6964, 310.913
93.7046, 310.914
93.7152, 310.915
93.7477, 310.918
93.7673, 310.92
93.7777, 310.921
93.8014, 310.924
93.815, 310.925
93.8544, 310.929
93.8642, 310.93
93.9024, 310.933
93.9117, 310.934
93.9454, 310.938
93.9632, 310.939
93.9804, 310.941
94.0179, 310.945
94.0285, 310.946
94.0769, 310.951
94.0969, 310.953
94.0981, 310.953
94.0992, 310.953
94.1428, 310.957
94.1587, 310.959
94.1764, 310.961
94.1812, 310.961
94.197, 310.963
94.2174, 310.965
94.2248, 310.966
94.2638, 310.97
94.3095, 310.975
94.3171, 310.975
94.3196, 310.976
94.3336, 310.977
94.3869, 310.983
94.3898, 310.983
94.3961, 310.984
94.4258, 310.987
94.4439, 310.989
94.4709, 310.992
94.4759, 310.992
94.5002, 310.995
94.5463, 311
94.5655, 311.002
94.5834, 311.004
94.5976, 311.005
94.6389, 311.01
94.6864, 311.015
94.7303, 311.02
94.7451, 311.021
94.7893, 311.026
94.8498, 311.033
94.8566, 311.034
94.8867, 311.037
94.8968, 311.038
94.9367, 311.043
94.9516, 311.045
94.9747, 311.047
95.0077, 311.051
95.0608, 311.057
95.0717, 311.058
95.0972, 311.061
95.1409, 311.066
95.1683, 311.07
95.1991, 311.073
95.2386, 311.078
95.2637, 311.081
95.3005, 311.085
95.3107, 311.087
95.3151, 311.087
95.3457, 311.091
95.3714, 311.094
95.3999, 311.097
95.4282, 311.101
95.4337, 311.101
95.4788, 311.107
95.5157, 311.112
95.5273, 311.113
95.5482, 311.116
95.579, 311.119
95.6106, 311.123
95.641, 311.127
95.6636, 311.13
95.6949, 311.134
95.7043, 311.135
95.7622, 311.142
95.7692, 311.143
95.7776, 311.144
95.8078, 311.148
95.8522, 311.154
95.8694, 311.156
95.924, 311.163
95.9298, 311.164
95.932, 311.164
95.9493, 311.167
95.9806, 311.171
96.0127, 311.175
96.0302, 311.177
96.0555, 311.181
96.0923, 311.186
96.1084, 311.188
96.1581, 311.195
96.1899, 311.199
96.233, 311.205
96.2609, 311.209
96.3062, 311.215
96.3307, 311.218
96.3471, 311.22
96.3811, 311.225
96.3892, 311.226
96.3933, 311.227
96.4388, 311.233
96.4429, 311.234
96.4864, 311.24
96.5127, 311.244
96.5452, 311.248
96.5645, 311.251
96.6053, 311.257
96.6416, 311.262
96.6504, 311.264
96.6937, 311.27
96.6982, 311.271
96.7347, 311.276
96.7676, 311.281
96.77, 311.281
96.8107, 311.287
96.8462, 311.292
96.8538, 311.294
96.8843, 311.298
96.8935, 311.3
96.9213, 311.304
96.9321, 311.305
96.938, 311.306
96.946, 311.308
96.9898, 311.314
97.0365, 311.321
97.0442, 311.323
97.0838, 311.329
97.0885, 311.329
97.1399, 311.337
97.1431, 311.338
97.1462, 311.338
97.1823, 311.344
97.2134, 311.349
97.2182, 311.35
97.2387, 311.353
97.2688, 311.358
97.2876, 311.361
97.3038, 311.363
97.3421, 311.37
97.3585, 311.372
97.3996, 311.379
97.4049, 311.38
97.4904, 311.394
97.5233, 311.399
97.5478, 311.403
97.5679, 311.407
97.6301, 311.417
97.6527, 311.421
97.6553, 311.421
97.688, 311.427
97.7045, 311.43
97.7296, 311.434
97.7485, 311.437
97.7772, 311.442
97.7905, 311.444
97.8652, 311.457
97.8813, 311.46
97.9129, 311.466
97.9342, 311.469
97.9598, 311.474
97.9822, 311.478
98.0219, 311.485
98.0493, 311.49
98.0503, 311.49
98.0512, 311.49
98.119, 311.502
98.158, 311.51
98.1692, 311.512
98.1981, 311.517
98.2041, 311.518
98.2389, 311.524
98.2448, 311.525
98.2871, 311.533
98.2896, 311.534
98.3007, 311.536
98.3774, 311.55
98.3919, 311.553
98.4304, 311.56
98.4314, 311.561
98.4917, 311.572
98.5254, 311.579
98.5427, 311.582
98.5932, 311.592
98.6047, 311.594
98.6495, 311.603
98.6775, 311.608
98.7187, 311.617
98.7218, 311.617
98.7298, 311.619
98.7615, 311.625
98.7701, 311.627
98.7992, 311.633
98.8392, 311.641
98.8519, 311.644
98.8646, 311.646
98.8881, 311.651
98.911, 311.656
98.922, 311.658
98.9384, 311.661
99.009, 311.676
99.042, 311.683
99.0931, 311.694
99.1091, 311.697
99.185, 311.713
99.1931, 311.715
99.2331, 311.724
99.2727, 311.732
99.2809, 311.734
99.2927, 311.737
99.3345, 311.746
99.3718, 311.754
99.4148, 311.764
99.4551, 311.773
99.46, 311.774
99.4629, 311.775
99.547, 311.794
99.5507, 311.795
99.5533, 311.795
99.5869, 311.803
99.6185, 311.81
99.6394, 311.815
99.6548, 311.819
99.6758, 311.824
99.6866, 311.826
99.7174, 311.833
99.7714, 311.846
99.8084, 311.855
99.8332, 311.861
99.8657, 311.869
99.9067, 311.879
99.9196, 311.882
99.9221, 311.883
99.985, 311.898
99.9883, 311.899
100.042, 311.912
100.071, 311.919
100.083, 311.922
100.11, 311.929
100.142, 311.937
100.172, 311.945
100.208, 311.954
100.214, 311.956
100.263, 311.969
100.299, 311.978
100.303, 311.979
100.364, 311.995
100.366, 311.996
100.377, 311.998
100.411, 312.007
100.429, 312.012
100.438, 312.015
100.466, 312.022
100.503, 312.032
100.513, 312.035
100.519, 312.037
100.526, 312.039
100.566, 312.049
100.579, 312.053
100.588, 312.056
100.616, 312.063
100.671, 312.079
100.677, 312.081
100.69, 312.084
100.702, 312.087
100.764, 312.105
100.791, 312.113
100.822, 312.122
100.887, 312.141
100.906, 312.146
100.924, 312.151
100.955, 312.16
100.969, 312.165
100.999, 312.174
101.008, 312.176
101.039, 312.186
101.06, 312.192
101.095, 312.202
101.1, 312.204
101.143, 312.217
101.177, 312.228
101.195, 312.233
101.205, 312.236
101.255, 312.252
101.312, 312.27
101.316, 312.271
101.354, 312.284
101.357, 312.284
101.41, 312.302
101.441, 312.312
101.481, 312.325
101.497, 312.33
101.537, 312.343
101.547, 312.347
101.572, 312.355
101.6, 312.365
101.639, 312.378
101.673, 312.389
101.684, 312.393
101.747, 312.415
101.777, 312.426
101.817, 312.44
101.828, 312.444
101.843, 312.449
101.859, 312.455
101.882, 312.463
101.894, 312.467
101.933, 312.482
101.936, 312.483
101.977, 312.498
101.994, 312.504
102.017, 312.512
102.064, 312.53
102.092, 312.54
102.116, 312.55
102.141, 312.559
102.168, 312.57
102.201, 312.582
102.259, 312.605
102.262, 312.606
102.27, 312.61
102.306, 312.624
102.334, 312.635
102.344, 312.639
102.355, 312.643
102.42, 312.67
102.448, 312.681
102.48, 312.694
102.505, 312.705
102.522, 312.712
102.569, 312.732
102.6, 312.745
102.62, 312.754
102.621, 312.754
102.621, 312.754
102.661, 312.772
102.669, 312.775
102.723, 312.799
102.728, 312.801
102.771, 312.82
102.798, 312.833
102.811, 312.839
102.829, 312.847
102.856, 312.859
102.86, 312.861
102.893, 312.876
102.928, 312.893
102.944, 312.9
102.978, 312.916
103.02, 312.936
103.046, 312.949
103.055, 312.954
103.066, 312.959
103.129, 312.99
103.14, 312.996
103.188, 313.02
103.204, 313.028
103.212, 313.032
103.232, 313.043
103.261, 313.057
103.306, 313.081
103.327, 313.092
103.365, 313.112
103.394, 313.128
103.403, 313.133
103.442, 313.155
103.489, 313.181
103.49, 313.181
103.492, 313.182
103.586, 313.236
103.607, 313.249
103.616, 313.254
103.673, 313.288
103.677, 313.29
103.728, 313.321
103.761, 313.341
103.774, 313.35
103.813, 313.374
103.832, 313.386
103.885, 313.42
103.902, 313.432
103.936, 313.455
103.944, 313.46
103.955, 313.467
103.979, 313.483
103.996, 313.495
104.044, 313.528
104.086, 313.558
104.096, 313.565
104.113, 313.577
104.152, 313.606
104.167, 313.617
104.214, 313.652
104.245, 313.676
104.252, 313.682
104.26, 313.688
104.297, 313.717
104.317, 313.732
104.353, 313.762
104.357, 313.766
104.394, 313.796
104.41, 313.809
104.439, 313.834
104.457, 313.85
104.489, 313.877
104.514, 313.9
104.563, 313.945
104.566, 313.947
104.621, 313.998
104.684, 314.062
104.691, 314.068
104.704, 314.082
104.764, 314.143
104.793, 314.175
104.827, 314.211
104.844, 314.23
104.855, 314.243
104.874, 314.265
104.933, 314.334
104.933, 314.335
104.978, 314.392
105.009, 314.432
105.03, 314.459
105.039, 314.472
105.068, 314.509
105.083, 314.529
105.098, 314.551
105.139, 314.61
105.164, 314.65
105.186, 314.684
105.197, 314.701
105.228, 314.753
105.245, 314.78
105.26, 314.807
105.325, 314.923
105.338, 314.946
105.378, 315.025
105.395, 315.061
105.42, 315.115
105.444, 315.17
105.464, 315.22
105.5, 315.31
105.547, 315.433
105.551, 315.443
105.56, 315.473
105.606, 315.613
105.656, 315.806
105.677, 315.883
105.721, 316.049
105.746, 316.17
105.806, 316.537
105.833, 316.701
105.854, 316.841
105.889, 317.14
105.894, 317.178
105.902, 317.222
105.934, 317.369
105.945, 317.424
105.997, 317.712
105.999, 317.717
106.004, 317.704
106.046, 317.536
106.067, 317.433
106.107, 317.129
106.16, 316.704
106.176, 316.609
106.209, 316.447
106.289, 316.058
106.296, 316.022
106.309, 315.981
106.351, 315.839
106.369, 315.787
106.403, 315.674
106.426, 315.618
106.473, 315.502
106.493, 315.453
106.524, 315.386
106.542, 315.351
106.597, 315.245
106.602, 315.235
106.622, 315.201
106.656, 315.148
106.665, 315.132
106.672, 315.122
106.721, 315.047
106.757, 314.996
106.785, 314.961
106.811, 314.93
106.853, 314.879
106.877, 314.85
106.893, 314.833
106.914, 314.81
106.994, 314.726
107.031, 314.692
107.04, 314.684
107.105, 314.626
107.13, 314.605
107.173, 314.57
107.186, 314.56
107.239, 314.521
107.277, 314.493
107.292, 314.482
107.349, 314.444
107.373, 314.428
107.395, 314.413
107.438, 314.388
107.446, 314.383
107.486, 314.359
107.492, 314.355
107.554, 314.321
107.573, 314.311
107.653, 314.269
107.655, 314.268
107.662, 314.265
107.712, 314.241
107.733, 314.232
107.765, 314.217
107.773, 314.213
107.798, 314.202
107.812, 314.196
107.817, 314.194
107.837, 314.186
107.872, 314.17
107.921, 314.151
107.927, 314.148
107.946, 314.141
107.964, 314.134
108.017, 314.114
108.017, 314.114
108.018, 314.114
108.08, 314.092
108.098, 314.085
108.107, 314.082
108.138, 314.072
108.141, 314.071
108.186, 314.056
108.19, 314.055
108.216, 314.047
108.25, 314.036
108.264, 314.032
108.272, 314.029
108.324, 314.014
108.326, 314.013
108.361, 314.003
108.402, 313.993
108.434, 313.984
108.45, 313.98
108.477, 313.973
108.51, 313.965
108.537, 313.958
108.581, 313.948
108.613, 313.94
108.625, 313.937
108.639, 313.934
108.675, 313.926
108.7, 313.921
108.743, 313.912
108.746, 313.912
108.804, 313.9
108.826, 313.896
108.858, 313.89
108.908, 313.881
108.922, 313.879
108.96, 313.872
108.982, 313.869
109.041, 313.859
109.063, 313.856
109.088, 313.852
109.137, 313.845
109.166, 313.841
109.192, 313.837
109.264, 313.828
109.279, 313.826
109.301, 313.824
109.328, 313.821
109.36, 313.817
109.384, 313.814
109.389, 313.814
109.394, 313.813
109.401, 313.813
109.428, 313.81
109.437, 313.809
109.452, 313.807
109.479, 313.805
109.493, 313.804
109.534, 313.8
109.534, 313.8
109.564, 313.798
109.585, 313.796
109.604, 313.795
109.625, 313.793
109.658, 313.791
109.717, 313.787
109.72, 313.787
109.754, 313.786
109.773, 313.785
109.803, 313.783
109.809, 313.783
109.843, 313.782
109.894, 313.78
109.906, 313.78
109.953, 313.779
110, 313.778
110.105, 313.693
110.129, 313.674
110.173, 313.639
110.208, 313.62
110.359, 313.536
110.469, 313.479
110.74, 313.39
110.85, 313.361
111, 313.332


