X,T
4.18524e-17, 310.151
0.215011, 310.151
0.327892, 310.151
0.721967, 310.151
1.09123, 310.151
1.1035, 310.151
1.38898, 310.151
1.70642, 310.151
2.0699, 310.151
2.10417, 310.151
2.12875, 310.151
2.51174, 310.151
2.71738, 310.151
2.92854, 310.151
2.99465, 310.151
3.40007, 310.151
3.63392, 310.151
4.09583, 310.151
4.11504, 310.151
4.14505, 310.151
4.49049, 310.151
4.75066, 310.151
5.19629, 310.151
5.23265, 310.151
5.26149, 310.151
5.48741, 310.151
5.62676, 310.151
6.00915, 310.151
6.06746, 310.151
6.20178, 310.151
6.33023, 310.151
6.52861, 310.151
6.73585, 310.151
6.94856, 310.151
7.07847, 310.151
7.16374, 310.151
7.29037, 310.151
7.67628, 310.151
7.76186, 310.151
7.97315, 310.151
8.10135, 310.151
8.17963, 310.151
8.41021, 310.151
8.6368, 310.151
8.74946, 310.151
8.94022, 310.151
9.34103, 310.151
9.36402, 310.151
9.61943, 310.151
9.85312, 310.151
10.0055, 310.151
10.1351, 310.151
10.3932, 310.151
10.5137, 310.151
10.7956, 310.151
10.8623, 310.151
11.1963, 310.151
11.3004, 310.151
11.6389, 310.151
11.7955, 310.151
11.8755, 310.151
12.0728, 310.151
12.2315, 310.151
12.6688, 310.151
12.7444, 310.151
12.929, 310.151
12.9305, 310.151
12.9316, 310.151
13.1903, 310.151
13.3605, 310.151
13.5436, 310.151
13.6474, 310.152
13.8447, 310.152
14.1188, 310.152
14.5615, 310.152
14.8021, 310.152
14.8045, 310.152
14.8217, 310.152
14.8296, 310.152
14.8921, 310.152
15.5594, 310.152
15.7678, 310.152
16.0108, 310.152
16.1919, 310.152
16.4724, 310.152
16.7956, 310.152
16.8561, 310.152
16.9502, 310.152
17.2481, 310.152
17.4796, 310.152
17.6812, 310.152
18.2827, 310.152
18.4145, 310.152
18.6027, 310.152
18.7969, 310.152
19.1479, 310.152
19.4751, 310.152
19.6389, 310.152
19.8019, 310.152
19.939, 310.152
20.3196, 310.153
20.5003, 310.153
20.6844, 310.153
20.9663, 310.153
21.1237, 310.153
21.4595, 310.153
21.7841, 310.153
21.879, 310.153
22.0156, 310.153
22.0164, 310.153
22.0172, 310.153
22.7772, 310.153
23.0191, 310.153
23.2222, 310.153
23.368, 310.153
23.4143, 310.153
23.7039, 310.153
23.7576, 310.153
24.2412, 310.154
24.2479, 310.154
24.4432, 310.154
24.6749, 310.154
25.0982, 310.154
25.1616, 310.154
25.5427, 310.154
25.6579, 310.154
25.7918, 310.154
25.823, 310.154
26.1319, 310.154
26.146, 310.154
26.4293, 310.154
26.6316, 310.154
27.0589, 310.154
27.2036, 310.155
27.2408, 310.155
27.333, 310.155
27.7261, 310.155
27.7287, 310.155
28.1849, 310.155
28.4539, 310.155
28.4689, 310.155
28.4898, 310.155
29.0142, 310.155
29.2339, 310.155
29.3999, 310.155
29.5438, 310.156
29.6452, 310.156
30.019, 310.156
30.0563, 310.156
30.1489, 310.156
30.3997, 310.156
30.6925, 310.156
30.8195, 310.156
31.2183, 310.156
31.3361, 310.156
31.4557, 310.157
31.6735, 310.157
32.1301, 310.157
32.1831, 310.157
32.4414, 310.157
32.8723, 310.157
32.9133, 310.157
32.9371, 310.158
33.3095, 310.158
33.4359, 310.158
33.5927, 310.158
33.6559, 310.158
34.0551, 310.158
34.3381, 310.159
34.4616, 310.159
34.6264, 310.159
34.7959, 310.159
34.833, 310.159
35.1689, 310.159
35.2311, 310.159
35.4582, 310.159
35.5431, 310.16
35.6839, 310.16
35.9462, 310.16
36.2911, 310.16
36.5617, 310.161
36.6026, 310.161
36.7238, 310.161
36.8637, 310.161
37.0055, 310.161
37.4671, 310.162
37.4994, 310.162
37.5333, 310.162
37.6604, 310.162
37.6688, 310.162
37.6862, 310.162
38.2629, 310.163
38.5457, 310.163
38.6536, 310.163
38.8659, 310.163
39.1582, 310.164
39.2383, 310.164
39.4066, 310.164
39.5676, 310.165
39.8499, 310.165
40.0316, 310.165
40.1608, 310.165
40.5429, 310.166
40.7237, 310.166
40.9703, 310.167
41.0347, 310.167
41.2744, 310.168
41.4841, 310.168
41.6361, 310.168
42.0932, 310.169
42.3758, 310.17
42.5932, 310.171
42.6774, 310.171
42.8459, 310.171
43.3947, 310.173
43.4807, 310.173
43.7189, 310.174
43.7806, 310.174
44.1145, 310.175
44.6171, 310.177
44.6586, 310.177
44.6932, 310.177
44.7364, 310.177
44.7727, 310.177
44.9681, 310.178
45.3825, 310.18
45.6145, 310.18
45.6705, 310.181
45.8393, 310.181
46.1942, 310.183
46.228, 310.183
46.5732, 310.185
46.7914, 310.186
47.0137, 310.187
47.1864, 310.188
47.5091, 310.19
47.5967, 310.19
47.9538, 310.193
48.1064, 310.194
48.3577, 310.196
48.4752, 310.196
48.6853, 310.198
48.9331, 310.2
49.1672, 310.202
49.4441, 310.204
49.5476, 310.205
49.6427, 310.206
50.0702, 310.21
50.116, 310.211
50.2997, 310.212
50.4523, 310.214
50.8029, 310.218
51.1648, 310.223
51.2216, 310.223
51.3537, 310.225
51.4501, 310.226
51.4831, 310.227
51.5192, 310.227
51.9261, 310.233
52.1765, 310.237
52.5234, 310.242
52.5337, 310.242
52.5425, 310.242
52.6673, 310.245
53.003, 310.251
53.0255, 310.251
53.5749, 310.263
53.6591, 310.264
53.9744, 310.271
54.2144, 310.277
54.2807, 310.278
54.4156, 310.282
54.9047, 310.296
55.1473, 310.303
55.1515, 310.304
55.1555, 310.304
55.2305, 310.306
55.3591, 310.311
55.4839, 310.315
56.0435, 310.334
56.5436, 310.357
56.7432, 310.367
56.8325, 310.371
57.0716, 310.385
57.4835, 310.408
57.6931, 310.424
57.7545, 310.43
57.8491, 310.438
58, 310.453
58.0687, 310.453
58.1036, 310.453
58.1114, 310.453
58.1242, 310.453
58.1765, 310.454
58.211, 310.454
58.2474, 310.454
58.2567, 310.454
58.2809, 310.454
58.289, 310.454
58.2983, 310.454
58.327, 310.454
58.3581, 310.454
58.4071, 310.454
58.4119, 310.454
58.4129, 310.454
58.4509, 310.454
58.484, 310.454
58.4932, 310.454
58.4955, 310.454
58.5097, 310.454
58.5541, 310.454
58.5866, 310.454
58.6242, 310.455
58.6267, 310.455
58.6306, 310.455
58.6648, 310.455
58.6941, 310.455
58.7086, 310.455
58.7197, 310.455
58.7645, 310.455
58.7743, 310.455
58.8181, 310.455
58.8359, 310.455
58.843, 310.455
58.8651, 310.455
58.8679, 310.455
58.878, 310.455
58.903, 310.455
58.9453, 310.455
58.9873, 310.456
59.0145, 310.456
59.0226, 310.456
59.0532, 310.456
59.1315, 310.456
59.1322, 310.456
59.1329, 310.456
59.1957, 310.456
59.2192, 310.456
59.2457, 310.456
59.2921, 310.456
59.3102, 310.456
59.3487, 310.457
59.3738, 310.457
59.4178, 310.457
59.4308, 310.457
59.4529, 310.457
59.4545, 310.457
59.4979, 310.457
59.5062, 310.457
59.5427, 310.457
59.5566, 310.457
59.571, 310.457
59.5977, 310.457
59.6077, 310.457
59.647, 310.457
59.6976, 310.457
59.7246, 310.458
59.7397, 310.458
59.752, 310.458
59.7938, 310.458
59.8391, 310.458
59.8569, 310.458
59.8804, 310.458
59.8903, 310.458
59.923, 310.458
59.9269, 310.458
59.9696, 310.458
59.9704, 310.458
59.9718, 310.458
60.0527, 310.458
60.058, 310.458
60.0823, 310.459
60.1317, 310.459
60.1346, 310.459
60.1418, 310.459
60.1846, 310.459
60.2018, 310.459
60.232, 310.459
60.2376, 310.459
60.2608, 310.459
60.2828, 310.459
60.3268, 310.459
60.3425, 310.459
60.3753, 310.459
60.38, 310.459
60.4296, 310.459
60.4374, 310.459
60.4638, 310.459
60.4771, 310.46
60.5224, 310.46
60.5691, 310.46
60.58, 310.46
60.5917, 310.46
60.6243, 310.46
60.6339, 310.46
60.6748, 310.46
60.6859, 310.46
60.7069, 310.46
60.7328, 310.46
60.7706, 310.46
60.806, 310.46
60.833, 310.46
60.8555, 310.46
60.8757, 310.46
60.9106, 310.461
60.9132, 310.461
60.9485, 310.461
60.9707, 310.461
60.979, 310.461
61, 310.461
61.0136, 310.461
61.0321, 310.461
61.1018, 310.461
61.1046, 310.461
61.1067, 310.461
61.1378, 310.461
61.1495, 310.461
61.2075, 310.461
61.2309, 310.461
61.2637, 310.461
61.2643, 310.461
61.307, 310.461
61.3203, 310.461
61.3342, 310.462
61.3646, 310.462
61.409, 310.462
61.4238, 310.462
61.4336, 310.462
61.4475, 310.462
61.4884, 310.462
61.5096, 310.462
61.5733, 310.462
61.6152, 310.462
61.6324, 310.462
61.6376, 310.462
61.6673, 310.462
61.6932, 310.462
61.738, 310.462
61.7598, 310.462
61.7958, 310.463
61.8357, 310.463
61.8663, 310.463
61.8987, 310.463
61.9213, 310.463
61.9645, 310.463
61.9914, 310.463
62.0158, 310.463
62.0376, 310.463
62.0506, 310.463
62.0616, 310.463
62.0909, 310.463
62.1053, 310.463
62.1161, 310.463
62.1289, 310.463
62.1468, 310.463
62.1719, 310.463
62.1942, 310.463
62.2048, 310.463
62.2141, 310.463
62.2599, 310.463
62.2778, 310.463
62.3007, 310.463
62.3032, 310.464
62.3257, 310.464
62.3548, 310.464
62.3578, 310.464
62.3987, 310.464
62.4068, 310.464
62.4206, 310.464
62.4478, 310.464
62.4949, 310.464
62.5098, 310.464
62.5288, 310.464
62.5997, 310.464
62.6321, 310.464
62.664, 310.464
62.7098, 310.464
62.7408, 310.464
62.7602, 310.464
62.7653, 310.464
62.7686, 310.464
62.816, 310.464
62.8176, 310.464
62.8346, 310.464
62.856, 310.464
62.8769, 310.465
62.9219, 310.465
62.9437, 310.465
62.9515, 310.465
62.9542, 310.465
62.9995, 310.465
63.0215, 310.465
63.0565, 310.465
63.0839, 310.465
63.1368, 310.465
63.1701, 310.465
63.2072, 310.465
63.2546, 310.465
63.2688, 310.465
63.3154, 310.465
63.3238, 310.465
63.387, 310.465
63.4189, 310.465
63.4657, 310.465
63.4903, 310.465
63.5314, 310.466
63.549, 310.466
63.5811, 310.466
63.5914, 310.466
63.6265, 310.466
63.6277, 310.466
63.6646, 310.466
63.6786, 310.466
63.6929, 310.466
63.7249, 310.466
63.7655, 310.466
63.7916, 310.466
63.8217, 310.466
63.8511, 310.466
63.884, 310.466
63.9055, 310.466
63.9289, 310.466
63.9714, 310.466
63.9737, 310.466
64.0277, 310.466
64.0431, 310.466
64.0765, 310.466
64.1045, 310.466
64.1235, 310.466
64.126, 310.466
64.1366, 310.466
64.1801, 310.466
64.2109, 310.466
64.232, 310.466
64.2874, 310.467
64.2977, 310.467
64.3565, 310.467
64.4098, 310.467
64.4195, 310.467
64.4291, 310.467
64.4833, 310.467
64.5427, 310.467
64.5541, 310.467
64.5639, 310.467
64.6028, 310.467
64.66, 310.467
64.6976, 310.467
64.7221, 310.467
64.7623, 310.467
64.8113, 310.467
64.8436, 310.467
64.8703, 310.467
64.8978, 310.467
64.9467, 310.467
64.9655, 310.467
64.9817, 310.467
64.9931, 310.467
65.0469, 310.467
65.061, 310.467
65.1032, 310.467
65.1445, 310.467
65.153, 310.467
65.1568, 310.467
65.1681, 310.467
65.2141, 310.468
65.2622, 310.468
65.2859, 310.468
65.326, 310.468
65.3352, 310.468
65.3457, 310.468
65.3766, 310.468
65.3951, 310.468
65.4265, 310.468
65.4424, 310.468
65.4981, 310.468
65.524, 310.468
65.546, 310.468
65.5759, 310.468
65.5954, 310.468
65.6245, 310.468
65.6375, 310.468
65.643, 310.468
65.7039, 310.468
65.7063, 310.468
65.7681, 310.468
65.8, 310.468
65.8091, 310.468
65.8462, 310.468
65.8554, 310.468
65.8783, 310.468
65.8993, 310.468
65.9175, 310.468
65.951, 310.468
65.9849, 310.468
66.0209, 310.468
66.0312, 310.468
66.0475, 310.468
66.0653, 310.468
66.0697, 310.468
66.1121, 310.468
66.1444, 310.468
66.1605, 310.468
66.201, 310.468
66.2383, 310.468
66.2599, 310.468
66.2767, 310.468
66.2944, 310.468
66.3311, 310.468
66.3582, 310.468
66.3934, 310.468
66.4213, 310.468
66.4371, 310.468
66.4802, 310.469
66.4971, 310.469
66.5068, 310.469
66.5477, 310.469
66.6069, 310.469
66.6286, 310.469
66.6599, 310.469
66.6646, 310.469
66.6948, 310.469
66.711, 310.469
66.7464, 310.469
66.7536, 310.469
66.7997, 310.469
66.8387, 310.469
66.8817, 310.469
66.8839, 310.469
66.8861, 310.469
66.9265, 310.469
66.9636, 310.469
66.9745, 310.469
67.0115, 310.469
67.0158, 310.469
67.0178, 310.469
67.0555, 310.469
67.0673, 310.469
67.0924, 310.469
67.1419, 310.469
67.1575, 310.469
67.1812, 310.469
67.2101, 310.469
67.234, 310.469
67.2594, 310.469
67.2889, 310.469
67.3544, 310.469
67.3678, 310.469
67.384, 310.469
67.4308, 310.469
67.4457, 310.469
67.4699, 310.469
67.4875, 310.469
67.5066, 310.469
67.5294, 310.469
67.5425, 310.469
67.5812, 310.469
67.5937, 310.469
67.6198, 310.469
67.6539, 310.469
67.7005, 310.469
67.7308, 310.469
67.7618, 310.469
67.8216, 310.469
67.8664, 310.469
67.8697, 310.469
67.913, 310.469
67.946, 310.469
67.9589, 310.469
68.0062, 310.469
68.0357, 310.469
68.0759, 310.469
68.1474, 310.469
68.1781, 310.469
68.1945, 310.469
68.2132, 310.469
68.2425, 310.469
68.2868, 310.469
68.3306, 310.469
68.3629, 310.469
68.3785, 310.469
68.4238, 310.469
68.4856, 310.469
68.4969, 310.469
68.5383, 310.469
68.578, 310.469
68.6196, 310.469
68.6286, 310.469
68.6951, 310.469
68.7088, 310.469
68.7546, 310.469
68.7967, 310.469
68.8348, 310.469
68.8555, 310.469
68.8851, 310.469
68.923, 310.469
68.9617, 310.469
68.9878, 310.469
69.0263, 310.469
69.0784, 310.469
69.0848, 310.469
69.0858, 310.469
69.0984, 310.469
69.135, 310.469
69.1775, 310.469
69.1891, 310.469
69.2042, 310.469
69.2326, 310.469
69.2881, 310.469
69.2901, 310.469
69.301, 310.469
69.3356, 310.469
69.3579, 310.469
69.3909, 310.469
69.4045, 310.469
69.4364, 310.469
69.4432, 310.469
69.4458, 310.469
69.4738, 310.469
69.4913, 310.469
69.5281, 310.469
69.5595, 310.469
69.5775, 310.469
69.5974, 310.469
69.6164, 310.469
69.6684, 310.469
69.711, 310.469
69.7224, 310.469
69.7647, 310.469
69.7737, 310.469
69.814, 310.469
69.8276, 310.469
69.8692, 310.469
69.9148, 310.469
69.92, 310.469
69.9635, 310.469
69.9685, 310.469
70.011, 310.469
70.0379, 310.469
70.0639, 310.469
70.112, 310.469
70.1174, 310.469
70.121, 310.469
70.19, 310.469
70.1952, 310.469
70.2265, 310.469
70.2391, 310.469
70.2749, 310.469
70.2857, 310.469
70.3035, 310.469
70.3147, 310.469
70.3504, 310.469
70.3549, 310.469
70.4141, 310.469
70.4142, 310.469
70.4931, 310.469
70.5139, 310.469
70.5499, 310.469
70.5602, 310.469
70.6034, 310.469
70.6202, 310.469
70.6354, 310.469
70.6888, 310.469
70.6958, 310.469
70.6977, 310.469
70.6999, 310.469
70.7425, 310.469
70.7876, 310.469
70.7952, 310.469
70.8263, 310.469
70.8302, 310.469
70.8339, 310.469
70.8656, 310.469
70.8798, 310.469
70.9032, 310.469
70.9206, 310.469
70.9591, 310.469
70.9754, 310.469
71.005, 310.469
71.018, 310.469
71.0354, 310.469
71.0585, 310.469
71.0676, 310.469
71.119, 310.469
71.1403, 310.469
71.2141, 310.469
71.2475, 310.469
71.2545, 310.469
71.2757, 310.469
71.3221, 310.469
71.3613, 310.469
71.3686, 310.469
71.3743, 310.469
71.4309, 310.469
71.4494, 310.469
71.4735, 310.469
71.4893, 310.469
71.5208, 310.469
71.5576, 310.469
71.5591, 310.469
71.6045, 310.469
71.6659, 310.469
71.6854, 310.469
71.6962, 310.469
71.7385, 310.469
71.7675, 310.469
71.7906, 310.469
71.848, 310.468
71.8698, 310.468
71.8998, 310.468
71.9499, 310.468
71.9858, 310.468
72.0167, 310.468
72.0287, 310.468
72.0375, 310.468
72.0713, 310.468
72.1035, 310.468
72.1666, 310.468
72.1882, 310.468
72.1908, 310.468
72.1947, 310.468
72.2358, 310.468
72.2656, 310.468
72.2714, 310.468
72.3044, 310.468
72.3443, 310.468
72.3541, 310.468
72.4095, 310.468
72.4336, 310.468
72.4896, 310.468
72.496, 310.468
72.4997, 310.468
72.5438, 310.468
72.5918, 310.468
72.6066, 310.468
72.6223, 310.468
72.6504, 310.468
72.7112, 310.468
72.7277, 310.468
72.7669, 310.468
72.7795, 310.468
72.7989, 310.468
72.8155, 310.468
72.8222, 310.468
72.8708, 310.468
72.8999, 310.468
72.9398, 310.468
72.976, 310.468
72.9853, 310.468
72.9932, 310.468
73.0162, 310.468
73.0607, 310.468
73.1085, 310.468
73.1584, 310.468
73.1862, 310.468
73.2073, 310.468
73.2582, 310.468
73.2622, 310.468
73.2969, 310.468
73.3214, 310.468
73.337, 310.468
73.3437, 310.468
73.3938, 310.468
73.4331, 310.468
73.476, 310.467
73.518, 310.467
73.5236, 310.467
73.5714, 310.467
73.6275, 310.467
73.6549, 310.467
73.6944, 310.467
73.7324, 310.467
73.7448, 310.467
73.7461, 310.467
73.7495, 310.467
73.8329, 310.467
73.843, 310.467
73.8525, 310.467
73.8768, 310.467
73.9041, 310.467
73.9801, 310.467
73.9814, 310.467
73.9846, 310.467
74.0638, 310.467
74.066, 310.467
74.0669, 310.467
74.1322, 310.467
74.1568, 310.467
74.2044, 310.467
74.2084, 310.467
74.2141, 310.467
74.2519, 310.467
74.2859, 310.467
74.3367, 310.467
74.3469, 310.467
74.3599, 310.467
74.3926, 310.467
74.4265, 310.467
74.4313, 310.467
74.4422, 310.467
74.4532, 310.467
74.5131, 310.467
74.5434, 310.467
74.553, 310.467
74.5641, 310.467
74.6069, 310.467
74.6471, 310.467
74.6759, 310.467
74.733, 310.466
74.7484, 310.466
74.7727, 310.466
74.7984, 310.466
74.8665, 310.466
74.8758, 310.466
74.8978, 310.466
74.9058, 310.466
74.9084, 310.466
74.9426, 310.466
74.9498, 310.466
74.992, 310.466
75.0575, 310.466
75.0636, 310.466
75.0855, 310.466
75.086, 310.466
75.1501, 310.466
75.163, 310.466
75.1666, 310.466
75.205, 310.466
75.2378, 310.466
75.2737, 310.466
75.2843, 310.466
75.2909, 310.466
75.3131, 310.466
75.3392, 310.466
75.3636, 310.466
75.3754, 310.466
75.4009, 310.466
75.4601, 310.466
75.4703, 310.466
75.4759, 310.466
75.4793, 310.466
75.518, 310.466
75.5575, 310.466
75.5829, 310.466
75.6424, 310.466
75.6791, 310.466
75.6948, 310.466
75.7121, 310.466
75.7399, 310.466
75.7862, 310.465
75.8026, 310.465
75.8395, 310.465
75.8695, 310.465
75.8936, 310.465
75.9369, 310.465
75.9606, 310.465
76.0077, 310.465
76.0794, 310.465
76.0807, 310.465
76.0825, 310.465
76.0887, 310.465
76.1309, 310.465
76.185, 310.465
76.188, 310.465
76.1892, 310.465
76.2245, 310.465
76.2913, 310.465
76.2938, 310.465
76.3388, 310.465
76.3415, 310.465
76.3491, 310.465
76.3595, 310.465
76.3746, 310.465
76.3982, 310.465
76.4211, 310.465
76.4321, 310.465
76.4508, 310.465
76.4912, 310.465
76.514, 310.465
76.5281, 310.465
76.5356, 310.465
76.5497, 310.465
76.5916, 310.465
76.5918, 310.465
76.5922, 310.465
76.613, 310.465
76.6325, 310.465
76.6366, 310.465
76.6425, 310.465
76.6494, 310.465
76.7031, 310.465
76.7063, 310.465
76.7309, 310.464
76.7673, 310.464
76.7733, 310.464
76.8168, 310.464
76.842, 310.464
76.864, 310.464
76.8778, 310.464
76.9007, 310.464
76.9368, 310.464
76.943, 310.464
76.9882, 310.464
76.9962, 310.464
77.0386, 310.464
77.052, 310.464
77.0889, 310.464
77.1025, 310.464
77.1605, 310.464
77.1801, 310.464
77.2057, 310.464
77.2211, 310.464
77.2322, 310.464
77.2433, 310.464
77.2767, 310.464
77.3188, 310.464
77.3301, 310.464
77.3537, 310.464
77.3934, 310.464
77.4048, 310.464
77.4284, 310.464
77.4369, 310.464
77.4801, 310.464
77.4815, 310.464
77.5164, 310.464
77.5567, 310.464
77.5638, 310.464
77.574, 310.464
77.6108, 310.463
77.6557, 310.463
77.6573, 310.463
77.6991, 310.463
77.7157, 310.463
77.7732, 310.463
77.8122, 310.463
77.8244, 310.463
77.8292, 310.463
77.8721, 310.463
77.8903, 310.463
77.9243, 310.463
77.926, 310.463
77.9298, 310.463
77.9748, 310.463
77.9914, 310.463
78.0252, 310.463
78.0539, 310.463
78.0598, 310.463
78.0719, 310.463
78.0757, 310.463
78.1196, 310.463
78.135, 310.463
78.1756, 310.463
78.2139, 310.463
78.2172, 310.463
78.2225, 310.463
78.2841, 310.463
78.3076, 310.463
78.3316, 310.463
78.3451, 310.463
78.3709, 310.463
78.4017, 310.463
78.4176, 310.463
78.4545, 310.462
78.4813, 310.462
78.5043, 310.462
78.5272, 310.462
78.5754, 310.462
78.6061, 310.462
78.6074, 310.462
78.6465, 310.462
78.6483, 310.462
78.6498, 310.462
78.6586, 310.462
78.7098, 310.462
78.7764, 310.462
78.7995, 310.462
78.8182, 310.462
78.8486, 310.462
78.858, 310.462
78.8988, 310.462
78.9335, 310.462
78.9457, 310.462
79.0216, 310.462
79.022, 310.462
79.0524, 310.462
79.0793, 310.462
79.0933, 310.462
79.176, 310.462
79.1808, 310.462
79.2253, 310.461
79.2322, 310.461
79.251, 310.461
79.2842, 310.461
79.3287, 310.461
79.3374, 310.461
79.3693, 310.461
79.4158, 310.461
79.4555, 310.461
79.4563, 310.461
79.4584, 310.461
79.5349, 310.461
79.5482, 310.461
79.5824, 310.461
79.6058, 310.461
79.6351, 310.461
79.6446, 310.461
79.646, 310.461
79.6741, 310.461
79.6869, 310.461
79.7107, 310.461
79.7269, 310.461
79.7603, 310.461
79.7756, 310.461
79.7853, 310.461
79.8276, 310.461
79.87, 310.461
79.8832, 310.461
79.9203, 310.461
79.9337, 310.461
79.9692, 310.46
79.9952, 310.46
80.0079, 310.46
80.0581, 310.46
80.0913, 310.46
80.1053, 310.46
80.1535, 310.46
80.1659, 310.46
80.1963, 310.46
80.209, 310.46
80.2322, 310.46
80.2504, 310.46
80.2593, 310.46
80.3478, 310.46
80.3484, 310.46
80.3485, 310.46
80.3486, 310.46
80.3909, 310.46
80.4291, 310.46
80.4906, 310.46
80.4972, 310.46
80.5275, 310.46
80.5349, 310.46
80.5404, 310.46
80.6066, 310.46
80.6116, 310.46
80.6134, 310.46
80.6605, 310.459
80.6782, 310.459
80.691, 310.459
80.6964, 310.459
80.7339, 310.459
80.7502, 310.459
80.7722, 310.459
80.8025, 310.459
80.8179, 310.459
80.8661, 310.459
80.8848, 310.459
80.8988, 310.459
80.9477, 310.459
80.9834, 310.459
81.0006, 310.459
81.0127, 310.459
81.0501, 310.459
81.0529, 310.459
81.0823, 310.459
81.1015, 310.459
81.1176, 310.459
81.159, 310.459
81.1799, 310.459
81.2188, 310.459
81.24, 310.459
81.2437, 310.459
81.2621, 310.459
81.3115, 310.459
81.3376, 310.459
81.343, 310.459
81.3538, 310.458
81.4255, 310.458
81.4598, 310.458
81.4693, 310.458
81.5135, 310.458
81.5196, 310.458
81.555, 310.458
81.572, 310.458
81.6047, 310.458
81.625, 310.458
81.6603, 310.458
81.6675, 310.458
81.6895, 310.458
81.7086, 310.458
81.7291, 310.458
81.7593, 310.458
81.7828, 310.458
81.8005, 310.458
81.8277, 310.458
81.8591, 310.458
81.8715, 310.458
81.9017, 310.458
81.9275, 310.458
81.9395, 310.458
81.9488, 310.458
81.9705, 310.458
82.0092, 310.458
82.0401, 310.457
82.0433, 310.457
82.0653, 310.457
82.0896, 310.457
82.1511, 310.457
82.1703, 310.457
82.2238, 310.457
82.233, 310.457
82.259, 310.457
82.2779, 310.457
82.3183, 310.457
82.3221, 310.457
82.3229, 310.457
82.3738, 310.457
82.3917, 310.457
82.4167, 310.457
82.4323, 310.457
82.4483, 310.457
82.479, 310.457
82.5304, 310.457
82.5382, 310.457
82.5863, 310.457
82.6032, 310.457
82.6409, 310.457
82.6705, 310.456
82.6976, 310.456
82.716, 310.456
82.7395, 310.456
82.794, 310.456
82.7953, 310.456
82.8261, 310.456
82.8362, 310.456
82.8387, 310.456
82.8834, 310.456
82.9048, 310.456
82.9363, 310.456
82.9589, 310.456
83.0072, 310.456
83.0321, 310.456
83.0519, 310.456
83.089, 310.456
83.1108, 310.456
83.1272, 310.456
83.1646, 310.456
83.1789, 310.456
83.198, 310.456
83.2085, 310.456
83.2295, 310.456
83.2365, 310.456
83.275, 310.456
83.295, 310.455
83.3052, 310.455
83.3497, 310.455
83.3538, 310.455
83.3562, 310.455
83.3969, 310.455
83.4434, 310.455
83.4505, 310.455
83.4903, 310.455
83.5401, 310.455
83.5432, 310.455
83.5639, 310.455
83.5858, 310.455
83.5883, 310.455
83.5985, 310.455
83.6496, 310.455
83.6608, 310.455
83.6902, 310.455
83.7045, 310.455
83.7143, 310.455
83.7389, 310.455
83.7677, 310.455
83.7824, 310.455
83.7877, 310.455
83.8149, 310.455
83.8718, 310.455
83.8739, 310.455
83.8794, 310.455
83.9045, 310.454
83.9543, 310.454
83.9975, 310.454
84.0099, 310.454
84.0157, 310.454
84.05, 310.454
84.054, 310.454
84.0562, 310.454
84.0715, 310.454
84.1153, 310.454
84.1487, 310.454
84.1587, 310.454
84.1696, 310.454
84.2111, 310.454
84.2673, 310.454
84.286, 310.454
84.3468, 310.454
84.3546, 310.454
84.3845, 310.454
84.4449, 310.454
84.4567, 310.454
84.5155, 310.453
84.5261, 310.453
84.5469, 310.453
84.5941, 310.453
84.6266, 310.453
84.6495, 310.453
84.659, 310.453
84.6907, 310.453
84.7021, 310.453
84.7292, 310.453
84.771, 310.453
84.7781, 310.453
84.8183, 310.453
84.822, 310.453
84.8433, 310.453
84.8672, 310.453
84.8713, 310.453
84.9024, 310.453
84.9107, 310.453
84.9117, 310.453
84.9205, 310.453
85.0033, 310.453
85.0346, 310.453
85.0411, 310.453
85.0635, 310.453
85.107, 310.452
85.1429, 310.452
85.1574, 310.452
85.1849, 310.452
85.1942, 310.452
85.237, 310.452
85.2638, 310.452
85.2824, 310.452
85.2978, 310.452
85.3528, 310.452
85.3778, 310.452
85.4073, 310.452
85.4085, 310.452
85.4626, 310.452
85.4987, 310.452
85.511, 310.452
85.5332, 310.452
85.5551, 310.452
85.5596, 310.452
85.5927, 310.452
85.6227, 310.452
85.6661, 310.451
85.6893, 310.451
85.7198, 310.451
85.7743, 310.451
85.8027, 310.451
85.8275, 310.451
85.8588, 310.451
85.88, 310.451
85.9288, 310.451
85.9317, 310.451
85.9791, 310.451
86.0016, 310.451
86.0299, 310.451
86.0393, 310.451
86.053, 310.451
86.0758, 310.451
86.1007, 310.451
86.1097, 310.451
86.1444, 310.451
86.1645, 310.451
86.1821, 310.451
86.1862, 310.451
86.2263, 310.451
86.2556, 310.45
86.279, 310.45
86.2993, 310.45
86.3292, 310.45
86.3772, 310.45
86.4065, 310.45
86.4416, 310.45
86.449, 310.45
86.4837, 310.45
86.4887, 310.45
86.5076, 310.45
86.5357, 310.45
86.5424, 310.45
86.5912, 310.45
86.6583, 310.45
86.6649, 310.45
86.6662, 310.45
86.671, 310.45
86.7155, 310.45
86.7606, 310.45
86.7891, 310.449
86.8079, 310.449
86.8627, 310.449
86.8963, 310.449
86.9244, 310.449
86.9603, 310.449
86.9844, 310.449
87.0481, 310.449
87.0646, 310.449
87.0714, 310.449
87.1438, 310.449
87.1475, 310.449
87.178, 310.449
87.2095, 310.449
87.2299, 310.449
87.2753, 310.449
87.299, 310.449
87.3244, 310.449
87.3832, 310.448
87.394, 310.448
87.3963, 310.448
87.457, 310.448
87.4814, 310.448
87.5109, 310.448
87.5161, 310.448
87.5384, 310.448
87.5578, 310.448
87.5935, 310.448
87.6263, 310.448
87.6546, 310.448
87.6754, 310.448
87.7044, 310.448
87.7202, 310.448
87.7429, 310.448
87.791, 310.448
87.7988, 310.448
87.8206, 310.448
87.8315, 310.448
87.8603, 310.448
87.8889, 310.447
87.9212, 310.447
87.9384, 310.447
87.9442, 310.447
87.9968, 310.447
88.0186, 310.447
88.042, 310.447
88.0484, 310.447
88.0579, 310.447
88.0802, 310.447
88.1155, 310.447
88.1298, 310.447
88.1572, 310.447
88.1737, 310.447
88.1952, 310.447
88.2048, 310.447
88.2196, 310.447
88.2399, 310.447
88.2667, 310.447
88.282, 310.447
88.3341, 310.447
88.3418, 310.447
88.3455, 310.447
88.3503, 310.447
88.3971, 310.447
88.4508, 310.446
88.4922, 310.446
88.5038, 310.446
88.5407, 310.446
88.5574, 310.446
88.5818, 310.446
88.6211, 310.446
88.6364, 310.446
88.6404, 310.446
88.6439, 310.446
88.6757, 310.446
88.7163, 310.446
88.7499, 310.446
88.7798, 310.446
88.8156, 310.446
88.8664, 310.446
88.8731, 310.446
88.911, 310.446
88.9337, 310.445
88.9659, 310.445
89.0178, 310.445
89.0219, 310.445
89.0691, 310.445
89.1069, 310.445
89.1142, 310.445
89.1748, 310.445
89.2007, 310.445
89.2244, 310.445
89.2414, 310.445
89.2809, 310.445
89.3019, 310.445
89.3513, 310.445
89.3885, 310.445
89.4062, 310.445
89.4115, 310.445
89.4243, 310.445
89.4526, 310.444
89.469, 310.444
89.5409, 310.444
89.5768, 310.444
89.6053, 310.444
89.6501, 310.444
89.674, 310.444
89.6768, 310.444
89.7103, 310.444
89.7195, 310.444
89.7202, 310.444
89.7211, 310.444
89.7224, 310.444
89.773, 310.444
89.8186, 310.444
89.8202, 310.444
89.8285, 310.444
89.8602, 310.444
89.8654, 310.444
89.9266, 310.444
89.9336, 310.444
89.9549, 310.443
89.959, 310.443
90.0058, 310.443
90.0287, 310.443
90.0433, 310.443
90.0779, 310.443
90.1019, 310.443
90.1594, 310.443
90.1761, 310.443
90.1789, 310.443
90.2143, 310.443
90.2239, 310.443
90.26, 310.443
90.281, 310.443
90.3342, 310.443
90.3493, 310.443
90.3778, 310.443
90.4048, 310.443
90.405, 310.443
90.4052, 310.443
90.4566, 310.442
90.4952, 310.442
90.5023, 310.442
90.5449, 310.442
90.5978, 310.442
90.6075, 310.442
90.6136, 310.442
90.6555, 310.442
90.6964, 310.442
90.7229, 310.442
90.7372, 310.442
90.7927, 310.442
90.8013, 310.442
90.8505, 310.442
90.8926, 310.442
90.8976, 310.442
90.9139, 310.442
90.9544, 310.441
90.9569, 310.441
90.9866, 310.441
91.0407, 310.441
91.078, 310.441
91.1117, 310.441
91.1302, 310.441
91.18, 310.441
91.2163, 310.441
91.222, 310.441
91.2463, 310.441
91.2636, 310.441
91.2832, 310.441
91.3167, 310.441
91.3398, 310.441
91.3757, 310.441
91.3831, 310.441
91.3988, 310.441
91.442, 310.441
91.4545, 310.44
91.4774, 310.44
91.5319, 310.44
91.5508, 310.44
91.5805, 310.44
91.5894, 310.44
91.6339, 310.44
91.6857, 310.44
91.6859, 310.44
91.6861, 310.44
91.6862, 310.44
91.6879, 310.44
91.7446, 310.44
91.7569, 310.44
91.7959, 310.44
91.8336, 310.44
91.8657, 310.44
91.8853, 310.44
91.8961, 310.44
91.9377, 310.439
91.947, 310.439
91.9493, 310.439
91.9944, 310.439
92.0087, 310.439
92.0149, 310.439
92.0554, 310.439
92.0843, 310.439
92.0999, 310.439
92.146, 310.439
92.1542, 310.439
92.2004, 310.439
92.2065, 310.439
92.2511, 310.439
92.318, 310.439
92.3599, 310.439
92.363, 310.439
92.3647, 310.439
92.371, 310.439
92.416, 310.438
92.4628, 310.438
92.4978, 310.438
92.5254, 310.438
92.5382, 310.438
92.5738, 310.438
92.575, 310.438
92.6099, 310.438
92.6388, 310.438
92.6736, 310.438
92.6764, 310.438
92.7199, 310.438
92.7757, 310.438
92.7825, 310.438
92.82, 310.438
92.8282, 310.438
92.8478, 310.438
92.8656, 310.438
92.9161, 310.437
92.9307, 310.437
92.9815, 310.437
92.9873, 310.437
93.0108, 310.437
93.0466, 310.437
93.0577, 310.437
93.0921, 310.437
93.0941, 310.437
93.1142, 310.437
93.1451, 310.437
93.1842, 310.437
93.2007, 310.437
93.2281, 310.437
93.2636, 310.437
93.278, 310.437
93.2954, 310.437
93.3361, 310.437
93.3612, 310.437
93.3921, 310.436
93.4049, 310.436
93.4102, 310.436
93.4436, 310.436
93.4522, 310.436
93.4589, 310.436
93.492, 310.436
93.5222, 310.436
93.5248, 310.436
93.5677, 310.436
93.571, 310.436
93.6087, 310.436
93.634, 310.436
93.6455, 310.436
93.6833, 310.436
93.6915, 310.436
93.7038, 310.436
93.7319, 310.436
93.7411, 310.436
93.7751, 310.436
93.7768, 310.436
93.7776, 310.436
93.825, 310.436
93.8355, 310.436
93.8761, 310.435
93.892, 310.435
93.9371, 310.435
93.9437, 310.435
93.9708, 310.435
93.9944, 310.435
94.0389, 310.435
94.0518, 310.435
94.0881, 310.435
94.1286, 310.435
94.1928, 310.435
94.1936, 310.435
94.1986, 310.435
94.241, 310.435
94.2526, 310.435
94.2788, 310.435
94.2872, 310.435
94.2977, 310.435
94.3171, 310.434
94.3265, 310.434
94.3789, 310.434
94.387, 310.434
94.4181, 310.434
94.428, 310.434
94.4319, 310.434
94.4968, 310.434
94.5475, 310.434
94.5756, 310.434
94.623, 310.434
94.627, 310.434
94.691, 310.434
94.6948, 310.434
94.6949, 310.434
94.6951, 310.434
94.6952, 310.434
94.7035, 310.434
94.7677, 310.433
94.7766, 310.433
94.8356, 310.433
94.9049, 310.433
94.9696, 310.433
94.9697, 310.433
94.9697, 310.433
94.9697, 310.433
95.0797, 310.433
95.1026, 310.433
95.1374, 310.433
95.1542, 310.433
95.1911, 310.433
95.2159, 310.433
95.2542, 310.432
95.3086, 310.432
95.3129, 310.432
95.3158, 310.432
95.3173, 310.432
95.3288, 310.432
95.3759, 310.432
95.4071, 310.432
95.423, 310.432
95.4442, 310.432
95.4625, 310.432
95.4702, 310.432
95.514, 310.432
95.5198, 310.432
95.5636, 310.432
95.5647, 310.432
95.5673, 310.432
95.626, 310.432
95.6635, 310.432
95.6801, 310.432
95.7221, 310.431
95.7723, 310.431
95.7891, 310.431
95.8085, 310.431
95.8216, 310.431
95.8536, 310.431
95.8774, 310.431
95.8984, 310.431
95.9, 310.431
95.9355, 310.431
95.9555, 310.431
96.0019, 310.431
96.0209, 310.431
96.0528, 310.431
96.072, 310.431
96.0815, 310.431
96.1006, 310.431
96.1244, 310.431
96.1668, 310.43
96.1738, 310.43
96.2262, 310.43
96.244, 310.43
96.2732, 310.43
96.3063, 310.43
96.3492, 310.43
96.366, 310.43
96.3706, 310.43
96.3821, 310.43
96.4347, 310.43
96.4689, 310.43
96.4927, 310.43
96.5334, 310.43
96.5427, 310.43
96.5696, 310.43
96.5807, 310.43
96.606, 310.429
96.6064, 310.429
96.6451, 310.429
96.6799, 310.429
96.6851, 310.429
96.6901, 310.429
96.7537, 310.429
96.7684, 310.429
96.7763, 310.429
96.825, 310.429
96.8639, 310.429
96.8778, 310.429
96.9372, 310.429
96.9778, 310.429
97.0204, 310.429
97.0645, 310.428
97.0836, 310.428
97.1076, 310.428
97.1729, 310.428
97.1774, 310.428
97.1879, 310.428
97.2299, 310.428
97.2369, 310.428
97.2674, 310.428
97.2833, 310.428
97.3094, 310.428
97.3308, 310.428
97.3631, 310.428
97.4088, 310.428
97.4194, 310.428
97.4474, 310.428
97.4585, 310.428
97.4686, 310.428
97.5109, 310.427
97.5465, 310.427
97.599, 310.427
97.6432, 310.427
97.6554, 310.427
97.6587, 310.427
97.6619, 310.427
97.7014, 310.427
97.7414, 310.427
97.7573, 310.427
97.7751, 310.427
97.8173, 310.427
97.8287, 310.427
97.8624, 310.427
97.8864, 310.427
97.9529, 310.426
97.9618, 310.426
97.9655, 310.426
97.9775, 310.426
98.0267, 310.426
98.0525, 310.426
98.0737, 310.426
98.1249, 310.426
98.1438, 310.426
98.1755, 310.426
98.2004, 310.426
98.2168, 310.426
98.2482, 310.426
98.2624, 310.426
98.2717, 310.426
98.3163, 310.426
98.3196, 310.426
98.3259, 310.426
98.349, 310.426
98.359, 310.426
98.374, 310.425
98.4092, 310.425
98.4094, 310.425
98.4098, 310.425
98.4109, 310.425
98.4903, 310.425
98.4928, 310.425
98.4939, 310.425
98.5318, 310.425
98.5376, 310.425
98.5463, 310.425
98.6002, 310.425
98.625, 310.425
98.6455, 310.425
98.7025, 310.425
98.7591, 310.425
98.7733, 310.425
98.7987, 310.425
98.8072, 310.425
98.8747, 310.424
98.8969, 310.424
98.9316, 310.424
98.9728, 310.424
98.9793, 310.424
99.0057, 310.424
99.05, 310.424
99.0556, 310.424
99.1126, 310.424
99.1561, 310.424
99.1801, 310.424
99.19, 310.424
99.2045, 310.424
99.2321, 310.424
99.234, 310.424
99.2697, 310.423
99.2774, 310.423
99.3101, 310.423
99.3243, 310.423
99.3537, 310.423
99.3928, 310.423
99.4054, 310.423
99.4399, 310.423
99.4681, 310.423
99.4921, 310.423
99.5606, 310.423
99.5706, 310.423
99.6134, 310.423
99.6688, 310.423
99.6693, 310.423
99.7149, 310.422
99.7422, 310.422
99.758, 310.422
99.7725, 310.422
99.8182, 310.422
99.8231, 310.422
99.8308, 310.422
99.881, 310.422
99.8969, 310.422
99.9284, 310.422
99.958, 310.422
99.9689, 310.422
99.9829, 310.422
99.9941, 310.422
100.025, 310.422
100.053, 310.422
100.113, 310.422
100.127, 310.422
100.178, 310.421
100.19, 310.421
100.2, 310.421
100.214, 310.421
100.27, 310.421
100.326, 310.421
100.328, 310.421
100.335, 310.421
100.384, 310.421
100.426, 310.421
100.44, 310.421
100.447, 310.421
100.466, 310.421
100.502, 310.421
100.518, 310.421
100.533, 310.421
100.554, 310.421
100.567, 310.421
100.63, 310.42
100.632, 310.42
100.632, 310.42
100.671, 310.42
100.678, 310.42
100.728, 310.42
100.734, 310.42
100.77, 310.42
100.777, 310.42
100.811, 310.42
100.816, 310.42
100.819, 310.42
100.845, 310.42
100.855, 310.42
100.896, 310.42
100.901, 310.42
100.939, 310.42
100.961, 310.42
100.968, 310.42
101.024, 310.419
101.063, 310.419
101.081, 310.419
101.085, 310.419
101.137, 310.419
101.149, 310.419
101.182, 310.419
101.235, 310.419
101.255, 310.419
101.277, 310.419
101.317, 310.419
101.346, 310.419
101.393, 310.419
101.41, 310.419
101.465, 310.418
101.503, 310.418
101.51, 310.418
101.562, 310.418
101.585, 310.418
101.615, 310.418
101.627, 310.418
101.661, 310.418
101.697, 310.418
101.712, 310.418
101.753, 310.418
101.785, 310.418
101.797, 310.418
101.828, 310.418
101.836, 310.418
101.886, 310.418
101.886, 310.418
101.959, 310.417
101.988, 310.417
101.997, 310.417
102.002, 310.417
102.014, 310.417
102.022, 310.417
102.049, 310.417
102.063, 310.417
102.099, 310.417
102.106, 310.417
102.117, 310.417
102.18, 310.417
102.21, 310.417
102.219, 310.417
102.247, 310.417
102.285, 310.417
102.3, 310.417
102.312, 310.417
102.338, 310.417
102.36, 310.416
102.38, 310.416
102.393, 310.416
102.422, 310.416
102.424, 310.416
102.426, 310.416
102.452, 310.416
102.471, 310.416
102.496, 310.416
102.552, 310.416
102.556, 310.416
102.579, 310.416
102.595, 310.416
102.616, 310.416
102.655, 310.416
102.664, 310.416
102.687, 310.416
102.713, 310.416
102.748, 310.416
102.773, 310.416
102.833, 310.415
102.838, 310.415
102.875, 310.415
102.895, 310.415
102.921, 310.415
102.965, 310.415
102.969, 310.415
102.971, 310.415
103.01, 310.415
103.042, 310.415
103.053, 310.415
103.084, 310.415
103.118, 310.415
103.12, 310.415
103.122, 310.415
103.161, 310.415
103.197, 310.415
103.198, 310.415
103.199, 310.415
103.308, 310.414
103.326, 310.414
103.335, 310.414
103.363, 310.414
103.388, 310.414
103.443, 310.414
103.502, 310.414
103.508, 310.414
103.508, 310.414
103.51, 310.414
103.555, 310.414
103.597, 310.414
103.611, 310.414
103.619, 310.414
103.69, 310.414
103.718, 310.414
103.741, 310.413
103.769, 310.413
103.78, 310.413
103.833, 310.413
103.843, 310.413
103.847, 310.413
103.861, 310.413
103.883, 310.413
103.905, 310.413
103.945, 310.413
103.986, 310.413
104.007, 310.413
104.047, 310.413
104.074, 310.413
104.084, 310.413
104.152, 310.413
104.17, 310.413
104.198, 310.412
104.206, 310.412
104.216, 310.412
104.257, 310.412
104.28, 310.412
104.294, 310.412
104.371, 310.412
104.378, 310.412
104.405, 310.412
104.411, 310.412
104.45, 310.412
104.465, 310.412
104.497, 310.412
104.518, 310.412
104.541, 310.412
104.576, 310.412
104.579, 310.412
104.584, 310.412
104.647, 310.412
104.672, 310.411
104.707, 310.411
104.734, 310.411
104.752, 310.411
104.761, 310.411
104.819, 310.411
104.82, 310.411
104.821, 310.411
104.897, 310.411
104.909, 310.411
104.927, 310.411
104.962, 310.411
104.992, 310.411
105.011, 310.411
105.063, 310.411
105.066, 310.411
105.076, 310.411
105.117, 310.411
105.152, 310.41
105.157, 310.41
105.169, 310.41
105.209, 310.41
105.253, 310.41
105.264, 310.41
105.329, 310.41
105.361, 310.41
105.368, 310.41
105.392, 310.41
105.403, 310.41
105.45, 310.41
105.511, 310.41
105.547, 310.41
105.575, 310.41
105.595, 310.41
105.639, 310.409
105.644, 310.409
105.669, 310.409
105.69, 310.409
105.721, 310.409
105.728, 310.409
105.805, 310.409
105.81, 310.409
105.819, 310.409
105.825, 310.409
105.863, 310.409
105.902, 310.409
105.927, 310.409
105.961, 310.409
105.974, 310.409
105.998, 310.409
106.021, 310.409
106.03, 310.409
106.07, 310.409
106.072, 310.409
106.08, 310.409
106.126, 310.409
106.132, 310.409
106.14, 310.409
106.17, 310.408
106.222, 310.408
106.278, 310.408
106.281, 310.408
106.323, 310.408
106.342, 310.408
106.391, 310.408
106.412, 310.408
106.447, 310.408
106.457, 310.408
106.468, 310.408
106.502, 310.408
106.519, 310.408
106.532, 310.408
106.568, 310.408
106.615, 310.408
106.622, 310.408
106.626, 310.408
106.727, 310.407
106.73, 310.407
106.802, 310.407
106.824, 310.407
106.841, 310.407
106.859, 310.407
106.883, 310.407
106.889, 310.407
106.897, 310.407
106.963, 310.407
106.97, 310.407
107.005, 310.407
107.063, 310.407
107.064, 310.407
107.065, 310.407
107.104, 310.407
107.12, 310.407
107.142, 310.407
107.158, 310.407
107.174, 310.407
107.216, 310.407
107.233, 310.406
107.279, 310.406
107.285, 310.406
107.331, 310.406
107.348, 310.406
107.393, 310.406
107.45, 310.406
107.526, 310.406
107.561, 310.406
107.574, 310.406
107.584, 310.406
107.603, 310.406
107.622, 310.406
107.662, 310.406
107.675, 310.406
107.707, 310.406
107.745, 310.406
107.761, 310.406
107.769, 310.406
107.81, 310.406
107.838, 310.405
107.885, 310.405
107.899, 310.405
107.928, 310.405
107.938, 310.405
107.992, 310.405
107.996, 310.405
108.051, 310.405
108.053, 310.405
108.11, 310.405
108.136, 310.405
108.173, 310.405
108.18, 310.405
108.23, 310.405
108.236, 310.405
108.238, 310.405
108.28, 310.405
108.302, 310.405
108.331, 310.405
108.353, 310.405
108.36, 310.405
108.378, 310.405
108.409, 310.405
108.422, 310.405
108.455, 310.405
108.5, 310.404
108.502, 310.404
108.575, 310.404
108.582, 310.404
108.625, 310.404
108.638, 310.404
108.679, 310.404
108.715, 310.404
108.725, 310.404
108.753, 310.404
108.776, 310.404
108.821, 310.404
108.854, 310.404
108.863, 310.404
108.873, 310.404
108.907, 310.404
108.946, 310.404
108.979, 310.404
109.016, 310.404
109.038, 310.404
109.038, 310.404
109.056, 310.404
109.064, 310.404
109.116, 310.404
109.143, 310.404
109.167, 310.404
109.179, 310.404
109.199, 310.404
109.207, 310.404
109.219, 310.404
109.259, 310.404
109.314, 310.403
109.328, 310.403
109.332, 310.403
109.34, 310.403
109.382, 310.403
109.434, 310.403
109.451, 310.403
109.524, 310.403
109.531, 310.403
109.577, 310.403
109.601, 310.403
109.622, 310.403
109.624, 310.403
109.648, 310.403
109.674, 310.403
109.735, 310.403
109.748, 310.403
109.758, 310.403
109.779, 310.403
109.807, 310.403
109.839, 310.403
109.895, 310.403
109.952, 310.403
110, 310.403
110.145, 310.4
110.158, 310.399
110.25, 310.398
110.425, 310.395
110.506, 310.394
110.582, 310.394
110.586, 310.394
111, 310.391


