X,T
6.61744e-18, 310.15
0.218929, 310.15
0.550309, 310.15
0.594245, 310.15
0.63223, 310.15
1.0221, 310.15
1.09653, 310.15
1.3127, 310.15
1.50767, 310.15
1.82249, 310.15
1.84818, 310.15
1.89406, 310.15
2.39258, 310.15
2.59809, 310.15
2.80939, 310.15
3.03114, 310.15
3.23573, 310.15
3.44789, 310.15
3.48652, 310.15
3.63828, 310.15
4.11593, 310.15
4.19606, 310.15
4.40834, 310.15
4.79507, 310.15
4.9333, 310.15
5.34396, 310.15
5.57963, 310.15
5.64073, 310.15
5.79769, 310.15
5.90374, 310.15
6.46707, 310.15
6.64901, 310.15
7.06043, 310.15
7.21256, 310.15
7.25458, 310.15
7.45405, 310.15
7.502, 310.15
8.11755, 310.15
8.16551, 310.15
8.53045, 310.15
8.62974, 310.15
8.83777, 310.15
9.14863, 310.15
9.21694, 310.15
9.2713, 310.15
9.65989, 310.15
9.99864, 310.15
10.2615, 310.15
10.4199, 310.15
10.4832, 310.15
10.7966, 310.15
10.8691, 310.15
11.0844, 310.15
11.3109, 310.15
11.574, 310.15
11.6794, 310.15
11.8032, 310.15
11.9853, 310.15
12.3235, 310.15
12.3982, 310.15
12.4175, 310.15
12.4711, 310.15
12.9605, 310.15
13.342, 310.15
13.5497, 310.15
13.659, 310.15
14.125, 310.15
14.1801, 310.15
14.6647, 310.15
14.76, 310.15
14.9756, 310.15
15.0007, 310.15
15.3889, 310.15
15.4864, 310.15
15.5638, 310.15
16.0141, 310.15
16.0475, 310.15
16.7868, 310.15
16.8102, 310.15
16.8267, 310.15
16.8577, 310.15
16.89, 310.15
16.9053, 310.15
16.947, 310.15
17.0954, 310.15
17.6533, 310.15
17.8684, 310.15
18.1183, 310.15
18.4107, 310.15
18.44, 310.15
18.7679, 310.15
18.781, 310.15
19.2986, 310.15
19.6503, 310.15
19.6862, 310.15
19.7037, 310.15
19.8208, 310.15
20.2753, 310.15
20.5018, 310.15
20.5736, 310.15
20.8955, 310.15
21.1019, 310.15
21.2044, 310.15
21.3189, 310.15
21.7144, 310.15
21.7239, 310.15
21.7306, 310.15
22.0058, 310.15
22.363, 310.15
22.5026, 310.15
22.5691, 310.15
22.7206, 310.15
22.9654, 310.15
23.1356, 310.15
23.5455, 310.15
23.5616, 310.15
23.5836, 310.15
24.037, 310.15
24.1319, 310.15
24.3547, 310.15
24.8164, 310.15
24.8368, 310.15
24.9714, 310.15
25.3511, 310.15
25.6705, 310.15
25.7847, 310.15
25.8695, 310.15
26.3709, 310.15
26.4035, 310.15
26.4737, 310.15
26.8378, 310.15
26.8816, 310.15
27.1544, 310.15
27.2015, 310.15
27.5661, 310.15
27.8455, 310.15
28.0003, 310.15
28.0412, 310.15
28.3352, 310.15
28.4807, 310.15
28.7955, 310.15
29.0975, 310.15
29.1346, 310.15
29.1527, 310.15
29.587, 310.15
29.8672, 310.15
30.3046, 310.151
30.3454, 310.151
30.4202, 310.151
30.6629, 310.151
30.9181, 310.151
31.061, 310.151
31.1452, 310.151
31.2318, 310.151
31.263, 310.151
31.4288, 310.151
31.4665, 310.151
31.5333, 310.151
31.816, 310.151
31.8832, 310.151
31.972, 310.151
32.4293, 310.151
32.4431, 310.151
32.6588, 310.151
33.1046, 310.151
33.2266, 310.151
33.5126, 310.151
33.7384, 310.151
33.7732, 310.151
33.9857, 310.151
34.1117, 310.151
34.438, 310.151
34.6161, 310.151
34.7378, 310.151
34.8568, 310.151
35.286, 310.151
35.4638, 310.151
35.8273, 310.151
35.8558, 310.151
36.0342, 310.151
36.0868, 310.151
37.0021, 310.151
37.0041, 310.151
37.0085, 310.151
37.3371, 310.151
37.6716, 310.151
37.7801, 310.151
38.0592, 310.151
38.2015, 310.151
38.3019, 310.151
38.4377, 310.151
38.807, 310.152
38.8196, 310.152
38.8365, 310.152
39.1903, 310.152
39.5504, 310.152
39.5622, 310.152
39.5691, 310.152
39.9789, 310.152
40.2294, 310.152
40.3863, 310.152
40.5716, 310.152
40.8754, 310.152
41.2023, 310.152
41.2219, 310.152
41.267, 310.152
41.3313, 310.152
41.4548, 310.152
41.5281, 310.152
41.8809, 310.152
42.0773, 310.152
42.1162, 310.152
42.395, 310.152
42.4632, 310.152
42.8927, 310.153
42.9779, 310.153
43.1941, 310.153
43.77, 310.153
43.7876, 310.153
43.8095, 310.153
43.819, 310.153
43.8612, 310.153
44.4594, 310.153
44.5321, 310.153
44.9012, 310.153
44.9892, 310.154
45.0127, 310.154
45.0645, 310.154
45.1188, 310.154
45.1803, 310.154
45.9582, 310.154
46.2566, 310.154
46.3333, 310.154
46.3972, 310.154
46.7096, 310.154
46.7535, 310.154
46.8871, 310.155
47.3672, 310.155
47.6186, 310.155
48.1408, 310.155
48.196, 310.156
48.2549, 310.156
48.7849, 310.156
49.0936, 310.156
49.1162, 310.156
49.2079, 310.156
49.3066, 310.156
49.3718, 310.157
50.1248, 310.157
50.163, 310.157
50.2722, 310.157
50.4819, 310.158
50.8833, 310.158
50.9845, 310.158
51.2781, 310.159
51.5548, 310.159
51.5722, 310.159
51.9915, 310.16
52.2132, 310.16
52.3394, 310.16
52.416, 310.16
52.4589, 310.16
52.8136, 310.161
53.2464, 310.162
53.4094, 310.162
53.4628, 310.162
53.5635, 310.162
53.8184, 310.163
54.3386, 310.164
54.4645, 310.164
54.839, 310.165
54.8561, 310.165
55.222, 310.166
55.2973, 310.167
55.5022, 310.167
55.9584, 310.169
56.3453, 310.17
56.4304, 310.17
56.7283, 310.171
56.985, 310.173
57.3087, 310.174
57.4281, 310.175
57.5979, 310.176
57.669, 310.176
57.7033, 310.176
57.853, 310.177
57.8712, 310.178
57.882, 310.178
58, 310.179
58.0443, 310.179
58.0895, 310.179
58.0966, 310.179
58.1251, 310.179
58.1477, 310.179
58.1706, 310.179
58.1875, 310.179
58.2133, 310.179
58.2265, 310.179
58.2607, 310.179
58.2888, 310.179
58.2944, 310.179
58.3032, 310.179
58.376, 310.179
58.4029, 310.179
58.4729, 310.179
58.4869, 310.179
58.5008, 310.179
58.5452, 310.179
58.5513, 310.179
58.5534, 310.179
58.6135, 310.179
58.6249, 310.179
58.6755, 310.179
58.7015, 310.179
58.7437, 310.179
58.7787, 310.179
58.7921, 310.179
58.8215, 310.179
58.8674, 310.179
58.8723, 310.179
58.9027, 310.179
58.9031, 310.179
58.9044, 310.179
58.9568, 310.179
58.9977, 310.179
58.9991, 310.179
59.0025, 310.179
59.0195, 310.179
59.045, 310.179
59.0472, 310.179
59.0938, 310.179
59.1153, 310.179
59.1395, 310.179
59.1551, 310.179
59.1781, 310.179
59.1947, 310.179
59.262, 310.179
59.287, 310.179
59.2981, 310.179
59.3307, 310.179
59.3856, 310.179
59.4202, 310.179
59.4302, 310.179
59.4422, 310.179
59.469, 310.179
59.4877, 310.179
59.5097, 310.179
59.5379, 310.179
59.555, 310.179
59.5636, 310.179
59.5974, 310.179
59.609, 310.179
59.6123, 310.179
59.6776, 310.179
59.686, 310.179
59.7125, 310.179
59.7297, 310.179
59.7498, 310.179
59.7625, 310.179
59.778, 310.179
59.7881, 310.179
59.8422, 310.179
59.8482, 310.179
59.8967, 310.179
59.8991, 310.179
59.923, 310.179
59.9843, 310.179
60.0112, 310.179
60.0478, 310.179
60.0501, 310.179
60.0556, 310.179
60.0754, 310.179
60.0965, 310.179
60.1089, 310.179
60.1375, 310.179
60.1777, 310.18
60.2182, 310.18
60.2231, 310.18
60.2301, 310.18
60.2703, 310.18
60.2772, 310.18
60.314, 310.18
60.3227, 310.18
60.3277, 310.18
60.3723, 310.18
60.398, 310.18
60.4031, 310.18
60.4469, 310.18
60.4644, 310.18
60.5061, 310.18
60.5456, 310.18
60.5718, 310.18
60.5905, 310.18
60.6161, 310.18
60.6386, 310.18
60.6696, 310.18
60.6699, 310.18
60.7207, 310.18
60.7341, 310.18
60.7466, 310.18
60.7652, 310.18
60.7854, 310.18
60.792, 310.18
60.8051, 310.18
60.8592, 310.18
60.8637, 310.18
60.9087, 310.18
60.9484, 310.18
60.9608, 310.18
60.9624, 310.18
60.9663, 310.18
61.0239, 310.18
61.0591, 310.18
61.0706, 310.18
61.1033, 310.18
61.1391, 310.18
61.1917, 310.18
61.2853, 310.18
61.2861, 310.18
61.2864, 310.18
61.3287, 310.18
61.3456, 310.18
61.3769, 310.18
61.3972, 310.18
61.4387, 310.18
61.4616, 310.18
61.491, 310.18
61.5509, 310.18
61.5648, 310.18
61.6045, 310.18
61.6252, 310.18
61.6416, 310.18
61.666, 310.181
61.6859, 310.181
61.736, 310.181
61.7589, 310.181
61.7642, 310.181
61.8214, 310.181
61.8353, 310.181
61.8903, 310.181
61.898, 310.181
61.9474, 310.181
61.9678, 310.181
62.0089, 310.181
62.0498, 310.181
62.0511, 310.181
62.1055, 310.181
62.1176, 310.181
62.1211, 310.181
62.1444, 310.181
62.1608, 310.181
62.2123, 310.181
62.2305, 310.181
62.2689, 310.181
62.2796, 310.181
62.2858, 310.181
62.2951, 310.181
62.3308, 310.181
62.3747, 310.181
62.3802, 310.181
62.3832, 310.181
62.4241, 310.181
62.4514, 310.181
62.4558, 310.181
62.4585, 310.181
62.4863, 310.181
62.5464, 310.181
62.59, 310.181
62.6098, 310.181
62.6167, 310.181
62.6374, 310.181
62.6565, 310.181
62.6691, 310.181
62.7105, 310.181
62.7369, 310.181
62.7597, 310.181
62.7723, 310.181
62.7867, 310.181
62.8171, 310.181
62.8196, 310.181
62.8234, 310.181
62.8261, 310.181
62.8608, 310.182
62.871, 310.182
62.8948, 310.182
62.9435, 310.182
62.9471, 310.182
62.948, 310.182
62.9696, 310.182
63.0525, 310.182
63.0784, 310.182
63.0831, 310.182
63.0983, 310.182
63.1392, 310.182
63.1885, 310.182
63.202, 310.182
63.2106, 310.182
63.2883, 310.182
63.2972, 310.182
63.3087, 310.182
63.3315, 310.182
63.3485, 310.182
63.3598, 310.182
63.3676, 310.182
63.4278, 310.182
63.4326, 310.182
63.4368, 310.182
63.4807, 310.182
63.5036, 310.182
63.5123, 310.182
63.5737, 310.182
63.5799, 310.182
63.6045, 310.182
63.6268, 310.182
63.6328, 310.182
63.6412, 310.182
63.6829, 310.182
63.7308, 310.182
63.7637, 310.182
63.7697, 310.182
63.8164, 310.182
63.8179, 310.182
63.8213, 310.182
63.8229, 310.182
63.8345, 310.183
63.873, 310.183
63.8986, 310.183
63.909, 310.183
63.9166, 310.183
63.9519, 310.183
63.9731, 310.183
63.9891, 310.183
64.014, 310.183
64.0339, 310.183
64.06, 310.183
64.072, 310.183
64.1075, 310.183
64.1319, 310.183
64.1529, 310.183
64.1825, 310.183
64.1937, 310.183
64.2633, 310.183
64.2925, 310.183
64.3143, 310.183
64.3369, 310.183
64.3482, 310.183
64.3678, 310.183
64.4394, 310.183
64.4753, 310.183
64.494, 310.183
64.5328, 310.183
64.5537, 310.183
64.5887, 310.183
64.6161, 310.183
64.633, 310.183
64.6729, 310.183
64.6757, 310.183
64.7222, 310.183
64.7588, 310.184
64.7741, 310.184
64.8085, 310.184
64.8508, 310.184
64.8619, 310.184
64.901, 310.184
64.931, 310.184
64.9517, 310.184
64.9741, 310.184
64.9889, 310.184
65.0009, 310.184
65.0416, 310.184
65.0535, 310.184
65.0982, 310.184
65.1362, 310.184
65.1577, 310.184
65.1636, 310.184
65.1743, 310.184
65.1959, 310.184
65.2005, 310.184
65.2077, 310.184
65.2714, 310.184
65.2753, 310.184
65.2829, 310.184
65.3371, 310.184
65.3852, 310.184
65.3901, 310.184
65.397, 310.184
65.4286, 310.184
65.4641, 310.184
65.4692, 310.184
65.4754, 310.184
65.5168, 310.184
65.5695, 310.185
65.5984, 310.185
65.6155, 310.185
65.6463, 310.185
65.6543, 310.185
65.6642, 310.185
65.6906, 310.185
65.6993, 310.185
65.7266, 310.185
65.7316, 310.185
65.7875, 310.185
65.806, 310.185
65.8522, 310.185
65.8687, 310.185
65.9028, 310.185
65.9352, 310.185
65.9356, 310.185
65.9931, 310.185
66.0291, 310.185
66.0438, 310.185
66.0652, 310.185
66.1107, 310.185
66.1271, 310.185
66.1337, 310.185
66.2113, 310.185
66.2154, 310.185
66.2571, 310.185
66.2719, 310.185
66.3122, 310.186
66.3195, 310.186
66.3769, 310.186
66.3865, 310.186
66.3952, 310.186
66.4303, 310.186
66.4493, 310.186
66.5482, 310.186
66.5581, 310.186
66.5781, 310.186
66.6128, 310.186
66.6371, 310.186
66.6712, 310.186
66.7096, 310.186
66.7285, 310.186
66.7686, 310.186
66.8215, 310.186
66.8297, 310.186
66.8421, 310.186
66.8748, 310.186
66.9392, 310.186
66.9398, 310.186
66.9399, 310.186
66.978, 310.187
67.0187, 310.187
67.0287, 310.187
67.0776, 310.187
67.0945, 310.187
67.1288, 310.187
67.1482, 310.187
67.1502, 310.187
67.1533, 310.187
67.1591, 310.187
67.25, 310.187
67.2544, 310.187
67.2891, 310.187
67.3018, 310.187
67.3472, 310.187
67.374, 310.187
67.4596, 310.187
67.4675, 310.187
67.4789, 310.187
67.5118, 310.187
67.5432, 310.187
67.5581, 310.187
67.5926, 310.187
67.6131, 310.188
67.6486, 310.188
67.6501, 310.188
67.6572, 310.188
67.7046, 310.188
67.7617, 310.188
67.7905, 310.188
67.8217, 310.188
67.89, 310.188
67.9111, 310.188
67.9192, 310.188
67.9431, 310.188
67.9657, 310.188
67.9941, 310.188
68.0205, 310.188
68.0524, 310.188
68.0525, 310.188
68.0526, 310.188
68.0529, 310.188
68.1227, 310.188
68.1364, 310.188
68.1549, 310.188
68.1873, 310.188
68.22, 310.188
68.2594, 310.189
68.275, 310.189
68.3005, 310.189
68.3179, 310.189
68.3454, 310.189
68.3618, 310.189
68.3866, 310.189
68.4098, 310.189
68.4251, 310.189
68.4748, 310.189
68.4756, 310.189
68.4801, 310.189
68.5355, 310.189
68.5396, 310.189
68.5493, 310.189
68.5797, 310.189
68.5922, 310.189
68.6557, 310.189
68.6688, 310.189
68.705, 310.189
68.7099, 310.189
68.77, 310.189
68.7757, 310.189
68.8065, 310.19
68.8467, 310.19
68.8526, 310.19
68.9008, 310.19
68.942, 310.19
68.9894, 310.19
69.0016, 310.19
69.0571, 310.19
69.074, 310.19
69.1285, 310.19
69.1537, 310.19
69.1663, 310.19
69.2134, 310.19
69.2158, 310.19
69.2436, 310.19
69.2611, 310.19
69.2661, 310.19
69.3135, 310.19
69.3586, 310.191
69.3643, 310.191
69.41, 310.191
69.4436, 310.191
69.4475, 310.191
69.4498, 310.191
69.48, 310.191
69.5205, 310.191
69.5356, 310.191
69.5705, 310.191
69.6013, 310.191
69.6664, 310.191
69.6783, 310.191
69.7301, 310.191
69.7322, 310.191
69.7525, 310.191
69.7836, 310.191
69.8029, 310.191
69.8089, 310.191
69.8314, 310.191
69.84, 310.191
69.8811, 310.192
69.8943, 310.192
69.8957, 310.192
69.9296, 310.192
69.9319, 310.192
69.9362, 310.192
69.9581, 310.192
69.982, 310.192
70.0171, 310.192
70.0676, 310.192
70.0814, 310.192
70.1144, 310.192
70.1379, 310.192
70.1631, 310.192
70.1889, 310.192
70.2494, 310.192
70.2605, 310.192
70.2717, 310.192
70.2964, 310.192
70.3034, 310.192
70.3266, 310.192
70.3368, 310.192
70.3519, 310.192
70.3736, 310.192
70.3977, 310.193
70.4121, 310.193
70.4583, 310.193
70.4832, 310.193
70.5418, 310.193
70.5558, 310.193
70.5991, 310.193
70.6508, 310.193
70.6875, 310.193
70.7075, 310.193
70.7207, 310.193
70.7447, 310.193
70.76, 310.193
70.7987, 310.193
70.8087, 310.193
70.8142, 310.193
70.8475, 310.193
70.8802, 310.194
70.9321, 310.194
70.9381, 310.194
70.9589, 310.194
70.9932, 310.194
71.0514, 310.194
71.0538, 310.194
71.0582, 310.194
71.0833, 310.194
71.129, 310.194
71.1294, 310.194
71.1297, 310.194
71.1614, 310.194
71.1905, 310.194
71.1976, 310.194
71.2427, 310.194
71.27, 310.194
71.2786, 310.194
71.3056, 310.194
71.3379, 310.195
71.3708, 310.195
71.3889, 310.195
71.4052, 310.195
71.4584, 310.195
71.4591, 310.195
71.4595, 310.195
71.5086, 310.195
71.5351, 310.195
71.6034, 310.195
71.6302, 310.195
71.636, 310.195
71.6614, 310.195
71.6825, 310.195
71.697, 310.195
71.7464, 310.195
71.7806, 310.196
71.8293, 310.196
71.8313, 310.196
71.8352, 310.196
71.9044, 310.196
71.9052, 310.196
71.9058, 310.196
71.9436, 310.196
71.9808, 310.196
71.9991, 310.196
72.0054, 310.196
72.0253, 310.196
72.0694, 310.196
72.0695, 310.196
72.1293, 310.196
72.1392, 310.196
72.1813, 310.196
72.2057, 310.196
72.2145, 310.197
72.2437, 310.197
72.2645, 310.197
72.2662, 310.197
72.281, 310.197
72.3066, 310.197
72.3629, 310.197
72.3939, 310.197
72.4043, 310.197
72.4105, 310.197
72.4458, 310.197
72.4739, 310.197
72.5035, 310.197
72.5165, 310.197
72.56, 310.197
72.5842, 310.197
72.6005, 310.197
72.624, 310.197
72.6393, 310.198
72.6641, 310.198
72.6702, 310.198
72.7008, 310.198
72.7198, 310.198
72.7554, 310.198
72.7873, 310.198
72.809, 310.198
72.8356, 310.198
72.8497, 310.198
72.8936, 310.198
72.912, 310.198
72.958, 310.198
72.9936, 310.198
72.9999, 310.198
73.0017, 310.198
73.0114, 310.198
73.0566, 310.199
73.0958, 310.199
73.1474, 310.199
73.2136, 310.199
73.2141, 310.199
73.2622, 310.199
73.2934, 310.199
73.3445, 310.199
73.3911, 310.199
73.4086, 310.199
73.4206, 310.199
73.4627, 310.2
73.4913, 310.2
73.5256, 310.2
73.5344, 310.2
73.5547, 310.2
73.5975, 310.2
73.6158, 310.2
73.6843, 310.2
73.7171, 310.2
73.7412, 310.2
73.7688, 310.2
73.8079, 310.201
73.816, 310.201
73.8608, 310.201
73.8614, 310.201
73.8931, 310.201
73.9133, 310.201
73.9339, 310.201
73.9386, 310.201
73.9724, 310.201
73.9942, 310.201
74.025, 310.201
74.0792, 310.201
74.0842, 310.201
74.1456, 310.201
74.1518, 310.201
74.1716, 310.201
74.1927, 310.202
74.2019, 310.202
74.253, 310.202
74.2695, 310.202
74.3124, 310.202
74.3207, 310.202
74.3499, 310.202
74.3663, 310.202
74.4083, 310.202
74.4247, 310.202
74.4693, 310.202
74.4934, 310.202
74.5025, 310.202
74.507, 310.202
74.5104, 310.202
74.547, 310.203
74.5559, 310.203
74.5954, 310.203
74.6157, 310.203
74.6581, 310.203
74.7065, 310.203
74.7083, 310.203
74.7087, 310.203
74.7508, 310.203
74.7604, 310.203
74.7958, 310.203
74.8354, 310.203
74.841, 310.203
74.876, 310.203
74.8779, 310.203
74.9426, 310.204
74.9571, 310.204
74.9702, 310.204
75.0134, 310.204
75.02, 310.204
75.0246, 310.204
75.0942, 310.204
75.1224, 310.204
75.1334, 310.204
75.1812, 310.204
75.1979, 310.204
75.2229, 310.204
75.2291, 310.204
75.2417, 310.205
75.2834, 310.205
75.3111, 310.205
75.3382, 310.205
75.3757, 310.205
75.3912, 310.205
75.4391, 310.205
75.4874, 310.205
75.4979, 310.205
75.5123, 310.205
75.5571, 310.205
75.5933, 310.206
75.6072, 310.206
75.66, 310.206
75.6863, 310.206
75.7109, 310.206
75.7356, 310.206
75.7498, 310.206
75.7875, 310.206
75.8211, 310.206
75.8344, 310.206
75.8681, 310.206
75.9097, 310.207
75.923, 310.207
75.995, 310.207
76.0018, 310.207
76.0639, 310.207
76.0647, 310.207
76.0652, 310.207
76.0981, 310.207
76.0989, 310.207
76.1315, 310.207
76.1498, 310.207
76.1888, 310.207
76.1921, 310.207
76.2389, 310.208
76.2772, 310.208
76.3046, 310.208
76.3811, 310.208
76.3823, 310.208
76.4139, 310.208
76.432, 310.208
76.4388, 310.208
76.4616, 310.208
76.4811, 310.208
76.5116, 310.208
76.5377, 310.209
76.5575, 310.209
76.5752, 310.209
76.6019, 310.209
76.6458, 310.209
76.6678, 310.209
76.7055, 310.209
76.736, 310.209
76.7544, 310.209
76.7647, 310.209
76.7931, 310.209
76.8099, 310.209
76.8161, 310.209
76.8396, 310.21
76.9169, 310.21
76.9204, 310.21
76.9257, 310.21
76.9647, 310.21
76.9872, 310.21
77.0202, 310.21
77.0444, 310.21
77.0563, 310.21
77.0759, 310.21
77.1457, 310.211
77.1469, 310.211
77.1699, 310.211
77.2067, 310.211
77.2083, 310.211
77.2238, 310.211
77.2559, 310.211
77.2775, 310.211
77.2929, 310.211
77.3349, 310.211
77.3888, 310.211
77.4079, 310.212
77.4394, 310.212
77.4424, 310.212
77.4597, 310.212
77.4917, 310.212
77.5325, 310.212
77.5566, 310.212
77.5577, 310.212
77.5586, 310.212
77.6252, 310.212
77.6336, 310.212
77.646, 310.212
77.7049, 310.213
77.7331, 310.213
77.746, 310.213
77.8108, 310.213
77.821, 310.213
77.8552, 310.213
77.8674, 310.213
77.9, 310.213
77.9215, 310.213
77.9471, 310.213
77.9611, 310.213
78.0073, 310.214
78.0487, 310.214
78.0679, 310.214
78.0992, 310.214
78.124, 310.214
78.1631, 310.214
78.1718, 310.214
78.2001, 310.214
78.2137, 310.214
78.2422, 310.214
78.2626, 310.215
78.2683, 310.215
78.3083, 310.215
78.3208, 310.215
78.3722, 310.215
78.4122, 310.215
78.4236, 310.215
78.4634, 310.215
78.4705, 310.215
78.5301, 310.216
78.5412, 310.216
78.5611, 310.216
78.5894, 310.216
78.6311, 310.216
78.6659, 310.216
78.6695, 310.216
78.7278, 310.216
78.7532, 310.216
78.7622, 310.216
78.7826, 310.217
78.7925, 310.217
78.8172, 310.217
78.8215, 310.217
78.8441, 310.217
78.8564, 310.217
78.8784, 310.217
78.8906, 310.217
78.9272, 310.217
78.9529, 310.217
78.9728, 310.217
79.0348, 310.218
79.0384, 310.218
79.0716, 310.218
79.1253, 310.218
79.1817, 310.218
79.1913, 310.218
79.1926, 310.218
79.1997, 310.218
79.2504, 310.218
79.264, 310.218
79.3051, 310.219
79.3267, 310.219
79.3505, 310.219
79.3711, 310.219
79.3964, 310.219
79.4159, 310.219
79.4665, 310.219
79.4866, 310.219
79.5037, 310.219
79.5468, 310.22
79.5548, 310.22
79.6132, 310.22
79.6275, 310.22
79.6744, 310.22
79.7048, 310.22
79.7435, 310.22
79.8092, 310.221
79.8104, 310.221
79.8463, 310.221
79.8652, 310.221
79.8839, 310.221
79.9242, 310.221
79.9771, 310.221
79.9834, 310.221
80.0278, 310.222
80.0657, 310.222
80.0782, 310.222
80.0927, 310.222
80.1297, 310.222
80.1748, 310.222
80.1962, 310.222
80.2232, 310.222
80.2555, 310.223
80.2741, 310.223
80.2964, 310.223
80.3241, 310.223
80.3248, 310.223
80.3261, 310.223
80.3814, 310.223
80.392, 310.223
80.4211, 310.223
80.4569, 310.223
80.4622, 310.223
80.4715, 310.223
80.5001, 310.224
80.5256, 310.224
80.5818, 310.224
80.6116, 310.224
80.6355, 310.224
80.6635, 310.224
80.684, 310.224
80.7138, 310.225
80.7359, 310.225
80.7614, 310.225
80.7878, 310.225
80.8095, 310.225
80.8414, 310.225
80.8602, 310.225
80.8908, 310.225
80.9363, 310.226
80.9637, 310.226
81.0525, 310.226
81.0552, 310.226
81.0565, 310.226
81.1275, 310.226
81.1478, 310.226
81.1798, 310.227
81.181, 310.227
81.1823, 310.227
81.1894, 310.227
81.2558, 310.227
81.2938, 310.227
81.3192, 310.227
81.3226, 310.227
81.3361, 310.227
81.383, 310.228
81.4291, 310.228
81.4582, 310.228
81.4831, 310.228
81.5172, 310.228
81.5334, 310.228
81.5592, 310.228
81.585, 310.229
81.6115, 310.229
81.6249, 310.229
81.6704, 310.229
81.7038, 310.229
81.7168, 310.229
81.7362, 310.229
81.7605, 310.229
81.7796, 310.229
81.8388, 310.23
81.8635, 310.23
81.9094, 310.23
81.9602, 310.23
81.9643, 310.23
81.966, 310.23
81.9675, 310.23
81.9713, 310.23
81.9898, 310.23
82.0183, 310.231
82.0215, 310.231
82.0287, 310.231
82.0831, 310.231
82.0988, 310.231
82.1527, 310.231
82.174, 310.231
82.1838, 310.231
82.1938, 310.231
82.2405, 310.232
82.2869, 310.232
82.2979, 310.232
82.3305, 310.232
82.3366, 310.232
82.3562, 310.232
82.3681, 310.232
82.4093, 310.233
82.4491, 310.233
82.4519, 310.233
82.4531, 310.233
82.4549, 310.233
82.4889, 310.233
82.5494, 310.233
82.5557, 310.233
82.5636, 310.233
82.576, 310.233
82.616, 310.234
82.6305, 310.234
82.6712, 310.234
82.6912, 310.234
82.7163, 310.234
82.7631, 310.234
82.772, 310.234
82.7752, 310.234
82.8305, 310.235
82.8631, 310.235
82.8697, 310.235
82.8716, 310.235
82.8754, 310.235
82.932, 310.235
82.9723, 310.235
83.0077, 310.236
83.0218, 310.236
83.0278, 310.236
83.0845, 310.236
83.1201, 310.236
83.1205, 310.236
83.1692, 310.237
83.1732, 310.237
83.2349, 310.237
83.2379, 310.237
83.3065, 310.237
83.3276, 310.237
83.3467, 310.237
83.3804, 310.238
83.3936, 310.238
83.4424, 310.238
83.446, 310.238
83.4523, 310.238
83.4784, 310.238
83.4944, 310.238
83.5565, 310.239
83.5881, 310.239
83.6216, 310.239
83.6537, 310.239
83.7552, 310.24
83.7702, 310.24
83.8181, 310.24
83.8488, 310.24
83.8795, 310.24
83.9191, 310.241
83.9458, 310.241
84.0043, 310.241
84.0678, 310.241
84.0851, 310.242
84.1206, 310.242
84.1534, 310.242
84.1748, 310.242
84.1973, 310.242
84.2141, 310.242
84.2517, 310.243
84.2784, 310.243
84.2891, 310.243
84.3426, 310.243
84.3928, 310.243
84.3946, 310.243
84.3956, 310.243
84.4014, 310.243
84.4575, 310.244
84.5, 310.244
84.5504, 310.244
84.5518, 310.244
84.5821, 310.244
84.6217, 310.245
84.6261, 310.245
84.6669, 310.245
84.6872, 310.245
84.7161, 310.245
84.7501, 310.245
84.7504, 310.245
84.7505, 310.245
84.7934, 310.246
84.8101, 310.246
84.8285, 310.246
84.8472, 310.246
84.8572, 310.246
84.8694, 310.246
84.8801, 310.246
84.8908, 310.246
84.9181, 310.246
84.9268, 310.247
84.971, 310.247
84.9763, 310.247
85.0039, 310.247
85.047, 310.247
85.0941, 310.248
85.0995, 310.248
85.106, 310.248
85.141, 310.248
85.1858, 310.248
85.2037, 310.248
85.2274, 310.248
85.3045, 310.249
85.3148, 310.249
85.3265, 310.249
85.3649, 310.249
85.3826, 310.249
85.4534, 310.25
85.4639, 310.25
85.4817, 310.25
85.5004, 310.25
85.5286, 310.25
85.5393, 310.25
85.5451, 310.25
85.6048, 310.251
85.6082, 310.251
85.63, 310.251
85.6483, 310.251
85.678, 310.251
85.6808, 310.251
85.7233, 310.252
85.7541, 310.252
85.7946, 310.252
85.806, 310.252
85.8425, 310.252
85.8569, 310.252
85.8733, 310.253
85.8885, 310.253
85.9187, 310.253
85.9578, 310.253
85.9778, 310.253
86.0096, 310.253
86.017, 310.253
86.0522, 310.254
86.0633, 310.254
86.0655, 310.254
86.0892, 310.254
86.1112, 310.254
86.1546, 310.254
86.171, 310.255
86.2124, 310.255
86.2522, 310.255
86.2525, 310.255
86.2527, 310.255
86.2536, 310.255
86.3235, 310.256
86.3828, 310.256
86.4095, 310.256
86.4113, 310.256
86.4234, 310.256
86.4432, 310.256
86.4576, 310.256
86.4793, 310.257
86.512, 310.257
86.5324, 310.257
86.5401, 310.257
86.5516, 310.257
86.5817, 310.257
86.6055, 310.257
86.608, 310.257
86.6413, 310.258
86.6613, 310.258
86.6907, 310.258
86.699, 310.258
86.7007, 310.258
86.7601, 310.259
86.7929, 310.259
86.8049, 310.259
86.8149, 310.259
86.8373, 310.259
86.8885, 310.259
86.9289, 310.26
86.9295, 310.26
86.9651, 310.26
86.9895, 310.26
87.0444, 310.261
87.0457, 310.261
87.0506, 310.261
87.0958, 310.261
87.0985, 310.261
87.1423, 310.261
87.1668, 310.261
87.1794, 310.262
87.2422, 310.262
87.2488, 310.262
87.2824, 310.262
87.2984, 310.262
87.356, 310.263
87.3702, 310.263
87.3833, 310.263
87.4454, 310.263
87.4573, 310.264
87.4709, 310.264
87.4842, 310.264
87.4927, 310.264
87.516, 310.264
87.5702, 310.264
87.587, 310.265
87.6448, 310.265
87.646, 310.265
87.692, 310.265
87.7395, 310.266
87.7419, 310.266
87.7457, 310.266
87.7904, 310.266
87.8306, 310.266
87.8726, 310.267
87.9089, 310.267
87.9165, 310.267
87.961, 310.267
87.9624, 310.267
88.0071, 310.268
88.0136, 310.268
88.0532, 310.268
88.0916, 310.268
88.1074, 310.269
88.1269, 310.269
88.1538, 310.269
88.1725, 310.269
88.2097, 310.269
88.2161, 310.269
88.2412, 310.27
88.2466, 310.27
88.2761, 310.27
88.3045, 310.27
88.32, 310.27
88.3735, 310.271
88.4123, 310.271
88.4212, 310.271
88.4258, 310.271
88.4282, 310.271
88.4511, 310.271
88.4764, 310.271
88.5526, 310.272
88.584, 310.272
88.6034, 310.272
88.6196, 310.273
88.644, 310.273
88.6697, 310.273
88.7097, 310.273
88.72, 310.273
88.7264, 310.273
88.7566, 310.274
88.7849, 310.274
88.8108, 310.274
88.8574, 310.275
88.8824, 310.275
88.9138, 310.275
88.9319, 310.275
88.9584, 310.275
88.9763, 310.276
88.9864, 310.276
89.0222, 310.276
89.0746, 310.276
89.0861, 310.276
89.1054, 310.277
89.1229, 310.277
89.1505, 310.277
89.1704, 310.277
89.2186, 310.278
89.2349, 310.278
89.2707, 310.278
89.3285, 310.279
89.3294, 310.279
89.3298, 310.279
89.3801, 310.279
89.3899, 310.279
89.4103, 310.279
89.4218, 310.279
89.4319, 310.279
89.4929, 310.28
89.5267, 310.28
89.5501, 310.28
89.5837, 310.281
89.5873, 310.281
89.6, 310.281
89.6361, 310.281
89.6438, 310.281
89.6469, 310.281
89.6825, 310.282
89.687, 310.282
89.7049, 310.282
89.7182, 310.282
89.7319, 310.282
89.7585, 310.282
89.7983, 310.283
89.8252, 310.283
89.8729, 310.283
89.8949, 310.284
89.9112, 310.284
89.9432, 310.284
89.9709, 310.284
90.0125, 310.285
90.0516, 310.285
90.0952, 310.285
90.1129, 310.286
90.1172, 310.286
90.1481, 310.286
90.172, 310.286
90.2075, 310.286
90.2177, 310.286
90.2666, 310.287
90.2741, 310.287
90.329, 310.288
90.3578, 310.288
90.3691, 310.288
90.3929, 310.288
90.3996, 310.288
90.402, 310.288
90.4314, 310.288
90.4479, 310.289
90.4737, 310.289
90.4887, 310.289
90.5441, 310.29
90.5538, 310.29
90.5829, 310.29
90.5996, 310.29
90.6617, 310.291
90.6625, 310.291
90.6637, 310.291
90.6921, 310.291
90.7305, 310.291
90.7372, 310.291
90.7917, 310.292
90.7938, 310.292
90.8282, 310.292
90.8924, 310.293
90.9577, 310.294
90.9651, 310.294
90.9664, 310.294
90.9683, 310.294
90.993, 310.294
91.0083, 310.294
91.0427, 310.294
91.0641, 310.295
91.0938, 310.295
91.1237, 310.295
91.1686, 310.296
91.1985, 310.296
91.2118, 310.296
91.2506, 310.296
91.2594, 310.297
91.2668, 310.297
91.3187, 310.297
91.3272, 310.297
91.3767, 310.298
91.3875, 310.298
91.4346, 310.298
91.4714, 310.299
91.4833, 310.299
91.4923, 310.299
91.5237, 310.299
91.575, 310.3
91.5983, 310.3
91.6097, 310.3
91.6568, 310.301
91.6571, 310.301
91.6663, 310.301
91.699, 310.301
91.6999, 310.301
91.7017, 310.301
91.7597, 310.302
91.7795, 310.302
91.8044, 310.302
91.85, 310.303
91.851, 310.303
91.8528, 310.303
91.9017, 310.303
91.928, 310.303
91.9593, 310.304
91.9732, 310.304
91.9902, 310.304
92.0075, 310.304
92.0463, 310.305
92.0571, 310.305
92.0609, 310.305
92.0774, 310.305
92.0924, 310.305
92.1081, 310.305
92.138, 310.306
92.178, 310.306
92.1811, 310.306
92.2346, 310.307
92.2539, 310.307
92.2601, 310.307
92.3025, 310.308
92.3169, 310.308
92.3332, 310.308
92.3598, 310.308
92.3899, 310.309
92.3949, 310.309
92.4257, 310.309
92.4309, 310.309
92.4388, 310.309
92.463, 310.309
92.4945, 310.31
92.5297, 310.31
92.5402, 310.31
92.592, 310.311
92.5968, 310.311
92.6544, 310.311
92.6646, 310.312
92.6837, 310.312
92.7073, 310.312
92.7151, 310.312
92.7632, 310.313
92.7667, 310.313
92.8235, 310.313
92.8263, 310.313
92.8347, 310.314
92.8728, 310.314
92.8862, 310.314
92.892, 310.314
92.9221, 310.315
92.9525, 310.315
92.9551, 310.315
92.9942, 310.315
93.011, 310.316
93.0336, 310.316
93.057, 310.316
93.0617, 310.316
93.069, 310.316
93.0892, 310.317
93.151, 310.317
93.1817, 310.318
93.2233, 310.318
93.2245, 310.318
93.2268, 310.318
93.286, 310.319
93.332, 310.319
93.3502, 310.32
93.3752, 310.32
93.3905, 310.32
93.4169, 310.32
93.4247, 310.321
93.4338, 310.321
93.4744, 310.321
93.5197, 310.322
93.5327, 310.322
93.5602, 310.322
93.5719, 310.322
93.5909, 310.323
93.6301, 310.323
93.6771, 310.324
93.6975, 310.324
93.7178, 310.324
93.7251, 310.324
93.7428, 310.324
93.7721, 310.325
93.7879, 310.325
93.8077, 310.325
93.8225, 310.325
93.8488, 310.326
93.8721, 310.326
93.9, 310.326
93.9231, 310.327
93.9679, 310.327
94.013, 310.328
94.0203, 310.328
94.0957, 310.329
94.1035, 310.329
94.1117, 310.329
94.1556, 310.33
94.176, 310.33
94.2061, 310.33
94.2114, 310.33
94.2135, 310.331
94.2395, 310.331
94.2571, 310.331
94.2593, 310.331
94.3013, 310.332
94.3485, 310.332
94.3498, 310.332
94.35, 310.332
94.3524, 310.332
94.3994, 310.333
94.4148, 310.333
94.4591, 310.334
94.4859, 310.334
94.5202, 310.335
94.5741, 310.335
94.6081, 310.336
94.622, 310.336
94.6248, 310.336
94.6518, 310.336
94.6958, 310.337
94.7714, 310.338
94.7727, 310.338
94.7729, 310.338
94.8151, 310.339
94.8575, 310.339
94.8825, 310.34
94.9309, 310.34
94.9407, 310.34
94.9774, 310.341
95.0054, 310.341
95.0536, 310.342
95.0862, 310.342
95.1027, 310.343
95.1176, 310.343
95.1378, 310.343
95.1718, 310.344
95.1955, 310.344
95.2518, 310.345
95.2557, 310.345
95.3157, 310.346
95.3273, 310.346
95.3581, 310.346
95.4118, 310.347
95.4198, 310.347
95.465, 310.348
95.487, 310.348
95.4976, 310.348
95.5266, 310.349
95.5518, 310.349
95.5841, 310.35
95.6108, 310.35
95.6495, 310.351
95.6946, 310.351
95.696, 310.351
95.7253, 310.352
95.736, 310.352
95.7742, 310.352
95.8038, 310.353
95.8158, 310.353
95.8326, 310.353
95.8469, 310.354
95.8809, 310.354
95.8927, 310.354
95.934, 310.355
95.955, 310.355
96.0328, 310.356
96.0561, 310.357
96.068, 310.357
96.0873, 310.357
96.1055, 310.358
96.1221, 310.358
96.1475, 310.358
96.1986, 310.359
96.2323, 310.36
96.2541, 310.36
96.2664, 310.36
96.309, 310.361
96.3458, 310.361
96.3713, 310.362
96.3936, 310.362
96.4437, 310.363
96.4633, 310.363
96.4867, 310.364
96.5255, 310.364
96.5361, 310.364
96.5741, 310.365
96.6177, 310.366
96.633, 310.366
96.6424, 310.366
96.6816, 310.367
96.7365, 310.368
96.7481, 310.368
96.7872, 310.369
96.8423, 310.369
96.8617, 310.37
96.9076, 310.371
96.9446, 310.371
96.9663, 310.372
96.9982, 310.372
97.0046, 310.372
97.066, 310.373
97.1071, 310.374
97.1194, 310.374
97.1722, 310.375
97.177, 310.375
97.2174, 310.376
97.257, 310.377
97.2859, 310.377
97.3142, 310.378
97.3435, 310.378
97.3447, 310.378
97.3981, 310.379
97.4282, 310.38
97.4831, 310.381
97.4994, 310.381
97.5528, 310.382
97.567, 310.382
97.6012, 310.383
97.605, 310.383
97.6147, 310.383
97.6402, 310.383
97.6637, 310.384
97.6821, 310.384
97.6908, 310.384
97.7303, 310.385
97.7431, 310.385
97.8083, 310.386
97.8451, 310.387
97.8762, 310.388
97.9295, 310.389
97.9393, 310.389
97.9439, 310.389
97.9479, 310.389
97.9814, 310.39
98.0135, 310.39
98.0865, 310.392
98.0901, 310.392
98.1486, 310.393
98.1587, 310.393
98.1878, 310.394
98.1961, 310.394
98.2551, 310.395
98.2573, 310.395
98.261, 310.395
98.3108, 310.396
98.3634, 310.397
98.3898, 310.398
98.4079, 310.398
98.4564, 310.399
98.4616, 310.399
98.5056, 310.4
98.5763, 310.401
98.603, 310.402
98.6218, 310.402
98.6703, 310.403
98.6835, 310.404
98.7163, 310.404
98.7238, 310.404
98.7432, 310.405
98.7649, 310.405
98.831, 310.407
98.831, 310.407
98.8313, 310.407
98.8829, 310.408
98.8841, 310.408
98.9071, 310.408
98.9255, 310.409
98.9263, 310.409
98.9338, 310.409
98.9852, 310.41
99.0119, 310.41
99.0454, 310.411
99.0751, 310.412
99.0918, 310.412
99.1339, 310.413
99.1892, 310.414
99.1936, 310.414
99.2021, 310.414
99.2281, 310.415
99.2813, 310.416
99.2957, 310.416
99.3047, 310.417
99.3325, 310.417
99.3824, 310.418
99.3855, 310.418
99.3991, 310.419
99.4641, 310.42
99.4797, 310.421
99.4879, 310.421
99.4984, 310.421
99.5266, 310.422
99.5671, 310.422
99.585, 310.423
99.6037, 310.423
99.6419, 310.424
99.6801, 310.425
99.7075, 310.426
99.7401, 310.426
99.7946, 310.428
99.8119, 310.428
99.8176, 310.428
99.8281, 310.429
99.8798, 310.43
99.8971, 310.43
99.9423, 310.431
99.9432, 310.431
99.9436, 310.431
100.002, 310.433
100.027, 310.433
100.086, 310.435
100.09, 310.435
100.143, 310.436
100.185, 310.437
100.203, 310.437
100.233, 310.438
100.272, 310.439
100.306, 310.44
100.352, 310.441
100.363, 310.441
100.405, 310.443
100.455, 310.444
100.475, 310.444
100.498, 310.445
100.512, 310.445
100.554, 310.446
100.595, 310.447
100.628, 310.448
100.647, 310.449
100.673, 310.449
100.712, 310.45
100.753, 310.452
100.773, 310.452
100.797, 310.453
100.856, 310.454
100.865, 310.455
100.873, 310.455
100.926, 310.456
100.951, 310.457
100.995, 310.458
101.01, 310.458
101.04, 310.459
101.097, 310.461
101.12, 310.462
101.174, 310.463
101.19, 310.464
101.196, 310.464
101.226, 310.465
101.268, 310.466
101.271, 310.466
101.301, 310.467
101.336, 310.468
101.357, 310.468
101.406, 310.47
101.428, 310.47
101.438, 310.471
101.464, 310.471
101.475, 310.472
101.523, 310.473
101.542, 310.474
101.572, 310.475
101.624, 310.476
101.669, 310.478
101.671, 310.478
101.716, 310.479
101.733, 310.48
101.775, 310.481
101.779, 310.481
101.783, 310.481
101.816, 310.482
101.864, 310.484
101.895, 310.485
101.923, 310.485
101.942, 310.486
101.974, 310.487
102.005, 310.488
102.027, 310.489
102.041, 310.489
102.086, 310.491
102.102, 310.491
102.16, 310.493
102.164, 310.493
102.179, 310.494
102.227, 310.496
102.281, 310.497
102.297, 310.498
102.338, 310.499
102.368, 310.5
102.426, 310.502
102.463, 310.504
102.531, 310.506
102.54, 310.506
102.548, 310.507
102.581, 310.508
102.599, 310.509
102.631, 310.51
102.659, 310.511
102.66, 310.511
102.682, 310.512
102.683, 310.512
102.698, 310.512
102.705, 310.512
102.727, 310.513
102.784, 310.515
102.812, 310.517
102.841, 310.518
102.864, 310.518
102.916, 310.521
102.917, 310.521
102.921, 310.521
102.963, 310.522
103.026, 310.525
103.029, 310.525
103.053, 310.526
103.069, 310.527
103.08, 310.527
103.115, 310.529
103.143, 310.53
103.157, 310.53
103.217, 310.533
103.22, 310.533
103.225, 310.533
103.273, 310.535
103.315, 310.537
103.327, 310.538
103.363, 310.539
103.379, 310.54
103.438, 310.542
103.47, 310.544
103.477, 310.544
103.49, 310.545
103.501, 310.545
103.545, 310.547
103.57, 310.548
103.59, 310.549
103.621, 310.551
103.66, 310.553
103.669, 310.553
103.676, 310.553
103.704, 310.555
103.744, 310.557
103.765, 310.558
103.785, 310.559
103.847, 310.562
103.852, 310.562
103.919, 310.566
103.926, 310.566
103.93, 310.566
103.989, 310.569
104.06, 310.573
104.091, 310.575
104.102, 310.576
104.109, 310.576
104.15, 310.578
104.181, 310.58
104.254, 310.585
104.255, 310.585
104.257, 310.585
104.319, 310.588
104.336, 310.59
104.377, 310.592
104.394, 310.593
104.419, 310.595
104.477, 310.599
104.489, 310.599
104.511, 310.601
104.561, 310.604
104.579, 310.606
104.595, 310.607
104.63, 310.609
104.648, 310.611
104.69, 310.614
104.751, 310.619
104.752, 310.619
104.757, 310.619
104.79, 310.622
104.847, 310.626
104.861, 310.628
104.9, 310.631
104.919, 310.633
104.938, 310.634
104.971, 310.637
105.012, 310.641
105.014, 310.641
105.028, 310.643
105.055, 310.645
105.061, 310.646
105.088, 310.649
105.089, 310.649
105.098, 310.65
105.131, 310.653
105.178, 310.658
105.222, 310.663
105.245, 310.666
105.259, 310.668
105.282, 310.67
105.288, 310.671
105.293, 310.672
105.317, 310.675
105.357, 310.681
105.417, 310.689
105.438, 310.692
105.455, 310.695
105.471, 310.698
105.507, 310.703
105.52, 310.706
105.57, 310.715
105.578, 310.717
105.591, 310.719
105.636, 310.729
105.677, 310.739
105.682, 310.74
105.725, 310.751
105.736, 310.755
105.786, 310.77
105.802, 310.775
105.831, 310.785
105.86, 310.794
105.868, 310.796
105.894, 310.803
105.916, 310.809
105.979, 310.819
106.012, 310.821
106.027, 310.821
106.059, 310.817
106.093, 310.81
106.115, 310.804
106.146, 310.795
106.192, 310.782
106.194, 310.782
106.229, 310.77
106.256, 310.764
106.298, 310.755
106.321, 310.749
106.327, 310.748
106.335, 310.746
106.395, 310.735
106.412, 310.732
106.457, 310.724
106.492, 310.719
106.5, 310.718
106.507, 310.717
106.558, 310.71
106.624, 310.703
106.664, 310.698
106.673, 310.697
106.722, 310.693
106.76, 310.689
106.776, 310.688
106.785, 310.687
106.82, 310.684
106.856, 310.681
106.886, 310.679
106.933, 310.675
106.945, 310.675
106.969, 310.673
107.013, 310.67
107.073, 310.666
107.081, 310.666
107.131, 310.663
107.149, 310.662
107.206, 310.659
107.211, 310.659
107.243, 310.657
107.248, 310.657
107.27, 310.656
107.28, 310.656
107.327, 310.654
107.365, 310.652
107.386, 310.651
107.419, 310.65
107.433, 310.649
107.452, 310.648
107.485, 310.647
107.508, 310.646
107.559, 310.644
107.588, 310.643
107.605, 310.643
107.615, 310.642
107.639, 310.642
107.642, 310.642
107.688, 310.64
107.722, 310.639
107.746, 310.638
107.769, 310.638
107.788, 310.637
107.831, 310.636
107.842, 310.636
107.893, 310.634
107.921, 310.634
107.947, 310.633
107.961, 310.632
107.976, 310.632
108.02, 310.631
108.028, 310.631
108.081, 310.63
108.12, 310.629
108.135, 310.629
108.143, 310.628
108.194, 310.627
108.214, 310.627
108.259, 310.626
108.266, 310.626
108.308, 310.625
108.31, 310.625
108.338, 310.625
108.377, 310.624
108.396, 310.624
108.432, 310.623
108.468, 310.622
108.494, 310.622
108.522, 310.622
108.534, 310.621
108.591, 310.62
108.597, 310.62
108.605, 310.62
108.644, 310.62
108.678, 310.619
108.698, 310.619
108.727, 310.619
108.728, 310.619
108.728, 310.619
108.764, 310.618
108.787, 310.618
108.805, 310.618
108.818, 310.618
108.841, 310.617
108.869, 310.617
108.882, 310.617
108.918, 310.616
108.953, 310.616
108.979, 310.616
108.987, 310.616
108.999, 310.616
109.029, 310.615
109.037, 310.615
109.066, 310.615
109.079, 310.615
109.123, 310.614
109.135, 310.614
109.174, 310.614
109.177, 310.614
109.183, 310.614
109.239, 310.614
109.277, 310.613
109.283, 310.613
109.305, 310.613
109.311, 310.613
109.355, 310.613
109.358, 310.613
109.359, 310.613
109.36, 310.613
109.399, 310.612
109.434, 310.612
109.444, 310.612
109.485, 310.612
109.496, 310.612
109.517, 310.612
109.543, 310.612
109.568, 310.612
109.581, 310.611
109.621, 310.611
109.66, 310.611
109.672, 310.611
109.674, 310.611
109.7, 310.611
109.715, 310.611
109.728, 310.611
109.761, 310.611
109.814, 310.611
109.827, 310.611
109.859, 310.611
109.863, 310.611
109.932, 310.611
110, 310.61
110.137, 310.606
110.228, 310.603
110.258, 310.602
110.369, 310.599
110.482, 310.597
110.657, 310.595
110.693, 310.594
110.986, 310.591
111, 310.591


