X,T
2.09262e-17, 310.15
0.0903955, 310.15
0.141265, 310.15
0.229424, 310.15
0.708137, 310.15
0.791492, 310.15
1.05884, 310.15
1.09589, 310.15
1.14179, 310.15
1.4805, 310.15
1.55501, 310.15
1.78486, 310.15
2.18237, 310.15
2.26483, 310.15
2.34107, 310.15
2.6889, 310.15
3.07325, 310.15
3.38317, 310.15
3.39791, 310.15
3.66442, 310.15
3.77039, 310.15
3.77537, 310.15
4.24423, 310.15
4.31313, 310.15
4.3784, 310.15
4.76127, 310.15
5.00961, 310.15
5.1989, 310.15
5.46905, 310.15
5.7167, 310.15
5.87061, 310.15
6.0369, 310.15
6.22547, 310.15
6.32683, 310.15
6.52783, 310.15
7.00819, 310.15
7.19916, 310.15
7.19926, 310.15
7.19935, 310.15
7.19943, 310.15
7.52894, 310.15
7.7942, 310.15
8.17681, 310.15
8.26562, 310.15
8.38741, 310.15
8.40568, 310.15
8.41078, 310.15
8.55214, 310.15
8.67596, 310.15
9.06566, 310.15
9.23281, 310.15
9.39447, 310.15
9.6287, 310.15
9.70503, 310.15
10.1303, 310.15
10.1717, 310.15
10.2596, 310.15
10.5599, 310.15
10.8417, 310.15
10.9348, 310.15
11.1865, 310.15
11.3183, 310.15
11.403, 310.15
11.803, 310.15
11.8234, 310.15
12.187, 310.15
12.342, 310.15
12.545, 310.15
12.8547, 310.15
13.4119, 310.15
13.427, 310.15
13.4433, 310.15
13.7615, 310.15
14.2187, 310.15
14.4168, 310.15
14.7899, 310.15
15.0367, 310.15
15.2229, 310.15
15.795, 310.15
16.0474, 310.15
16.0933, 310.15
16.1218, 310.15
16.6902, 310.15
16.7606, 310.15
17.3317, 310.15
17.337, 310.15
17.3426, 310.15
17.4574, 310.15
17.6384, 310.15
17.7018, 310.15
18.0373, 310.15
18.0477, 310.15
18.0828, 310.15
18.1215, 310.15
18.1441, 310.15
18.6126, 310.15
18.6878, 310.15
18.7968, 310.15
18.8045, 310.15
18.821, 310.15
19.0267, 310.15
19.592, 310.15
19.8821, 310.15
20.0029, 310.15
20.3714, 310.15
20.4658, 310.15
20.9891, 310.15
21.0854, 310.15
21.1437, 310.15
21.7656, 310.15
21.8426, 310.15
21.9858, 310.15
22.235, 310.15
22.2553, 310.15
22.698, 310.15
22.8837, 310.15
23.0547, 310.15
23.3328, 310.15
23.5018, 310.15
23.7313, 310.15
23.8652, 310.15
24.2419, 310.15
24.3731, 310.15
24.4116, 310.15
24.8026, 310.15
25.1311, 310.15
25.2087, 310.15
25.4274, 310.15
25.6986, 310.15
25.7217, 310.15
26.133, 310.15
26.4292, 310.15
26.5086, 310.15
26.5557, 310.15
27.0391, 310.15
27.4219, 310.15
27.7078, 310.15
27.7835, 310.15
27.8546, 310.15
28.2329, 310.15
28.44, 310.15
28.5781, 310.15
28.9577, 310.15
29.0967, 310.15
29.3085, 310.15
29.566, 310.15
29.672, 310.15
29.9659, 310.15
30.0065, 310.15
30.1606, 310.15
30.4722, 310.15
30.7489, 310.15
30.908, 310.15
31.0428, 310.15
31.1105, 310.15
31.4759, 310.15
31.4944, 310.15
31.5441, 310.15
31.9429, 310.15
32.1214, 310.15
32.2993, 310.15
32.4684, 310.15
32.7468, 310.15
32.8015, 310.15
32.8228, 310.15
33.301, 310.15
33.3191, 310.15
33.4529, 310.15
33.9825, 310.15
34.1242, 310.15
34.152, 310.15
34.1937, 310.15
34.3456, 310.15
34.577, 310.15
34.8785, 310.15
35.0135, 310.15
35.4334, 310.15
35.6476, 310.15
36.0695, 310.15
36.3237, 310.15
36.3819, 310.15
36.4311, 310.15
37.0437, 310.15
37.0855, 310.15
37.1178, 310.15
37.1374, 310.15
37.8021, 310.15
37.8567, 310.15
38.0724, 310.15
38.3626, 310.15
38.5125, 310.15
38.7224, 310.15
39.0847, 310.15
39.0964, 310.15
39.3146, 310.15
39.4063, 310.15
39.4082, 310.15
39.6904, 310.15
39.9938, 310.15
40.062, 310.15
40.1912, 310.15
40.3596, 310.15
40.5299, 310.15
40.588, 310.15
40.9933, 310.15
41.0776, 310.15
41.1847, 310.15
41.465, 310.15
41.7133, 310.15
41.7874, 310.15
42.0481, 310.15
42.274, 310.15
42.3664, 310.15
42.3883, 310.15
42.3973, 310.15
42.4565, 310.15
42.4969, 310.15
42.5506, 310.15
42.6038, 310.15
43.0819, 310.15
43.3231, 310.15
43.7691, 310.15
43.8827, 310.15
43.9984, 310.15
44.1968, 310.15
44.5705, 310.15
44.7096, 310.15
44.804, 310.15
44.9452, 310.15
45.4681, 310.15
45.6153, 310.15
45.9118, 310.15
46.1602, 310.15
46.3201, 310.15
46.4781, 310.15
46.6506, 310.15
47.158, 310.15
47.6356, 310.15
47.674, 310.15
47.7769, 310.15
47.8754, 310.15
48.3765, 310.15
48.5892, 310.15
48.7111, 310.15
48.8098, 310.15
48.9427, 310.15
49.0679, 310.15
49.1731, 310.15
49.4676, 310.15
49.5549, 310.15
50.0969, 310.15
50.2496, 310.15
50.3153, 310.15
50.3946, 310.15
50.4517, 310.15
50.8106, 310.15
51.1101, 310.15
51.2417, 310.15
51.4025, 310.15
51.8102, 310.15
52.1665, 310.15
52.2838, 310.15
52.64, 310.15
52.9014, 310.15
52.9145, 310.15
53.4841, 310.15
53.5016, 310.15
53.5151, 310.15
53.6308, 310.15
53.6631, 310.15
54.3206, 310.15
54.4727, 310.15
54.801, 310.15
55.0302, 310.15
55.4036, 310.15
55.6631, 310.15
55.8005, 310.151
55.9446, 310.151
56.197, 310.151
56.5264, 310.151
56.839, 310.151
56.9727, 310.151
57.3604, 310.151
57.6024, 310.152
57.6674, 310.152
57.8469, 310.152
57.8523, 310.152
57.8561, 310.152
57.8621, 310.152
58, 310.152
58.0465, 310.152
58.1119, 310.152
58.1135, 310.152
58.1628, 310.152
58.1748, 310.152
58.1936, 310.152
58.2198, 310.152
58.2534, 310.152
58.2915, 310.152
58.309, 310.152
58.337, 310.152
58.3644, 310.152
58.3882, 310.152
58.418, 310.152
58.456, 310.152
58.4753, 310.152
58.4888, 310.152
58.5199, 310.152
58.5599, 310.152
58.5974, 310.152
58.6299, 310.152
58.6516, 310.152
58.6933, 310.152
58.7634, 310.152
58.7658, 310.152
58.7678, 310.152
58.7695, 310.152
58.8362, 310.152
58.8617, 310.152
58.888, 310.152
58.9138, 310.152
58.9612, 310.152
58.9662, 310.152
59.0222, 310.152
59.0241, 310.152
59.025, 310.152
59.069, 310.152
59.1138, 310.152
59.1283, 310.152
59.1792, 310.152
59.181, 310.152
59.2262, 310.152
59.2293, 310.152
59.2813, 310.152
59.2884, 310.152
59.348, 310.152
59.3938, 310.152
59.407, 310.152
59.4266, 310.152
59.4507, 310.152
59.5014, 310.152
59.519, 310.152
59.5595, 310.152
59.5838, 310.152
59.62, 310.152
59.64, 310.152
59.6595, 310.152
59.6882, 310.152
59.7378, 310.152
59.7611, 310.152
59.7899, 310.152
59.8153, 310.152
59.8283, 310.152
59.8348, 310.152
59.8394, 310.152
59.8765, 310.152
59.8896, 310.152
59.9093, 310.152
59.9351, 310.152
59.9708, 310.152
59.9854, 310.152
60.0186, 310.153
60.0229, 310.153
60.0279, 310.153
60.0588, 310.153
60.09, 310.153
60.1176, 310.153
60.1561, 310.153
60.1831, 310.153
60.208, 310.153
60.2372, 310.153
60.2649, 310.153
60.2888, 310.153
60.3674, 310.153
60.3953, 310.153
60.429, 310.153
60.453, 310.153
60.4925, 310.153
60.5187, 310.153
60.5492, 310.153
60.5625, 310.153
60.6045, 310.153
60.6799, 310.153
60.6816, 310.153
60.7551, 310.153
60.7635, 310.153
60.7674, 310.153
60.7782, 310.153
60.8379, 310.153
60.8812, 310.153
60.9022, 310.153
60.9153, 310.153
60.9646, 310.153
60.9711, 310.153
61.0118, 310.153
61.0383, 310.153
61.0631, 310.153
61.0933, 310.153
61.1051, 310.153
61.1454, 310.153
61.1642, 310.153
61.1911, 310.153
61.2081, 310.153
61.2135, 310.153
61.2246, 310.153
61.2482, 310.153
61.2598, 310.153
61.2787, 310.153
61.2889, 310.153
61.3283, 310.153
61.3614, 310.153
61.3683, 310.153
61.406, 310.153
61.4587, 310.153
61.4672, 310.153
61.4749, 310.153
61.5028, 310.153
61.5506, 310.153
61.5526, 310.153
61.5544, 310.153
61.6148, 310.153
61.6271, 310.153
61.6788, 310.153
61.6922, 310.153
61.7097, 310.153
61.7288, 310.153
61.7665, 310.153
61.7897, 310.153
61.8136, 310.153
61.8375, 310.153
61.847, 310.153
61.8481, 310.153
61.8578, 310.153
61.9687, 310.153
61.9703, 310.153
61.9714, 310.153
61.9742, 310.153
62.0445, 310.153
62.0768, 310.153
62.127, 310.153
62.1359, 310.153
62.1615, 310.153
62.1955, 310.153
62.2009, 310.153
62.2475, 310.153
62.2624, 310.153
62.3204, 310.153
62.3247, 310.153
62.3354, 310.153
62.3867, 310.153
62.4337, 310.153
62.4611, 310.153
62.4851, 310.153
62.5113, 310.153
62.5387, 310.153
62.5821, 310.153
62.5964, 310.153
62.6394, 310.153
62.677, 310.153
62.7208, 310.153
62.7303, 310.153
62.7472, 310.153
62.7812, 310.153
62.8126, 310.153
62.8234, 310.153
62.8566, 310.153
62.8604, 310.153
62.9071, 310.153
62.9244, 310.153
62.9532, 310.153
62.9981, 310.153
63.0354, 310.153
63.0607, 310.153
63.0934, 310.153
63.1238, 310.153
63.1616, 310.153
63.1773, 310.153
63.2028, 310.153
63.2507, 310.153
63.2774, 310.153
63.3091, 310.153
63.3322, 310.153
63.3638, 310.153
63.4031, 310.153
63.4546, 310.153
63.468, 310.153
63.5132, 310.153
63.5173, 310.153
63.5608, 310.153
63.5786, 310.153
63.6083, 310.154
63.658, 310.154
63.6989, 310.154
63.7139, 310.154
63.7476, 310.154
63.7845, 310.154
63.7894, 310.154
63.7976, 310.154
63.8338, 310.154
63.8753, 310.154
63.8778, 310.154
63.9196, 310.154
63.9592, 310.154
63.9746, 310.154
63.9765, 310.154
64.0203, 310.154
64.0332, 310.154
64.1037, 310.154
64.1213, 310.154
64.1502, 310.154
64.1673, 310.154
64.2101, 310.154
64.22, 310.154
64.2472, 310.154
64.2665, 310.154
64.2927, 310.154
64.3407, 310.154
64.3499, 310.154
64.397, 310.154
64.4215, 310.154
64.4436, 310.154
64.4725, 310.154
64.4892, 310.154
64.538, 310.154
64.5423, 310.154
64.6306, 310.154
64.6454, 310.154
64.6691, 310.154
64.6835, 310.154
64.6895, 310.154
64.699, 310.154
64.7449, 310.154
64.7698, 310.154
64.7819, 310.154
64.8139, 310.154
64.8342, 310.154
64.8772, 310.154
64.8957, 310.154
64.9459, 310.154
64.9533, 310.154
64.9702, 310.154
64.9987, 310.154
65.0116, 310.154
65.0761, 310.154
65.0788, 310.154
65.0799, 310.154
65.0818, 310.154
65.1502, 310.154
65.1543, 310.154
65.2009, 310.154
65.2055, 310.154
65.2263, 310.154
65.2531, 310.154
65.2631, 310.154
65.2935, 310.154
65.3118, 310.154
65.3572, 310.154
65.4084, 310.154
65.4211, 310.154
65.4842, 310.154
65.5249, 310.154
65.5383, 310.154
65.5438, 310.154
65.5515, 310.154
65.6139, 310.154
65.6269, 310.155
65.63, 310.155
65.6408, 310.155
65.7151, 310.155
65.7333, 310.155
65.7387, 310.155
65.7437, 310.155
65.7984, 310.155
65.8177, 310.155
65.8483, 310.155
65.8987, 310.155
65.8992, 310.155
65.9561, 310.155
65.9739, 310.155
66.0089, 310.155
66.0266, 310.155
66.0468, 310.155
66.091, 310.155
66.1127, 310.155
66.1291, 310.155
66.1362, 310.155
66.184, 310.155
66.2452, 310.155
66.2716, 310.155
66.2861, 310.155
66.3133, 310.155
66.334, 310.155
66.3674, 310.155
66.3834, 310.155
66.3985, 310.155
66.4594, 310.155
66.4654, 310.155
66.4761, 310.155
66.4839, 310.155
66.51, 310.155
66.5319, 310.155
66.5401, 310.155
66.563, 310.155
66.5783, 310.155
66.5922, 310.155
66.6297, 310.155
66.641, 310.155
66.6601, 310.155
66.7512, 310.155
66.7793, 310.155
66.8426, 310.155
66.8484, 310.155
66.8625, 310.155
66.896, 310.155
66.9067, 310.155
66.9559, 310.155
67.0142, 310.155
67.0158, 310.155
67.0173, 310.155
67.0703, 310.155
67.0768, 310.155
67.1445, 310.156
67.1508, 310.156
67.1564, 310.156
67.1756, 310.156
67.2008, 310.156
67.2273, 310.156
67.2473, 310.156
67.2922, 310.156
67.2988, 310.156
67.3132, 310.156
67.3285, 310.156
67.3376, 310.156
67.3637, 310.156
67.4102, 310.156
67.4574, 310.156
67.4805, 310.156
67.4985, 310.156
67.53, 310.156
67.5781, 310.156
67.5901, 310.156
67.5956, 310.156
67.6078, 310.156
67.6636, 310.156
67.6905, 310.156
67.7286, 310.156
67.7329, 310.156
67.7349, 310.156
67.7641, 310.156
67.7752, 310.156
67.7774, 310.156
67.8123, 310.156
67.8296, 310.156
67.8356, 310.156
67.8801, 310.156
67.8985, 310.156
67.9447, 310.156
67.9674, 310.156
67.9827, 310.156
68.0193, 310.156
68.0394, 310.156
68.0763, 310.156
68.1116, 310.156
68.1513, 310.156
68.156, 310.156
68.1592, 310.156
68.2078, 310.156
68.2425, 310.156
68.2675, 310.156
68.283, 310.156
68.3283, 310.157
68.3549, 310.157
68.3593, 310.157
68.3641, 310.157
68.4035, 310.157
68.4081, 310.157
68.4279, 310.157
68.461, 310.157
68.5068, 310.157
68.5084, 310.157
68.5119, 310.157
68.5828, 310.157
68.6254, 310.157
68.6521, 310.157
68.6859, 310.157
68.729, 310.157
68.7757, 310.157
68.7888, 310.157
68.8211, 310.157
68.8657, 310.157
68.8852, 310.157
68.9437, 310.157
68.9601, 310.157
69.0092, 310.157
69.0245, 310.157
69.0536, 310.157
69.0826, 310.157
69.0934, 310.157
69.1295, 310.157
69.1677, 310.157
69.1813, 310.157
69.2124, 310.157
69.2614, 310.157
69.2933, 310.158
69.3313, 310.158
69.3378, 310.158
69.3802, 310.158
69.4021, 310.158
69.4502, 310.158
69.4688, 310.158
69.5191, 310.158
69.5313, 310.158
69.5608, 310.158
69.5748, 310.158
69.6077, 310.158
69.6402, 310.158
69.6853, 310.158
69.7033, 310.158
69.7288, 310.158
69.7517, 310.158
69.797, 310.158
69.8113, 310.158
69.8409, 310.158
69.8594, 310.158
69.8694, 310.158
69.9269, 310.158
69.9549, 310.158
69.9958, 310.158
70.0078, 310.158
70.0217, 310.158
70.0691, 310.158
70.0865, 310.158
70.1295, 310.158
70.1889, 310.159
70.2325, 310.159
70.2424, 310.159
70.2437, 310.159
70.299, 310.159
70.3361, 310.159
70.3461, 310.159
70.42, 310.159
70.4418, 310.159
70.47, 310.159
70.479, 310.159
70.5059, 310.159
70.5246, 310.159
70.5385, 310.159
70.5632, 310.159
70.6066, 310.159
70.6342, 310.159
70.6417, 310.159
70.6837, 310.159
70.7156, 310.159
70.7267, 310.159
70.7373, 310.159
70.7644, 310.159
70.7782, 310.159
70.8133, 310.159
70.8332, 310.159
70.8675, 310.159
70.8809, 310.159
70.9385, 310.16
70.9393, 310.16
70.9955, 310.16
71.0188, 310.16
71.0626, 310.16
71.0681, 310.16
71.1128, 310.16
71.1205, 310.16
71.153, 310.16
71.1882, 310.16
71.2131, 310.16
71.2192, 310.16
71.2363, 310.16
71.2566, 310.16
71.2975, 310.16
71.3038, 310.16
71.3808, 310.16
71.3863, 310.16
71.4521, 310.16
71.4594, 310.16
71.527, 310.16
71.529, 310.16
71.5771, 310.161
71.5867, 310.161
71.6265, 310.161
71.6461, 310.161
71.6638, 310.161
71.6945, 310.161
71.7167, 310.161
71.7346, 310.161
71.7721, 310.161
71.7815, 310.161
71.816, 310.161
71.8608, 310.161
71.8679, 310.161
71.9034, 310.161
71.9264, 310.161
71.985, 310.161
72.0005, 310.161
72.0058, 310.161
72.0399, 310.161
72.0781, 310.161
72.0965, 310.161
72.1041, 310.161
72.1316, 310.161
72.1457, 310.161
72.1527, 310.161
72.1809, 310.161
72.2115, 310.162
72.2149, 310.162
72.2547, 310.162
72.2592, 310.162
72.2996, 310.162
72.3281, 310.162
72.3386, 310.162
72.3737, 310.162
72.4261, 310.162
72.4362, 310.162
72.4619, 310.162
72.4881, 310.162
72.5146, 310.162
72.536, 310.162
72.567, 310.162
72.6584, 310.162
72.683, 310.162
72.7201, 310.162
72.7514, 310.163
72.7687, 310.163
72.7809, 310.163
72.8191, 310.163
72.8489, 310.163
72.851, 310.163
72.8583, 310.163
72.9121, 310.163
72.933, 310.163
72.9628, 310.163
72.9815, 310.163
73.0192, 310.163
73.0348, 310.163
73.0786, 310.163
73.1376, 310.163
73.1452, 310.163
73.146, 310.163
73.1471, 310.163
73.1876, 310.163
73.2378, 310.163
73.2594, 310.164
73.2783, 310.164
73.2858, 310.164
73.3173, 310.164
73.3404, 310.164
73.3768, 310.164
73.3915, 310.164
73.4731, 310.164
73.4918, 310.164
73.5074, 310.164
73.5129, 310.164
73.5358, 310.164
73.5587, 310.164
73.6371, 310.164
73.6439, 310.164
73.6495, 310.164
73.6819, 310.164
73.7155, 310.164
73.7238, 310.165
73.7502, 310.165
73.7823, 310.165
73.7941, 310.165
73.8274, 310.165
73.8371, 310.165
73.8525, 310.165
73.8859, 310.165
73.9232, 310.165
73.9315, 310.165
73.9739, 310.165
74.0072, 310.165
74.0187, 310.165
74.0462, 310.165
74.0557, 310.165
74.0593, 310.165
74.0806, 310.165
74.1304, 310.165
74.137, 310.165
74.1776, 310.166
74.224, 310.166
74.2277, 310.166
74.2741, 310.166
74.3148, 310.166
74.3162, 310.166
74.3763, 310.166
74.3823, 310.166
74.3996, 310.166
74.4346, 310.166
74.4666, 310.166
74.4894, 310.166
74.4934, 310.166
74.5327, 310.166
74.5713, 310.166
74.5898, 310.167
74.5939, 310.167
74.6443, 310.167
74.6665, 310.167
74.7039, 310.167
74.736, 310.167
74.7574, 310.167
74.7918, 310.167
74.8137, 310.167
74.8493, 310.167
74.8882, 310.167
74.9075, 310.167
74.9417, 310.167
74.9683, 310.168
74.9784, 310.168
74.9959, 310.168
75.0203, 310.168
75.061, 310.168
75.085, 310.168
75.1114, 310.168
75.1332, 310.168
75.1544, 310.168
75.198, 310.168
75.2052, 310.168
75.2396, 310.168
75.2953, 310.168
75.3614, 310.169
75.3625, 310.169
75.3632, 310.169
75.4282, 310.169
75.4724, 310.169
75.5278, 310.169
75.5658, 310.169
75.5874, 310.169
75.6293, 310.169
75.6516, 310.169
75.6634, 310.169
75.6828, 310.17
75.7226, 310.17
75.7564, 310.17
75.7864, 310.17
75.8117, 310.17
75.8615, 310.17
75.8677, 310.17
75.8788, 310.17
75.9064, 310.17
75.9362, 310.17
75.9834, 310.17
76.0044, 310.171
76.0105, 310.171
76.0613, 310.171
76.0676, 310.171
76.0805, 310.171
76.1403, 310.171
76.1576, 310.171
76.1676, 310.171
76.1996, 310.171
76.2574, 310.171
76.3005, 310.171
76.3214, 310.172
76.3355, 310.172
76.4001, 310.172
76.4057, 310.172
76.4512, 310.172
76.4523, 310.172
76.4524, 310.172
76.4532, 310.172
76.5034, 310.172
76.5098, 310.172
76.5337, 310.172
76.5599, 310.172
76.5692, 310.172
76.5935, 310.172
76.6215, 310.173
76.671, 310.173
76.6848, 310.173
76.7365, 310.173
76.7522, 310.173
76.7773, 310.173
76.8013, 310.173
76.8244, 310.173
76.8701, 310.173
76.8891, 310.173
76.919, 310.174
76.9639, 310.174
76.9988, 310.174
77.0331, 310.174
77.0617, 310.174
77.091, 310.174
77.1382, 310.174
77.1466, 310.174
77.1867, 310.175
77.2584, 310.175
77.2632, 310.175
77.2679, 310.175
77.3209, 310.175
77.323, 310.175
77.33, 310.175
77.3821, 310.175
77.3903, 310.175
77.4214, 310.175
77.4308, 310.176
77.4479, 310.176
77.4886, 310.176
77.5116, 310.176
77.5345, 310.176
77.5429, 310.176
77.5461, 310.176
77.5777, 310.176
77.6328, 310.176
77.6547, 310.176
77.7002, 310.177
77.7018, 310.177
77.7339, 310.177
77.762, 310.177
77.7773, 310.177
77.792, 310.177
77.8172, 310.177
77.8733, 310.177
77.8842, 310.177
77.8916, 310.177
77.9099, 310.177
77.9466, 310.178
77.9824, 310.178
78.0403, 310.178
78.0528, 310.178
78.0972, 310.178
78.106, 310.178
78.1422, 310.178
78.1468, 310.178
78.1833, 310.179
78.1865, 310.179
78.2253, 310.179
78.2475, 310.179
78.2922, 310.179
78.3174, 310.179
78.3521, 310.179
78.3984, 310.18
78.4504, 310.18
78.4614, 310.18
78.4666, 310.18
78.4941, 310.18
78.5004, 310.18
78.5127, 310.18
78.5456, 310.18
78.5495, 310.18
78.5803, 310.18
78.5923, 310.181
78.6294, 310.181
78.6478, 310.181
78.6965, 310.181
78.727, 310.181
78.7461, 310.181
78.7634, 310.181
78.7923, 310.181
78.8158, 310.182
78.8491, 310.182
78.8775, 310.182
78.8853, 310.182
78.8946, 310.182
78.9195, 310.182
78.9442, 310.182
78.9761, 310.182
79.0191, 310.183
79.0322, 310.183
79.0506, 310.183
79.0671, 310.183
79.1132, 310.183
79.1549, 310.183
79.1877, 310.183
79.2052, 310.184
79.2329, 310.184
79.2414, 310.184
79.2989, 310.184
79.3067, 310.184
79.3124, 310.184
79.3556, 310.184
79.4036, 310.185
79.4353, 310.185
79.4652, 310.185
79.4758, 310.185
79.4974, 310.185
79.5281, 310.185
79.58, 310.186
79.5905, 310.186
79.6358, 310.186
79.6529, 310.186
79.7133, 310.186
79.7178, 310.186
79.7234, 310.186
79.7399, 310.186
79.7537, 310.187
79.7817, 310.187
79.8044, 310.187
79.817, 310.187
79.8429, 310.187
79.8625, 310.187
79.8711, 310.187
79.8919, 310.187
79.9222, 310.187
79.9396, 310.188
80.0011, 310.188
80.012, 310.188
80.032, 310.188
80.0543, 310.188
80.0634, 310.188
80.1146, 310.189
80.1548, 310.189
80.1681, 310.189
80.1704, 310.189
80.174, 310.189
80.2428, 310.189
80.2708, 310.19
80.2925, 310.19
80.3219, 310.19
80.3635, 310.19
80.3763, 310.19
80.4201, 310.191
80.4415, 310.191
80.471, 310.191
80.487, 310.191
80.5132, 310.191
80.5147, 310.191
80.5663, 310.191
80.5865, 310.192
80.6208, 310.192
80.6559, 310.192
80.6632, 310.192
80.6639, 310.192
80.6675, 310.192
80.698, 310.192
80.7318, 310.193
80.7342, 310.193
80.7615, 310.193
80.7921, 310.193
80.8198, 310.193
80.8709, 310.193
80.8889, 310.194
80.9146, 310.194
80.9705, 310.194
80.9905, 310.194
81.0376, 310.195
81.0707, 310.195
81.0867, 310.195
81.1002, 310.195
81.1134, 310.195
81.1454, 310.195
81.1575, 310.195
81.163, 310.195
81.2008, 310.196
81.256, 310.196
81.2685, 310.196
81.2978, 310.196
81.3137, 310.197
81.3382, 310.197
81.3821, 310.197
81.4085, 310.197
81.4309, 310.197
81.4467, 310.198
81.4904, 310.198
81.495, 310.198
81.5144, 310.198
81.5378, 310.198
81.5442, 310.198
81.603, 310.199
81.638, 310.199
81.6659, 310.199
81.6994, 310.199
81.7298, 310.2
81.7433, 310.2
81.8103, 310.2
81.8453, 310.201
81.8641, 310.201
81.8867, 310.201
81.9194, 310.201
81.9521, 310.201
81.9659, 310.202
82.0048, 310.202
82.0099, 310.202
82.0189, 310.202
82.0922, 310.203
82.1427, 310.203
82.1449, 310.203
82.1475, 310.203
82.1895, 310.203
82.2375, 310.204
82.242, 310.204
82.2809, 310.204
82.3192, 310.204
82.3249, 310.204
82.3375, 310.205
82.3515, 310.205
82.39, 310.205
82.4305, 310.205
82.4351, 310.205
82.4385, 310.205
82.4997, 310.206
82.5265, 310.206
82.529, 310.206
82.5715, 310.207
82.5988, 310.207
82.6113, 310.207
82.6617, 310.207
82.6947, 310.208
82.7046, 310.208
82.7096, 310.208
82.768, 310.208
82.8, 310.209
82.863, 310.209
82.8633, 310.209
82.8637, 310.209
82.9233, 310.21
82.9311, 310.21
82.973, 310.21
82.984, 310.21
82.9947, 310.211
83.0389, 310.211
83.1007, 310.212
83.1085, 310.212
83.1107, 310.212
83.143, 310.212
83.1724, 310.212
83.1742, 310.212
83.2186, 310.213
83.2559, 310.213
83.2618, 310.213
83.2994, 310.213
83.3267, 310.214
83.3514, 310.214
83.3759, 310.214
83.4169, 310.215
83.4253, 310.215
83.4357, 310.215
83.4595, 310.215
83.4818, 310.215
83.5412, 310.216
83.5526, 310.216
83.6057, 310.217
83.6248, 310.217
83.6553, 310.217
83.6679, 310.217
83.7062, 310.218
83.7152, 310.218
83.7606, 310.218
83.7743, 310.218
83.7871, 310.219
83.8105, 310.219
83.8415, 310.219
83.8602, 310.219
83.8697, 310.219
83.8777, 310.22
83.8981, 310.22
83.9403, 310.22
83.9442, 310.22
83.9465, 310.22
83.9604, 310.22
84.0373, 310.221
84.0468, 310.221
84.0484, 310.221
84.0959, 310.222
84.1056, 310.222
84.1403, 310.222
84.1639, 310.223
84.1959, 310.223
84.2131, 310.223
84.2533, 310.224
84.2548, 310.224
84.3011, 310.224
84.3034, 310.224
84.3035, 310.224
84.3035, 310.224
84.3559, 310.225
84.3812, 310.225
84.3948, 310.225
84.4135, 310.226
84.4601, 310.226
84.4683, 310.226
84.4713, 310.226
84.5138, 310.227
84.5387, 310.227
84.5606, 310.227
84.5893, 310.228
84.6207, 310.228
84.6252, 310.228
84.6393, 310.228
84.6911, 310.229
84.7005, 310.229
84.7105, 310.229
84.7732, 310.23
84.7812, 310.23
84.7878, 310.23
84.8126, 310.231
84.8263, 310.231
84.8724, 310.231
84.9139, 310.232
84.9244, 310.232
85.0066, 310.233
85.0372, 310.233
85.0502, 310.234
85.081, 310.234
85.1041, 310.234
85.1148, 310.235
85.1499, 310.235
85.1817, 310.235
85.209, 310.236
85.2557, 310.236
85.2752, 310.237
85.3036, 310.237
85.3153, 310.237
85.3485, 310.238
85.3533, 310.238
85.3887, 310.238
85.4024, 310.238
85.4402, 310.239
85.45, 310.239
85.4685, 310.239
85.5137, 310.24
85.5527, 310.241
85.5567, 310.241
85.5584, 310.241
85.5598, 310.241
85.5968, 310.241
85.6242, 310.242
85.6731, 310.242
85.6896, 310.243
85.6996, 310.243
85.7229, 310.243
85.7738, 310.244
85.7762, 310.244
85.815, 310.244
85.8212, 310.245
85.8404, 310.245
85.8706, 310.245
85.886, 310.245
85.9136, 310.246
85.9614, 310.247
86.0144, 310.247
86.0269, 310.248
86.0785, 310.248
86.0936, 310.249
86.112, 310.249
86.1291, 310.249
86.1756, 310.25
86.1947, 310.25
86.2134, 310.251
86.2352, 310.251
86.2449, 310.251
86.285, 310.252
86.3225, 310.252
86.3308, 310.252
86.3643, 310.253
86.3766, 310.253
86.379, 310.253
86.4267, 310.254
86.437, 310.254
86.4782, 310.255
86.4933, 310.255
86.5014, 310.255
86.5378, 310.256
86.5686, 310.256
86.6194, 310.257
86.6446, 310.258
86.6767, 310.258
86.7139, 310.259
86.751, 310.26
86.7761, 310.26
86.8012, 310.26
86.8446, 310.261
86.8532, 310.261
86.8924, 310.262
86.9221, 310.263
86.9466, 310.263
86.9504, 310.263
86.9603, 310.263
86.9934, 310.264
87.0539, 310.265
87.092, 310.266
87.0926, 310.266
87.095, 310.266
87.1537, 310.267
87.1757, 310.267
87.1841, 310.267
87.1967, 310.268
87.2164, 310.268
87.2743, 310.269
87.3146, 310.27
87.327, 310.27
87.3825, 310.271
87.4031, 310.272
87.4389, 310.272
87.4496, 310.272
87.4907, 310.273
87.5376, 310.274
87.5506, 310.274
87.5852, 310.275
87.6179, 310.276
87.6245, 310.276
87.6838, 310.277
87.6997, 310.277
87.722, 310.278
87.7465, 310.278
87.7895, 310.279
87.8025, 310.28
87.8162, 310.28
87.8329, 310.28
87.8547, 310.281
87.8633, 310.281
87.882, 310.281
87.9092, 310.282
87.931, 310.282
87.9498, 310.283
87.9879, 310.283
88.0276, 310.284
88.0598, 310.285
88.076, 310.285
88.1335, 310.287
88.1395, 310.287
88.1811, 310.288
88.1922, 310.288
88.2079, 310.288
88.2329, 310.289
88.2807, 310.29
88.2839, 310.29
88.3133, 310.291
88.3461, 310.291
88.3666, 310.292
88.3756, 310.292
88.427, 310.293
88.4379, 310.293
88.4974, 310.295
88.4978, 310.295
88.4992, 310.295
88.5544, 310.296
88.5694, 310.297
88.6209, 310.298
88.6291, 310.298
88.6373, 310.298
88.7044, 310.3
88.712, 310.3
88.7172, 310.3
88.7673, 310.301
88.8044, 310.302
88.816, 310.302
88.8511, 310.303
88.8558, 310.303
88.8635, 310.304
88.9235, 310.305
88.9483, 310.306
88.9562, 310.306
88.9676, 310.306
88.9959, 310.307
89.0266, 310.308
89.0351, 310.308
89.0539, 310.308
89.0691, 310.309
89.0835, 310.309
89.1009, 310.31
89.1317, 310.31
89.174, 310.312
89.2045, 310.312
89.2321, 310.313
89.2386, 310.313
89.2485, 310.313
89.2918, 310.315
89.3144, 310.315
89.3219, 310.315
89.3304, 310.316
89.3871, 310.317
89.4262, 310.318
89.4392, 310.319
89.4437, 310.319
89.4626, 310.319
89.4835, 310.32
89.5351, 310.321
89.5589, 310.322
89.5811, 310.323
89.6141, 310.323
89.6722, 310.325
89.6784, 310.325
89.7505, 310.327
89.7559, 310.327
89.7986, 310.329
89.8055, 310.329
89.8231, 310.329
89.8697, 310.331
89.9029, 310.332
89.9172, 310.332
89.9311, 310.333
89.974, 310.334
90.0081, 310.335
90.0546, 310.336
90.0593, 310.336
90.1189, 310.338
90.177, 310.34
90.1843, 310.34
90.1909, 310.34
90.2492, 310.342
90.2573, 310.343
90.2698, 310.343
90.3102, 310.344
90.3684, 310.346
90.3874, 310.347
90.4325, 310.348
90.4843, 310.35
90.4865, 310.35
90.4891, 310.35
90.5398, 310.352
90.5503, 310.352
90.5791, 310.353
90.6211, 310.354
90.6547, 310.355
90.6715, 310.356
90.7128, 310.357
90.713, 310.357
90.7139, 310.357
90.7656, 310.359
90.8006, 310.36
90.8058, 310.36
90.8151, 310.361
90.8596, 310.362
90.8729, 310.363
90.9387, 310.365
90.9524, 310.366
91.0067, 310.367
91.0088, 310.368
91.0498, 310.369
91.0668, 310.37
91.1267, 310.372
91.1317, 310.372
91.1349, 310.372
91.1386, 310.372
91.1878, 310.374
91.2471, 310.376
91.2575, 310.377
91.2926, 310.378
91.3411, 310.38
91.355, 310.38
91.3803, 310.381
91.4135, 310.382
91.4205, 310.383
91.434, 310.383
91.4633, 310.384
91.4887, 310.385
91.511, 310.386
91.5335, 310.387
91.5641, 310.388
91.5704, 310.388
91.5785, 310.389
91.6256, 310.391
91.6303, 310.391
91.6567, 310.392
91.6677, 310.392
91.6691, 310.392
91.7158, 310.394
91.7372, 310.395
91.7653, 310.396
91.797, 310.397
91.83, 310.399
91.8355, 310.399
91.8425, 310.399
91.8781, 310.401
91.9242, 310.403
91.9258, 310.403
91.9472, 310.404
91.9541, 310.404
91.9704, 310.405
91.9717, 310.405
92.0141, 310.406
92.0285, 310.407
92.0458, 310.408
92.0728, 310.409
92.0798, 310.409
92.0886, 310.41
92.1062, 310.41
92.1281, 310.411
92.1626, 310.413
92.2219, 310.415
92.2222, 310.415
92.2225, 310.415
92.2579, 310.417
92.2972, 310.419
92.3322, 310.42
92.3702, 310.422
92.3812, 310.422
92.4011, 310.423
92.4378, 310.425
92.4524, 310.426
92.4563, 310.426
92.4914, 310.427
92.4987, 310.428
92.5343, 310.429
92.5728, 310.431
92.5898, 310.432
92.6017, 310.433
92.6532, 310.435
92.6778, 310.436
92.7207, 310.438
92.7668, 310.44
92.7942, 310.442
92.8368, 310.444
92.8468, 310.444
92.8933, 310.446
92.9432, 310.449
92.9448, 310.449
92.9884, 310.451
93.0154, 310.453
93.0579, 310.455
93.0686, 310.455
93.1238, 310.458
93.124, 310.458
93.1244, 310.458
93.1631, 310.46
93.2159, 310.463
93.2526, 310.465
93.258, 310.465
93.2593, 310.465
93.2629, 310.465
93.2964, 310.467
93.3012, 310.467
93.3027, 310.467
93.3373, 310.469
93.3765, 310.471
93.3913, 310.472
93.4311, 310.474
93.4549, 310.475
93.4841, 310.477
93.5036, 310.478
93.5497, 310.481
93.5669, 310.482
93.6003, 310.483
93.6232, 310.485
93.6559, 310.487
93.6774, 310.488
93.6875, 310.488
93.7343, 310.491
93.7755, 310.493
93.7787, 310.493
93.822, 310.496
93.8229, 310.496
93.8674, 310.499
93.8686, 310.499
93.8711, 310.499
93.927, 310.502
93.9492, 310.503
93.9609, 310.504
93.9838, 310.505
94.0237, 310.508
94.0316, 310.508
94.0911, 310.512
94.1121, 310.513
94.1422, 310.515
94.1726, 310.517
94.1918, 310.518
94.2022, 310.519
94.2281, 310.52
94.2532, 310.522
94.2993, 310.525
94.3095, 310.525
94.3792, 310.53
94.3875, 310.53
94.4205, 310.532
94.45, 310.534
94.4912, 310.537
94.4945, 310.537
94.4963, 310.537
94.5027, 310.538
94.5424, 310.54
94.5587, 310.541
94.5781, 310.543
94.6009, 310.544
94.611, 310.545
94.6146, 310.545
94.6687, 310.549
94.7006, 310.551
94.718, 310.552
94.7746, 310.556
94.802, 310.558
94.8112, 310.558
94.8196, 310.559
94.8582, 310.562
94.9154, 310.566
94.9158, 310.566
94.9526, 310.568
94.9893, 310.571
95.0402, 310.575
95.0441, 310.575
95.0475, 310.575
95.0519, 310.575
95.0991, 310.579
95.1528, 310.583
95.1586, 310.583
95.2068, 310.587
95.2355, 310.589
95.2638, 310.591
95.2817, 310.592
95.3003, 310.594
95.3141, 310.595
95.3654, 310.599
95.3659, 310.599
95.4073, 310.602
95.4204, 310.603
95.457, 310.606
95.5054, 310.609
95.5069, 310.609
95.5657, 310.614
95.606, 310.617
95.6256, 310.619
95.6776, 310.623
95.6818, 310.623
95.7489, 310.629
95.7719, 310.631
95.7848, 310.632
95.8472, 310.637
95.866, 310.638
95.885, 310.64
95.9058, 310.642
95.9425, 310.645
95.9605, 310.646
95.9906, 310.649
96.0224, 310.652
96.0379, 310.653
96.0527, 310.654
96.0709, 310.656
96.0822, 310.657
96.1392, 310.662
96.1503, 310.663
96.1734, 310.665
96.207, 310.668
96.23, 310.67
96.273, 310.674
96.332, 310.679
96.3337, 310.679
96.3671, 310.682
96.3835, 310.684
96.4136, 310.686
96.4498, 310.69
96.4751, 310.692
96.4854, 310.693
96.5131, 310.696
96.5161, 310.696
96.5285, 310.697
96.5445, 310.699
96.5778, 310.702
96.5874, 310.703
96.6072, 310.705
96.6485, 310.709
96.6915, 310.713
96.741, 310.718
96.7594, 310.719
96.8032, 310.724
96.8295, 310.726
96.866, 310.73
96.8771, 310.731
96.904, 310.734
96.9101, 310.734
96.9119, 310.735
96.9144, 310.735
96.9862, 310.742
97.0241, 310.746
97.0683, 310.751
97.0797, 310.752
97.0911, 310.753
97.128, 310.757
97.1443, 310.759
97.1786, 310.762
97.1913, 310.764
97.1937, 310.764
97.1979, 310.764
97.2361, 310.768
97.2483, 310.77
97.2585, 310.771
97.3009, 310.776
97.3148, 310.777
97.3181, 310.777
97.3813, 310.784
97.3845, 310.785
97.4336, 310.79
97.4341, 310.79
97.4725, 310.795
97.4753, 310.795
97.4947, 310.797
97.5133, 310.799
97.5198, 310.8
97.5422, 310.802
97.5584, 310.804
97.5677, 310.805
97.5979, 310.809
97.6125, 310.811
97.6177, 310.811
97.6318, 310.813
97.661, 310.816
97.6813, 310.819
97.7066, 310.822
97.7076, 310.822
97.7129, 310.822
97.7439, 310.826
97.8061, 310.833
97.8346, 310.837
97.8458, 310.838
97.8847, 310.843
97.9052, 310.845
97.9393, 310.85
97.9761, 310.854
97.9914, 310.856
98.0346, 310.861
98.0681, 310.866
98.1157, 310.872
98.1176, 310.872
98.1303, 310.874
98.1656, 310.878
98.1689, 310.879
98.1833, 310.88
98.2041, 310.883
98.2074, 310.884
98.2469, 310.889
98.2901, 310.894
98.2986, 310.895
98.3032, 310.896
98.3312, 310.9
98.3901, 310.908
98.3906, 310.908
98.3911, 310.908
98.4214, 310.912
98.4418, 310.915
98.485, 310.921
98.4942, 310.922
98.5317, 310.927
98.5402, 310.928
98.6212, 310.94
98.6402, 310.942
98.6915, 310.95
98.7056, 310.952
98.7556, 310.959
98.8566, 310.974
98.8895, 310.978
98.9163, 310.983
98.9467, 310.987
98.9861, 310.993
98.9954, 310.994
99.0307, 311
99.0468, 311.002
99.0717, 311.006
99.1065, 311.012
99.1187, 311.014
99.1381, 311.017
99.1649, 311.021
99.194, 311.025
99.2342, 311.032
99.2551, 311.035
99.3, 311.042
99.3311, 311.048
99.3392, 311.049
99.3829, 311.056
99.3917, 311.057
99.4501, 311.067
99.4587, 311.069
99.4713, 311.071
99.5029, 311.076
99.5208, 311.079
99.5439, 311.083
99.5564, 311.085
99.5839, 311.09
99.6074, 311.094
99.6126, 311.095
99.651, 311.102
99.6547, 311.102
99.6626, 311.104
99.6838, 311.107
99.7357, 311.117
99.7641, 311.122
99.7828, 311.125
99.8227, 311.132
99.8231, 311.132
99.8666, 311.14
99.8945, 311.145
99.8947, 311.145
99.9362, 311.153
99.9538, 311.156
100.009, 311.167
100.013, 311.167
100.042, 311.173
100.075, 311.179
100.097, 311.184
100.145, 311.193
100.174, 311.198
100.222, 311.208
100.26, 311.215
100.264, 311.216
100.322, 311.228
100.353, 311.234
100.365, 311.237
100.395, 311.243
100.398, 311.244
100.453, 311.255
100.483, 311.261
100.504, 311.266
100.54, 311.273
100.587, 311.283
100.594, 311.285
100.63, 311.293
100.661, 311.299
100.667, 311.301
100.679, 311.303
100.701, 311.308
100.714, 311.311
100.74, 311.317
100.753, 311.32
100.763, 311.322
100.794, 311.329
100.805, 311.331
100.871, 311.347
100.875, 311.347
100.924, 311.359
100.97, 311.369
100.974, 311.37
100.977, 311.371
101.028, 311.383
101.048, 311.388
101.083, 311.396
101.131, 311.408
101.161, 311.416
101.202, 311.426
101.215, 311.429
101.247, 311.437
101.294, 311.449
101.353, 311.464
101.358, 311.465
101.423, 311.482
101.431, 311.484
101.448, 311.489
101.493, 311.5
101.508, 311.505
101.566, 311.52
101.57, 311.521
101.622, 311.535
101.655, 311.545
101.67, 311.549
101.701, 311.558
101.71, 311.56
101.735, 311.567
101.808, 311.588
101.826, 311.593
101.859, 311.603
101.875, 311.608
101.906, 311.617
101.92, 311.621
101.934, 311.625
101.948, 311.629
101.969, 311.636
102.001, 311.645
102.037, 311.656
102.054, 311.661
102.091, 311.673
102.121, 311.682
102.147, 311.691
102.167, 311.697
102.208, 311.71
102.241, 311.72
102.257, 311.726
102.267, 311.729
102.3, 311.74
102.304, 311.741
102.34, 311.753
102.344, 311.754
102.385, 311.768
102.402, 311.774
102.426, 311.782
102.481, 311.8
102.481, 311.801
102.516, 311.813
102.52, 311.814
102.559, 311.828
102.569, 311.831
102.607, 311.845
102.623, 311.85
102.666, 311.866
102.687, 311.874
102.718, 311.885
102.757, 311.899
102.774, 311.906
102.779, 311.907
102.804, 311.917
102.829, 311.926
102.866, 311.94
102.886, 311.948
102.915, 311.959
102.969, 311.98
102.976, 311.983
102.991, 311.989
103.012, 311.997
103.024, 312.002
103.076, 312.023
103.096, 312.031
103.107, 312.035
103.178, 312.065
103.186, 312.068
103.203, 312.075
103.222, 312.083
103.231, 312.087
103.264, 312.101
103.307, 312.119
103.335, 312.131
103.351, 312.138
103.387, 312.154
103.406, 312.162
103.437, 312.176
103.47, 312.19
103.492, 312.201
103.517, 312.212
103.539, 312.222
103.573, 312.237
103.575, 312.238
103.598, 312.248
103.613, 312.255
103.614, 312.256
103.616, 312.257
103.68, 312.286
103.754, 312.321
103.762, 312.325
103.793, 312.34
103.805, 312.346
103.813, 312.349
103.838, 312.361
103.878, 312.381
103.885, 312.384
103.936, 312.408
103.972, 312.426
104.03, 312.455
104.04, 312.459
104.074, 312.476
104.088, 312.483
104.131, 312.504
104.139, 312.508
104.178, 312.527
104.226, 312.551
104.227, 312.552
104.229, 312.553
104.311, 312.594
104.326, 312.601
104.34, 312.608
104.358, 312.617
104.418, 312.646
104.44, 312.657
104.476, 312.675
104.479, 312.676
104.508, 312.69
104.567, 312.719
104.592, 312.731
104.606, 312.737
104.645, 312.756
104.678, 312.772
104.722, 312.793
104.745, 312.803
104.801, 312.829
104.829, 312.842
104.87, 312.86
104.871, 312.861
104.903, 312.874
104.928, 312.885
104.978, 312.906
104.989, 312.911
105.012, 312.92
105.03, 312.928
105.047, 312.935
105.071, 312.945
105.108, 312.959
105.151, 312.976
105.171, 312.984
105.21, 312.998
105.227, 313.005
105.244, 313.011
105.271, 313.02
105.316, 313.036
105.332, 313.041
105.381, 313.058
105.426, 313.072
105.442, 313.077
105.459, 313.082
105.47, 313.085
105.522, 313.101
105.554, 313.11
105.575, 313.115
105.603, 313.122
105.616, 313.125
105.648, 313.133
105.679, 313.14
105.702, 313.145
105.727, 313.15
105.751, 313.155
105.78, 313.161
105.841, 313.173
105.845, 313.174
105.907, 313.183
105.921, 313.185
105.948, 313.189
105.952, 313.19
105.961, 313.191
106.003, 313.195
106.017, 313.197
106.054, 313.201
106.093, 313.205
106.152, 313.209
106.157, 313.21
106.16, 313.21
106.22, 313.213
106.261, 313.214
106.294, 313.215
106.298, 313.215
106.308, 313.215
106.364, 313.214
106.407, 313.214
106.416, 313.214
106.443, 313.213
106.452, 313.213
106.457, 313.212
106.515, 313.209
106.545, 313.208
106.564, 313.206
106.604, 313.203
106.659, 313.197
106.668, 313.196
106.713, 313.191
106.724, 313.19
106.762, 313.185
106.781, 313.182
106.812, 313.178
106.85, 313.172
106.861, 313.171
106.862, 313.17
106.865, 313.17
106.896, 313.165
106.921, 313.16
106.942, 313.156
106.961, 313.153
107.001, 313.146
107.004, 313.145
107.063, 313.133
107.077, 313.131
107.117, 313.122
107.161, 313.113
107.195, 313.106
107.213, 313.101
107.246, 313.094
107.25, 313.093
107.272, 313.088
107.275, 313.087
107.301, 313.081
107.314, 313.078
107.36, 313.067
107.366, 313.066
107.408, 313.055
107.422, 313.052
107.453, 313.044
107.478, 313.038
107.485, 313.036
107.55, 313.02
107.579, 313.012
107.6, 313.007
107.64, 312.996
107.695, 312.982
107.701, 312.98
107.714, 312.977
107.736, 312.971
107.761, 312.964
107.802, 312.954
107.817, 312.949
107.842, 312.943
107.904, 312.927
107.932, 312.919
107.944, 312.916
107.955, 312.913
107.98, 312.907
108.004, 312.901
108.038, 312.892
108.056, 312.887
108.061, 312.886
108.11, 312.874
108.119, 312.871
108.141, 312.866
108.169, 312.859
108.239, 312.842
108.248, 312.84
108.25, 312.84
108.258, 312.838
108.302, 312.827
108.347, 312.817
108.351, 312.816
108.393, 312.806
108.401, 312.804
108.457, 312.792
108.459, 312.792
108.461, 312.791
108.527, 312.777
108.538, 312.775
108.562, 312.77
108.573, 312.767
108.578, 312.766
108.59, 312.764
108.626, 312.757
108.644, 312.753
108.662, 312.75
108.672, 312.748
108.736, 312.735
108.755, 312.732
108.787, 312.726
108.804, 312.723
108.847, 312.716
108.89, 312.708
108.923, 312.703
108.932, 312.701
108.998, 312.691
109.006, 312.69
109.031, 312.686
109.051, 312.683
109.086, 312.678
109.099, 312.676
109.111, 312.674
109.157, 312.668
109.179, 312.665
109.223, 312.659
109.253, 312.655
109.266, 312.654
109.308, 312.649
109.329, 312.646
109.345, 312.645
109.361, 312.643
109.384, 312.64
109.419, 312.637
109.431, 312.636
109.479, 312.631
109.494, 312.629
109.538, 312.626
109.544, 312.625
109.549, 312.625
109.589, 312.621
109.632, 312.618
109.643, 312.617
109.698, 312.613
109.699, 312.613
109.7, 312.613
109.772, 312.609
109.774, 312.609
109.816, 312.607
109.852, 312.606
109.87, 312.605
109.893, 312.604
109.902, 312.604
109.959, 312.603
110, 312.602
110.074, 312.529
110.144, 312.451
110.231, 312.382
110.264, 312.355
110.384, 312.3
110.499, 312.246
110.559, 312.226
110.795, 312.14
110.946, 312.082
111, 312.068


