X,T
6.61744e-18, 310.15
0.218929, 310.15
0.550309, 310.15
0.594245, 310.15
0.63223, 310.15
1.0221, 310.15
1.09653, 310.15
1.3127, 310.15
1.50767, 310.15
1.82249, 310.15
1.84818, 310.15
1.89406, 310.15
2.39258, 310.15
2.59809, 310.15
2.80939, 310.15
3.03114, 310.15
3.23573, 310.15
3.44789, 310.15
3.48652, 310.15
3.63828, 310.15
4.11593, 310.15
4.19606, 310.15
4.40834, 310.15
4.79507, 310.15
4.9333, 310.15
5.34396, 310.15
5.57963, 310.15
5.64073, 310.15
5.79769, 310.15
5.90374, 310.15
6.46707, 310.15
6.64901, 310.15
7.06043, 310.15
7.21256, 310.15
7.25458, 310.15
7.45405, 310.151
7.502, 310.151
8.11755, 310.151
8.16551, 310.151
8.53045, 310.151
8.62974, 310.151
8.83777, 310.151
9.14863, 310.151
9.21694, 310.151
9.2713, 310.151
9.65989, 310.151
9.99864, 310.151
10.2615, 310.151
10.4199, 310.151
10.4832, 310.151
10.7966, 310.151
10.8691, 310.151
11.0844, 310.151
11.3109, 310.151
11.574, 310.151
11.6794, 310.151
11.8032, 310.151
11.9853, 310.151
12.3235, 310.151
12.3982, 310.151
12.4175, 310.151
12.4711, 310.151
12.9605, 310.151
13.342, 310.151
13.5497, 310.151
13.659, 310.151
14.125, 310.151
14.1801, 310.151
14.6647, 310.151
14.76, 310.151
14.9756, 310.151
15.0007, 310.151
15.3889, 310.151
15.4864, 310.151
15.5638, 310.151
16.0141, 310.151
16.0475, 310.151
16.7868, 310.151
16.8102, 310.151
16.8267, 310.151
16.8577, 310.151
16.89, 310.151
16.9053, 310.151
16.947, 310.151
17.0954, 310.151
17.6533, 310.151
17.8684, 310.151
18.1183, 310.151
18.4107, 310.152
18.44, 310.152
18.7679, 310.152
18.781, 310.152
19.2986, 310.152
19.6503, 310.152
19.6862, 310.152
19.7037, 310.152
19.8208, 310.152
20.2753, 310.152
20.5018, 310.152
20.5736, 310.152
20.8955, 310.152
21.1019, 310.152
21.2044, 310.152
21.3189, 310.152
21.7144, 310.152
21.7239, 310.152
21.7306, 310.152
22.0058, 310.152
22.363, 310.152
22.5026, 310.152
22.5691, 310.152
22.7206, 310.152
22.9654, 310.153
23.1356, 310.153
23.5455, 310.153
23.5616, 310.153
23.5836, 310.153
24.037, 310.153
24.1319, 310.153
24.3547, 310.153
24.8164, 310.153
24.8368, 310.153
24.9714, 310.153
25.3511, 310.153
25.6705, 310.153
25.7847, 310.154
25.8695, 310.154
26.3709, 310.154
26.4035, 310.154
26.4737, 310.154
26.8378, 310.154
26.8816, 310.154
27.1544, 310.154
27.2015, 310.154
27.5661, 310.154
27.8455, 310.155
28.0003, 310.155
28.0412, 310.155
28.3352, 310.155
28.4807, 310.155
28.7955, 310.155
29.0975, 310.155
29.1346, 310.155
29.1527, 310.155
29.587, 310.156
29.8672, 310.156
30.3046, 310.156
30.3454, 310.156
30.4202, 310.156
30.6629, 310.156
30.9181, 310.157
31.061, 310.157
31.1452, 310.157
31.2318, 310.157
31.263, 310.157
31.4288, 310.157
31.4665, 310.157
31.5333, 310.157
31.816, 310.157
31.8832, 310.157
31.972, 310.158
32.4293, 310.158
32.4431, 310.158
32.6588, 310.158
33.1046, 310.159
33.2266, 310.159
33.5126, 310.159
33.7384, 310.159
33.7732, 310.159
33.9857, 310.16
34.1117, 310.16
34.438, 310.16
34.6161, 310.16
34.7378, 310.161
34.8568, 310.161
35.286, 310.161
35.4638, 310.162
35.8273, 310.162
35.8558, 310.162
36.0342, 310.162
36.0868, 310.163
37.0021, 310.164
37.0041, 310.164
37.0085, 310.164
37.3371, 310.165
37.6716, 310.165
37.7801, 310.166
38.0592, 310.166
38.2015, 310.166
38.3019, 310.167
38.4377, 310.167
38.807, 310.168
38.8196, 310.168
38.8365, 310.168
39.1903, 310.169
39.5504, 310.17
39.5622, 310.17
39.5691, 310.17
39.9789, 310.171
40.2294, 310.171
40.3863, 310.172
40.5716, 310.172
40.8754, 310.173
41.2023, 310.174
41.2219, 310.175
41.267, 310.175
41.3313, 310.175
41.4548, 310.175
41.5281, 310.176
41.8809, 310.177
42.0773, 310.177
42.1162, 310.178
42.395, 310.179
42.4632, 310.179
42.8927, 310.181
42.9779, 310.181
43.1941, 310.182
43.77, 310.185
43.7876, 310.185
43.8095, 310.185
43.819, 310.185
43.8612, 310.185
44.4594, 310.188
44.5321, 310.188
44.9012, 310.19
44.9892, 310.191
45.0127, 310.191
45.0645, 310.191
45.1188, 310.192
45.1803, 310.192
45.9582, 310.197
46.2566, 310.199
46.3333, 310.199
46.3972, 310.2
46.7096, 310.202
46.7535, 310.202
46.8871, 310.203
47.3672, 310.207
47.6186, 310.209
48.1408, 310.214
48.196, 310.214
48.2549, 310.215
48.7849, 310.22
49.0936, 310.223
49.1162, 310.223
49.2079, 310.224
49.3066, 310.225
49.3718, 310.226
50.1248, 310.235
50.163, 310.235
50.2722, 310.237
50.4819, 310.24
50.8833, 310.245
50.9845, 310.247
51.2781, 310.251
51.5548, 310.255
51.5722, 310.256
51.9915, 310.263
52.2132, 310.267
52.3394, 310.269
52.416, 310.27
52.4589, 310.271
52.8136, 310.278
53.2464, 310.287
53.4094, 310.291
53.4628, 310.292
53.5635, 310.294
53.8184, 310.3
54.3386, 310.314
54.4645, 310.317
54.839, 310.329
54.8561, 310.329
55.222, 310.34
55.2973, 310.343
55.5022, 310.35
55.9584, 310.366
56.3453, 310.382
56.4304, 310.386
56.7283, 310.399
56.985, 310.413
57.3087, 310.431
57.4281, 310.439
57.5979, 310.449
57.669, 310.453
57.7033, 310.456
57.853, 310.469
57.8712, 310.47
57.882, 310.471
58, 310.483
58.0443, 310.483
58.0895, 310.483
58.0966, 310.483
58.1251, 310.483
58.1477, 310.483
58.1706, 310.483
58.1875, 310.483
58.2133, 310.483
58.2265, 310.483
58.2607, 310.483
58.2888, 310.483
58.2944, 310.483
58.3032, 310.483
58.376, 310.484
58.4029, 310.484
58.4729, 310.484
58.4869, 310.484
58.5008, 310.484
58.5452, 310.484
58.5513, 310.484
58.5534, 310.484
58.6135, 310.484
58.6249, 310.485
58.6755, 310.485
58.7015, 310.485
58.7437, 310.485
58.7787, 310.485
58.7921, 310.485
58.8215, 310.485
58.8674, 310.485
58.8723, 310.485
58.9027, 310.486
58.9031, 310.486
58.9044, 310.486
58.9568, 310.486
58.9977, 310.486
58.9991, 310.486
59.0025, 310.486
59.0195, 310.486
59.045, 310.486
59.0472, 310.486
59.0938, 310.486
59.1153, 310.487
59.1395, 310.487
59.1551, 310.487
59.1781, 310.487
59.1947, 310.487
59.262, 310.487
59.287, 310.487
59.2981, 310.487
59.3307, 310.488
59.3856, 310.488
59.4202, 310.488
59.4302, 310.488
59.4422, 310.488
59.469, 310.488
59.4877, 310.488
59.5097, 310.489
59.5379, 310.489
59.555, 310.489
59.5636, 310.489
59.5974, 310.489
59.609, 310.489
59.6123, 310.489
59.6776, 310.49
59.686, 310.49
59.7125, 310.49
59.7297, 310.49
59.7498, 310.49
59.7625, 310.49
59.778, 310.49
59.7881, 310.49
59.8422, 310.491
59.8482, 310.491
59.8967, 310.491
59.8991, 310.491
59.923, 310.491
59.9843, 310.491
60.0112, 310.492
60.0478, 310.492
60.0501, 310.492
60.0556, 310.492
60.0754, 310.492
60.0965, 310.492
60.1089, 310.492
60.1375, 310.492
60.1777, 310.493
60.2182, 310.493
60.2231, 310.493
60.2301, 310.493
60.2703, 310.493
60.2772, 310.493
60.314, 310.494
60.3227, 310.494
60.3277, 310.494
60.3723, 310.494
60.398, 310.494
60.4031, 310.494
60.4469, 310.494
60.4644, 310.495
60.5061, 310.495
60.5456, 310.495
60.5718, 310.495
60.5905, 310.496
60.6161, 310.496
60.6386, 310.496
60.6696, 310.496
60.6699, 310.496
60.7207, 310.496
60.7341, 310.497
60.7466, 310.497
60.7652, 310.497
60.7854, 310.497
60.792, 310.497
60.8051, 310.497
60.8592, 310.498
60.8637, 310.498
60.9087, 310.498
60.9484, 310.498
60.9608, 310.498
60.9624, 310.498
60.9663, 310.498
61.0239, 310.499
61.0591, 310.499
61.0706, 310.499
61.1033, 310.499
61.1391, 310.5
61.1917, 310.5
61.2853, 310.501
61.2861, 310.501
61.2864, 310.501
61.3287, 310.501
61.3456, 310.501
61.3769, 310.502
61.3972, 310.502
61.4387, 310.502
61.4616, 310.502
61.491, 310.503
61.5509, 310.503
61.5648, 310.503
61.6045, 310.504
61.6252, 310.504
61.6416, 310.504
61.666, 310.504
61.6859, 310.504
61.736, 310.505
61.7589, 310.505
61.7642, 310.505
61.8214, 310.506
61.8353, 310.506
61.8903, 310.506
61.898, 310.506
61.9474, 310.507
61.9678, 310.507
62.0089, 310.507
62.0498, 310.508
62.0511, 310.508
62.1055, 310.508
62.1176, 310.508
62.1211, 310.509
62.1444, 310.509
62.1608, 310.509
62.2123, 310.509
62.2305, 310.51
62.2689, 310.51
62.2796, 310.51
62.2858, 310.51
62.2951, 310.51
62.3308, 310.511
62.3747, 310.511
62.3802, 310.511
62.3832, 310.511
62.4241, 310.512
62.4514, 310.512
62.4558, 310.512
62.4585, 310.512
62.4863, 310.512
62.5464, 310.513
62.59, 310.513
62.6098, 310.513
62.6167, 310.514
62.6374, 310.514
62.6565, 310.514
62.6691, 310.514
62.7105, 310.514
62.7369, 310.515
62.7597, 310.515
62.7723, 310.515
62.7867, 310.515
62.8171, 310.516
62.8196, 310.516
62.8234, 310.516
62.8261, 310.516
62.8608, 310.516
62.871, 310.516
62.8948, 310.516
62.9435, 310.517
62.9471, 310.517
62.948, 310.517
62.9696, 310.517
63.0525, 310.518
63.0784, 310.518
63.0831, 310.519
63.0983, 310.519
63.1392, 310.519
63.1885, 310.52
63.202, 310.52
63.2106, 310.52
63.2883, 310.521
63.2972, 310.521
63.3087, 310.521
63.3315, 310.521
63.3485, 310.522
63.3598, 310.522
63.3676, 310.522
63.4278, 310.522
63.4326, 310.523
63.4368, 310.523
63.4807, 310.523
63.5036, 310.523
63.5123, 310.523
63.5737, 310.524
63.5799, 310.524
63.6045, 310.525
63.6268, 310.525
63.6328, 310.525
63.6412, 310.525
63.6829, 310.526
63.7308, 310.526
63.7637, 310.527
63.7697, 310.527
63.8164, 310.527
63.8179, 310.527
63.8213, 310.527
63.8229, 310.527
63.8345, 310.527
63.873, 310.528
63.8986, 310.528
63.909, 310.528
63.9166, 310.528
63.9519, 310.529
63.9731, 310.529
63.9891, 310.529
64.014, 310.53
64.0339, 310.53
64.06, 310.53
64.072, 310.53
64.1075, 310.531
64.1319, 310.531
64.1529, 310.531
64.1825, 310.532
64.1937, 310.532
64.2633, 310.533
64.2925, 310.533
64.3143, 310.533
64.3369, 310.534
64.3482, 310.534
64.3678, 310.534
64.4394, 310.535
64.4753, 310.536
64.494, 310.536
64.5328, 310.536
64.5537, 310.537
64.5887, 310.537
64.6161, 310.537
64.633, 310.538
64.6729, 310.538
64.6757, 310.538
64.7222, 310.539
64.7588, 310.539
64.7741, 310.54
64.8085, 310.54
64.8508, 310.541
64.8619, 310.541
64.901, 310.541
64.931, 310.542
64.9517, 310.542
64.9741, 310.542
64.9889, 310.543
65.0009, 310.543
65.0416, 310.543
65.0535, 310.544
65.0982, 310.544
65.1362, 310.545
65.1577, 310.545
65.1636, 310.545
65.1743, 310.545
65.1959, 310.546
65.2005, 310.546
65.2077, 310.546
65.2714, 310.547
65.2753, 310.547
65.2829, 310.547
65.3371, 310.548
65.3852, 310.548
65.3901, 310.548
65.397, 310.549
65.4286, 310.549
65.4641, 310.55
65.4692, 310.55
65.4754, 310.55
65.5168, 310.55
65.5695, 310.551
65.5984, 310.552
65.6155, 310.552
65.6463, 310.552
65.6543, 310.552
65.6642, 310.553
65.6906, 310.553
65.6993, 310.553
65.7266, 310.554
65.7316, 310.554
65.7875, 310.554
65.806, 310.555
65.8522, 310.555
65.8687, 310.556
65.9028, 310.556
65.9352, 310.557
65.9356, 310.557
65.9931, 310.558
66.0291, 310.558
66.0438, 310.558
66.0652, 310.559
66.1107, 310.56
66.1271, 310.56
66.1337, 310.56
66.2113, 310.561
66.2154, 310.561
66.2571, 310.562
66.2719, 310.562
66.3122, 310.563
66.3195, 310.563
66.3769, 310.564
66.3865, 310.564
66.3952, 310.564
66.4303, 310.565
66.4493, 310.565
66.5482, 310.567
66.5581, 310.567
66.5781, 310.567
66.6128, 310.568
66.6371, 310.568
66.6712, 310.569
66.7096, 310.569
66.7285, 310.57
66.7686, 310.57
66.8215, 310.571
66.8297, 310.571
66.8421, 310.572
66.8748, 310.572
66.9392, 310.573
66.9398, 310.573
66.9399, 310.573
66.978, 310.574
67.0187, 310.575
67.0287, 310.575
67.0776, 310.576
67.0945, 310.576
67.1288, 310.577
67.1482, 310.577
67.1502, 310.577
67.1533, 310.577
67.1591, 310.577
67.25, 310.579
67.2544, 310.579
67.2891, 310.58
67.3018, 310.58
67.3472, 310.581
67.374, 310.581
67.4596, 310.583
67.4675, 310.583
67.4789, 310.583
67.5118, 310.584
67.5432, 310.584
67.5581, 310.584
67.5926, 310.585
67.6131, 310.585
67.6486, 310.586
67.6501, 310.586
67.6572, 310.586
67.7046, 310.587
67.7617, 310.588
67.7905, 310.589
67.8217, 310.589
67.89, 310.591
67.9111, 310.591
67.9192, 310.591
67.9431, 310.592
67.9657, 310.592
67.9941, 310.593
68.0205, 310.593
68.0524, 310.594
68.0525, 310.594
68.0526, 310.594
68.0529, 310.594
68.1227, 310.595
68.1364, 310.595
68.1549, 310.596
68.1873, 310.596
68.22, 310.597
68.2594, 310.598
68.275, 310.598
68.3005, 310.599
68.3179, 310.599
68.3454, 310.599
68.3618, 310.6
68.3866, 310.6
68.4098, 310.601
68.4251, 310.601
68.4748, 310.602
68.4756, 310.602
68.4801, 310.602
68.5355, 310.603
68.5396, 310.603
68.5493, 310.604
68.5797, 310.604
68.5922, 310.604
68.6557, 310.606
68.6688, 310.606
68.705, 310.607
68.7099, 310.607
68.77, 310.608
68.7757, 310.608
68.8065, 310.609
68.8467, 310.61
68.8526, 310.61
68.9008, 310.611
68.942, 310.612
68.9894, 310.613
69.0016, 310.613
69.0571, 310.614
69.074, 310.614
69.1285, 310.615
69.1537, 310.616
69.1663, 310.616
69.2134, 310.617
69.2158, 310.617
69.2436, 310.618
69.2611, 310.618
69.2661, 310.618
69.3135, 310.619
69.3586, 310.62
69.3643, 310.621
69.41, 310.622
69.4436, 310.622
69.4475, 310.622
69.4498, 310.622
69.48, 310.623
69.5205, 310.624
69.5356, 310.624
69.5705, 310.625
69.6013, 310.626
69.6664, 310.627
69.6783, 310.627
69.7301, 310.629
69.7322, 310.629
69.7525, 310.629
69.7836, 310.63
69.8029, 310.63
69.8089, 310.63
69.8314, 310.631
69.84, 310.631
69.8811, 310.632
69.8943, 310.632
69.8957, 310.632
69.9296, 310.633
69.9319, 310.633
69.9362, 310.633
69.9581, 310.634
69.982, 310.634
70.0171, 310.635
70.0676, 310.636
70.0814, 310.637
70.1144, 310.637
70.1379, 310.638
70.1631, 310.638
70.1889, 310.639
70.2494, 310.64
70.2605, 310.641
70.2717, 310.641
70.2964, 310.642
70.3034, 310.642
70.3266, 310.642
70.3368, 310.642
70.3519, 310.643
70.3736, 310.643
70.3977, 310.644
70.4121, 310.644
70.4583, 310.645
70.4832, 310.646
70.5418, 310.647
70.5558, 310.648
70.5991, 310.649
70.6508, 310.65
70.6875, 310.651
70.7075, 310.651
70.7207, 310.652
70.7447, 310.652
70.76, 310.653
70.7987, 310.654
70.8087, 310.654
70.8142, 310.654
70.8475, 310.655
70.8802, 310.656
70.9321, 310.657
70.9381, 310.657
70.9589, 310.657
70.9932, 310.658
71.0514, 310.66
71.0538, 310.66
71.0582, 310.66
71.0833, 310.661
71.129, 310.662
71.1294, 310.662
71.1297, 310.662
71.1614, 310.662
71.1905, 310.663
71.1976, 310.663
71.2427, 310.665
71.27, 310.665
71.2786, 310.665
71.3056, 310.666
71.3379, 310.667
71.3708, 310.668
71.3889, 310.668
71.4052, 310.669
71.4584, 310.67
71.4591, 310.67
71.4595, 310.67
71.5086, 310.671
71.5351, 310.672
71.6034, 310.674
71.6302, 310.674
71.636, 310.675
71.6614, 310.675
71.6825, 310.676
71.697, 310.676
71.7464, 310.678
71.7806, 310.678
71.8293, 310.68
71.8313, 310.68
71.8352, 310.68
71.9044, 310.682
71.9052, 310.682
71.9058, 310.682
71.9436, 310.683
71.9808, 310.684
71.9991, 310.684
72.0054, 310.684
72.0253, 310.685
72.0694, 310.686
72.0695, 310.686
72.1293, 310.688
72.1392, 310.688
72.1813, 310.689
72.2057, 310.69
72.2145, 310.69
72.2437, 310.691
72.2645, 310.691
72.2662, 310.692
72.281, 310.692
72.3066, 310.693
72.3629, 310.694
72.3939, 310.695
72.4043, 310.695
72.4105, 310.695
72.4458, 310.696
72.4739, 310.697
72.5035, 310.698
72.5165, 310.698
72.56, 310.7
72.5842, 310.7
72.6005, 310.701
72.624, 310.701
72.6393, 310.702
72.6641, 310.703
72.6702, 310.703
72.7008, 310.704
72.7198, 310.704
72.7554, 310.705
72.7873, 310.706
72.809, 310.707
72.8356, 310.707
72.8497, 310.708
72.8936, 310.709
72.912, 310.71
72.958, 310.711
72.9936, 310.712
72.9999, 310.712
73.0017, 310.712
73.0114, 310.713
73.0566, 310.714
73.0958, 310.715
73.1474, 310.717
73.2136, 310.718
73.2141, 310.718
73.2622, 310.72
73.2934, 310.721
73.3445, 310.722
73.3911, 310.724
73.4086, 310.724
73.4206, 310.725
73.4627, 310.726
73.4913, 310.727
73.5256, 310.728
73.5344, 310.728
73.5547, 310.729
73.5975, 310.73
73.6158, 310.731
73.6843, 310.733
73.7171, 310.734
73.7412, 310.734
73.7688, 310.735
73.8079, 310.736
73.816, 310.737
73.8608, 310.738
73.8614, 310.738
73.8931, 310.739
73.9133, 310.74
73.9339, 310.74
73.9386, 310.74
73.9724, 310.742
73.9942, 310.742
74.025, 310.743
74.0792, 310.745
74.0842, 310.745
74.1456, 310.747
74.1518, 310.747
74.1716, 310.748
74.1927, 310.748
74.2019, 310.749
74.253, 310.75
74.2695, 310.751
74.3124, 310.752
74.3207, 310.753
74.3499, 310.753
74.3663, 310.754
74.4083, 310.755
74.4247, 310.756
74.4693, 310.757
74.4934, 310.758
74.5025, 310.758
74.507, 310.759
74.5104, 310.759
74.547, 310.76
74.5559, 310.76
74.5954, 310.761
74.6157, 310.762
74.6581, 310.764
74.7065, 310.765
74.7083, 310.765
74.7087, 310.765
74.7508, 310.767
74.7604, 310.767
74.7958, 310.768
74.8354, 310.769
74.841, 310.77
74.876, 310.771
74.8779, 310.771
74.9426, 310.773
74.9571, 310.773
74.9702, 310.774
75.0134, 310.775
75.02, 310.776
75.0246, 310.776
75.0942, 310.778
75.1224, 310.779
75.1334, 310.779
75.1812, 310.781
75.1979, 310.782
75.2229, 310.783
75.2291, 310.783
75.2417, 310.783
75.2834, 310.785
75.3111, 310.786
75.3382, 310.787
75.3757, 310.788
75.3912, 310.788
75.4391, 310.79
75.4874, 310.792
75.4979, 310.792
75.5123, 310.793
75.5571, 310.794
75.5933, 310.795
75.6072, 310.796
75.66, 310.798
75.6863, 310.799
75.7109, 310.8
75.7356, 310.801
75.7498, 310.801
75.7875, 310.802
75.8211, 310.804
75.8344, 310.804
75.8681, 310.805
75.9097, 310.807
75.923, 310.807
75.995, 310.81
76.0018, 310.81
76.0639, 310.812
76.0647, 310.812
76.0652, 310.812
76.0981, 310.814
76.0989, 310.814
76.1315, 310.815
76.1498, 310.816
76.1888, 310.817
76.1921, 310.817
76.2389, 310.819
76.2772, 310.82
76.3046, 310.821
76.3811, 310.824
76.3823, 310.824
76.4139, 310.825
76.432, 310.826
76.4388, 310.826
76.4616, 310.827
76.4811, 310.828
76.5116, 310.829
76.5377, 310.83
76.5575, 310.831
76.5752, 310.831
76.6019, 310.832
76.6458, 310.834
76.6678, 310.835
76.7055, 310.836
76.736, 310.838
76.7544, 310.838
76.7647, 310.839
76.7931, 310.84
76.8099, 310.84
76.8161, 310.841
76.8396, 310.842
76.9169, 310.845
76.9204, 310.845
76.9257, 310.845
76.9647, 310.846
76.9872, 310.847
77.0202, 310.849
77.0444, 310.85
77.0563, 310.85
77.0759, 310.851
77.1457, 310.854
77.1469, 310.854
77.1699, 310.855
77.2067, 310.856
77.2083, 310.856
77.2238, 310.857
77.2559, 310.858
77.2775, 310.859
77.2929, 310.859
77.3349, 310.861
77.3888, 310.863
77.4079, 310.864
77.4394, 310.865
77.4424, 310.866
77.4597, 310.866
77.4917, 310.868
77.5325, 310.869
77.5566, 310.87
77.5577, 310.87
77.5586, 310.87
77.6252, 310.873
77.6336, 310.873
77.646, 310.874
77.7049, 310.876
77.7331, 310.877
77.746, 310.878
77.8108, 310.881
77.821, 310.881
77.8552, 310.883
77.8674, 310.883
77.9, 310.884
77.9215, 310.885
77.9471, 310.886
77.9611, 310.887
78.0073, 310.889
78.0487, 310.891
78.0679, 310.891
78.0992, 310.893
78.124, 310.894
78.1631, 310.896
78.1718, 310.896
78.2001, 310.897
78.2137, 310.898
78.2422, 310.899
78.2626, 310.9
78.2683, 310.9
78.3083, 310.902
78.3208, 310.902
78.3722, 310.905
78.4122, 310.906
78.4236, 310.907
78.4634, 310.909
78.4705, 310.909
78.5301, 310.911
78.5412, 310.912
78.5611, 310.913
78.5894, 310.914
78.6311, 310.916
78.6659, 310.917
78.6695, 310.918
78.7278, 310.92
78.7532, 310.921
78.7622, 310.922
78.7826, 310.923
78.7925, 310.923
78.8172, 310.924
78.8215, 310.924
78.8441, 310.925
78.8564, 310.926
78.8784, 310.927
78.8906, 310.927
78.9272, 310.929
78.9529, 310.93
78.9728, 310.931
79.0348, 310.934
79.0384, 310.934
79.0716, 310.936
79.1253, 310.938
79.1817, 310.941
79.1913, 310.941
79.1926, 310.941
79.1997, 310.942
79.2504, 310.944
79.264, 310.945
79.3051, 310.946
79.3267, 310.947
79.3505, 310.949
79.3711, 310.95
79.3964, 310.951
79.4159, 310.952
79.4665, 310.954
79.4866, 310.955
79.5037, 310.956
79.5468, 310.958
79.5548, 310.958
79.6132, 310.961
79.6275, 310.962
79.6744, 310.964
79.7048, 310.965
79.7435, 310.967
79.8092, 310.97
79.8104, 310.97
79.8463, 310.972
79.8652, 310.973
79.8839, 310.974
79.9242, 310.976
79.9771, 310.979
79.9834, 310.979
80.0278, 310.981
80.0657, 310.983
80.0782, 310.983
80.0927, 310.984
80.1297, 310.986
80.1748, 310.988
80.1962, 310.989
80.2232, 310.991
80.2555, 310.992
80.2741, 310.993
80.2964, 310.994
80.3241, 310.996
80.3248, 310.996
80.3261, 310.996
80.3814, 310.999
80.392, 310.999
80.4211, 311.001
80.4569, 311.002
80.4622, 311.003
80.4715, 311.003
80.5001, 311.005
80.5256, 311.006
80.5818, 311.009
80.6116, 311.01
80.6355, 311.012
80.6635, 311.013
80.684, 311.014
80.7138, 311.016
80.7359, 311.017
80.7614, 311.018
80.7878, 311.019
80.8095, 311.021
80.8414, 311.022
80.8602, 311.023
80.8908, 311.025
80.9363, 311.027
80.9637, 311.029
81.0525, 311.033
81.0552, 311.033
81.0565, 311.033
81.1275, 311.037
81.1478, 311.038
81.1798, 311.04
81.181, 311.04
81.1823, 311.04
81.1894, 311.041
81.2558, 311.044
81.2938, 311.046
81.3192, 311.048
81.3226, 311.048
81.3361, 311.048
81.383, 311.051
81.4291, 311.053
81.4582, 311.055
81.4831, 311.056
81.5172, 311.058
81.5334, 311.059
81.5592, 311.061
81.585, 311.062
81.6115, 311.063
81.6249, 311.064
81.6704, 311.067
81.7038, 311.069
81.7168, 311.069
81.7362, 311.07
81.7605, 311.072
81.7796, 311.073
81.8388, 311.076
81.8635, 311.078
81.9094, 311.08
81.9602, 311.083
81.9643, 311.083
81.966, 311.083
81.9675, 311.083
81.9713, 311.084
81.9898, 311.085
82.0183, 311.086
82.0215, 311.086
82.0287, 311.087
82.0831, 311.09
82.0988, 311.091
82.1527, 311.094
82.174, 311.095
82.1838, 311.096
82.1938, 311.096
82.2405, 311.099
82.2869, 311.102
82.2979, 311.102
82.3305, 311.104
82.3366, 311.105
82.3562, 311.106
82.3681, 311.106
82.4093, 311.109
82.4491, 311.111
82.4519, 311.111
82.4531, 311.111
82.4549, 311.112
82.4889, 311.114
82.5494, 311.117
82.5557, 311.117
82.5636, 311.118
82.576, 311.119
82.616, 311.121
82.6305, 311.122
82.6712, 311.124
82.6912, 311.126
82.7163, 311.127
82.7631, 311.13
82.772, 311.13
82.7752, 311.131
82.8305, 311.134
82.8631, 311.136
82.8697, 311.136
82.8716, 311.136
82.8754, 311.137
82.932, 311.14
82.9723, 311.143
83.0077, 311.145
83.0218, 311.146
83.0278, 311.146
83.0845, 311.149
83.1201, 311.152
83.1205, 311.152
83.1692, 311.155
83.1732, 311.155
83.2349, 311.159
83.2379, 311.159
83.3065, 311.163
83.3276, 311.165
83.3467, 311.166
83.3804, 311.168
83.3936, 311.169
83.4424, 311.172
83.446, 311.172
83.4523, 311.172
83.4784, 311.174
83.4944, 311.175
83.5565, 311.179
83.5881, 311.181
83.6216, 311.183
83.6537, 311.185
83.7552, 311.192
83.7702, 311.193
83.8181, 311.196
83.8488, 311.198
83.8795, 311.2
83.9191, 311.203
83.9458, 311.204
84.0043, 311.208
84.0678, 311.212
84.0851, 311.213
84.1206, 311.216
84.1534, 311.218
84.1748, 311.219
84.1973, 311.221
84.2141, 311.222
84.2517, 311.225
84.2784, 311.226
84.2891, 311.227
84.3426, 311.231
84.3928, 311.234
84.3946, 311.234
84.3956, 311.234
84.4014, 311.235
84.4575, 311.239
84.5, 311.241
84.5504, 311.245
84.5518, 311.245
84.5821, 311.247
84.6217, 311.25
84.6261, 311.25
84.6669, 311.253
84.6872, 311.254
84.7161, 311.256
84.7501, 311.259
84.7504, 311.259
84.7505, 311.259
84.7934, 311.262
84.8101, 311.263
84.8285, 311.264
84.8472, 311.266
84.8572, 311.266
84.8694, 311.267
84.8801, 311.268
84.8908, 311.269
84.9181, 311.271
84.9268, 311.271
84.971, 311.274
84.9763, 311.275
85.0039, 311.277
85.047, 311.28
85.0941, 311.283
85.0995, 311.284
85.106, 311.284
85.141, 311.287
85.1858, 311.29
85.2037, 311.291
85.2274, 311.293
85.3045, 311.298
85.3148, 311.299
85.3265, 311.3
85.3649, 311.303
85.3826, 311.304
85.4534, 311.309
85.4639, 311.31
85.4817, 311.311
85.5004, 311.313
85.5286, 311.315
85.5393, 311.316
85.5451, 311.316
85.6048, 311.321
85.6082, 311.321
85.63, 311.322
85.6483, 311.324
85.678, 311.326
85.6808, 311.326
85.7233, 311.329
85.7541, 311.332
85.7946, 311.335
85.806, 311.336
85.8425, 311.338
85.8569, 311.34
85.8733, 311.341
85.8885, 311.342
85.9187, 311.344
85.9578, 311.347
85.9778, 311.349
86.0096, 311.351
86.017, 311.352
86.0522, 311.355
86.0633, 311.355
86.0655, 311.356
86.0892, 311.357
86.1112, 311.359
86.1546, 311.362
86.171, 311.364
86.2124, 311.367
86.2522, 311.37
86.2525, 311.37
86.2527, 311.37
86.2536, 311.37
86.3235, 311.376
86.3828, 311.38
86.4095, 311.382
86.4113, 311.383
86.4234, 311.384
86.4432, 311.385
86.4576, 311.386
86.4793, 311.388
86.512, 311.391
86.5324, 311.392
86.5401, 311.393
86.5516, 311.394
86.5817, 311.396
86.6055, 311.398
86.608, 311.398
86.6413, 311.401
86.6613, 311.403
86.6907, 311.405
86.699, 311.406
86.7007, 311.406
86.7601, 311.411
86.7929, 311.413
86.8049, 311.414
86.8149, 311.415
86.8373, 311.417
86.8885, 311.421
86.9289, 311.425
86.9295, 311.425
86.9651, 311.428
86.9895, 311.43
87.0444, 311.434
87.0457, 311.434
87.0506, 311.435
87.0958, 311.439
87.0985, 311.439
87.1423, 311.442
87.1668, 311.444
87.1794, 311.446
87.2422, 311.451
87.2488, 311.451
87.2824, 311.454
87.2984, 311.456
87.356, 311.461
87.3702, 311.462
87.3833, 311.463
87.4454, 311.468
87.4573, 311.469
87.4709, 311.47
87.4842, 311.472
87.4927, 311.472
87.516, 311.474
87.5702, 311.479
87.587, 311.48
87.6448, 311.486
87.646, 311.486
87.692, 311.49
87.7395, 311.494
87.7419, 311.494
87.7457, 311.494
87.7904, 311.498
87.8306, 311.502
87.8726, 311.506
87.9089, 311.509
87.9165, 311.51
87.961, 311.514
87.9624, 311.514
88.0071, 311.518
88.0136, 311.518
88.0532, 311.522
88.0916, 311.525
88.1074, 311.527
88.1269, 311.529
88.1538, 311.531
88.1725, 311.533
88.2097, 311.536
88.2161, 311.537
88.2412, 311.539
88.2466, 311.539
88.2761, 311.542
88.3045, 311.545
88.32, 311.546
88.3735, 311.551
88.4123, 311.555
88.4212, 311.556
88.4258, 311.556
88.4282, 311.556
88.4511, 311.558
88.4764, 311.561
88.5526, 311.568
88.584, 311.571
88.6034, 311.573
88.6196, 311.574
88.644, 311.577
88.6697, 311.579
88.7097, 311.583
88.72, 311.584
88.7264, 311.584
88.7566, 311.587
88.7849, 311.59
88.8108, 311.592
88.8574, 311.597
88.8824, 311.599
88.9138, 311.602
88.9319, 311.604
88.9584, 311.607
88.9763, 311.608
88.9864, 311.609
89.0222, 311.613
89.0746, 311.618
89.0861, 311.619
89.1054, 311.621
89.1229, 311.623
89.1505, 311.626
89.1704, 311.628
89.2186, 311.632
89.2349, 311.634
89.2707, 311.637
89.3285, 311.643
89.3294, 311.643
89.3298, 311.643
89.3801, 311.648
89.3899, 311.649
89.4103, 311.651
89.4218, 311.653
89.4319, 311.654
89.4929, 311.66
89.5267, 311.663
89.5501, 311.666
89.5837, 311.669
89.5873, 311.669
89.6, 311.671
89.6361, 311.674
89.6438, 311.675
89.6469, 311.676
89.6825, 311.679
89.687, 311.68
89.7049, 311.682
89.7182, 311.683
89.7319, 311.684
89.7585, 311.687
89.7983, 311.691
89.8252, 311.694
89.8729, 311.699
89.8949, 311.701
89.9112, 311.703
89.9432, 311.706
89.9709, 311.709
90.0125, 311.714
90.0516, 311.718
90.0952, 311.723
90.1129, 311.724
90.1172, 311.725
90.1481, 311.728
90.172, 311.731
90.2075, 311.735
90.2177, 311.736
90.2666, 311.741
90.2741, 311.742
90.329, 311.748
90.3578, 311.751
90.3691, 311.752
90.3929, 311.755
90.3996, 311.755
90.402, 311.756
90.4314, 311.759
90.4479, 311.761
90.4737, 311.764
90.4887, 311.765
90.5441, 311.771
90.5538, 311.772
90.5829, 311.776
90.5996, 311.777
90.6617, 311.784
90.6625, 311.784
90.6637, 311.785
90.6921, 311.788
90.7305, 311.792
90.7372, 311.793
90.7917, 311.799
90.7938, 311.799
90.8282, 311.803
90.8924, 311.81
90.9577, 311.818
90.9651, 311.819
90.9664, 311.819
90.9683, 311.819
90.993, 311.822
91.0083, 311.824
91.0427, 311.828
91.0641, 311.83
91.0938, 311.834
91.1237, 311.837
91.1686, 311.842
91.1985, 311.846
91.2118, 311.847
91.2506, 311.852
91.2594, 311.853
91.2668, 311.854
91.3187, 311.86
91.3272, 311.861
91.3767, 311.867
91.3875, 311.868
91.4346, 311.874
91.4714, 311.878
91.4833, 311.88
91.4923, 311.881
91.5237, 311.884
91.575, 311.891
91.5983, 311.893
91.6097, 311.895
91.6568, 311.901
91.6571, 311.901
91.6663, 311.902
91.699, 311.906
91.6999, 311.906
91.7017, 311.906
91.7597, 311.913
91.7795, 311.916
91.8044, 311.919
91.85, 311.924
91.851, 311.924
91.8528, 311.925
91.9017, 311.931
91.928, 311.934
91.9593, 311.938
91.9732, 311.94
91.9902, 311.942
92.0075, 311.944
92.0463, 311.949
92.0571, 311.95
92.0609, 311.951
92.0774, 311.953
92.0924, 311.955
92.1081, 311.957
92.138, 311.96
92.178, 311.965
92.1811, 311.966
92.2346, 311.973
92.2539, 311.975
92.2601, 311.976
92.3025, 311.981
92.3169, 311.983
92.3332, 311.985
92.3598, 311.989
92.3899, 311.993
92.3949, 311.993
92.4257, 311.997
92.4309, 311.998
92.4388, 311.999
92.463, 312.002
92.4945, 312.006
92.5297, 312.011
92.5402, 312.012
92.592, 312.019
92.5968, 312.02
92.6544, 312.027
92.6646, 312.029
92.6837, 312.031
92.7073, 312.034
92.7151, 312.035
92.7632, 312.042
92.7667, 312.042
92.8235, 312.05
92.8263, 312.05
92.8347, 312.051
92.8728, 312.057
92.8862, 312.058
92.892, 312.059
92.9221, 312.063
92.9525, 312.067
92.9551, 312.068
92.9942, 312.073
93.011, 312.075
93.0336, 312.078
93.057, 312.082
93.0617, 312.082
93.069, 312.083
93.0892, 312.086
93.151, 312.095
93.1817, 312.099
93.2233, 312.105
93.2245, 312.105
93.2268, 312.105
93.286, 312.114
93.332, 312.12
93.3502, 312.123
93.3752, 312.126
93.3905, 312.128
93.4169, 312.132
93.4247, 312.133
93.4338, 312.134
93.4744, 312.14
93.5197, 312.147
93.5327, 312.149
93.5602, 312.152
93.5719, 312.154
93.5909, 312.157
93.6301, 312.163
93.6771, 312.169
93.6975, 312.172
93.7178, 312.175
93.7251, 312.176
93.7428, 312.179
93.7721, 312.183
93.7879, 312.186
93.8077, 312.189
93.8225, 312.191
93.8488, 312.195
93.8721, 312.198
93.9, 312.202
93.9231, 312.206
93.9679, 312.212
94.013, 312.219
94.0203, 312.22
94.0957, 312.231
94.1035, 312.233
94.1117, 312.234
94.1556, 312.241
94.176, 312.244
94.2061, 312.248
94.2114, 312.249
94.2135, 312.249
94.2395, 312.253
94.2571, 312.256
94.2593, 312.256
94.3013, 312.263
94.3485, 312.27
94.3498, 312.27
94.35, 312.27
94.3524, 312.271
94.3994, 312.278
94.4148, 312.28
94.4591, 312.287
94.4859, 312.292
94.5202, 312.297
94.5741, 312.305
94.6081, 312.311
94.622, 312.313
94.6248, 312.313
94.6518, 312.318
94.6958, 312.325
94.7714, 312.337
94.7727, 312.337
94.7729, 312.337
94.8151, 312.344
94.8575, 312.351
94.8825, 312.355
94.9309, 312.363
94.9407, 312.364
94.9774, 312.37
95.0054, 312.375
95.0536, 312.383
95.0862, 312.388
95.1027, 312.391
95.1176, 312.394
95.1378, 312.397
95.1718, 312.403
95.1955, 312.407
95.2518, 312.416
95.2557, 312.417
95.3157, 312.427
95.3273, 312.429
95.3581, 312.434
95.4118, 312.443
95.4198, 312.445
95.465, 312.452
95.487, 312.456
95.4976, 312.458
95.5266, 312.463
95.5518, 312.467
95.5841, 312.473
95.6108, 312.478
95.6495, 312.484
95.6946, 312.492
95.696, 312.493
95.7253, 312.498
95.736, 312.5
95.7742, 312.506
95.8038, 312.512
95.8158, 312.514
95.8326, 312.517
95.8469, 312.519
95.8809, 312.525
95.8927, 312.528
95.934, 312.535
95.955, 312.539
96.0328, 312.553
96.0561, 312.557
96.068, 312.559
96.0873, 312.563
96.1055, 312.566
96.1221, 312.569
96.1475, 312.574
96.1986, 312.583
96.2323, 312.59
96.2541, 312.594
96.2664, 312.596
96.309, 312.604
96.3458, 312.611
96.3713, 312.616
96.3936, 312.62
96.4437, 312.629
96.4633, 312.633
96.4867, 312.637
96.5255, 312.645
96.5361, 312.647
96.5741, 312.654
96.6177, 312.662
96.633, 312.665
96.6424, 312.667
96.6816, 312.675
96.7365, 312.685
96.7481, 312.688
96.7872, 312.695
96.8423, 312.706
96.8617, 312.71
96.9076, 312.719
96.9446, 312.726
96.9663, 312.731
96.9982, 312.737
97.0046, 312.738
97.066, 312.751
97.1071, 312.759
97.1194, 312.761
97.1722, 312.772
97.177, 312.773
97.2174, 312.781
97.257, 312.789
97.2859, 312.795
97.3142, 312.801
97.3435, 312.807
97.3447, 312.807
97.3981, 312.819
97.4282, 312.825
97.4831, 312.836
97.4994, 312.84
97.5528, 312.851
97.567, 312.854
97.6012, 312.861
97.605, 312.862
97.6147, 312.864
97.6402, 312.869
97.6637, 312.874
97.6821, 312.878
97.6908, 312.88
97.7303, 312.889
97.7431, 312.891
97.8083, 312.905
97.8451, 312.913
97.8762, 312.92
97.9295, 312.932
97.9393, 312.934
97.9439, 312.935
97.9479, 312.936
97.9814, 312.943
98.0135, 312.95
98.0865, 312.966
98.0901, 312.967
98.1486, 312.98
98.1587, 312.983
98.1878, 312.989
98.1961, 312.991
98.2551, 313.004
98.2573, 313.005
98.261, 313.006
98.3108, 313.017
98.3634, 313.029
98.3898, 313.035
98.4079, 313.039
98.4564, 313.05
98.4616, 313.051
98.5056, 313.061
98.5763, 313.078
98.603, 313.084
98.6218, 313.089
98.6703, 313.1
98.6835, 313.103
98.7163, 313.111
98.7238, 313.112
98.7432, 313.117
98.7649, 313.122
98.831, 313.138
98.831, 313.138
98.8313, 313.138
98.8829, 313.15
98.8841, 313.151
98.9071, 313.156
98.9255, 313.161
98.9263, 313.161
98.9338, 313.163
98.9852, 313.175
99.0119, 313.181
99.0454, 313.19
99.0751, 313.197
99.0918, 313.201
99.1339, 313.211
99.1892, 313.225
99.1936, 313.226
99.2021, 313.228
99.2281, 313.234
99.2813, 313.248
99.2957, 313.251
99.3047, 313.253
99.3325, 313.26
99.3824, 313.273
99.3855, 313.274
99.3991, 313.277
99.4641, 313.293
99.4797, 313.297
99.4879, 313.299
99.4984, 313.302
99.5266, 313.309
99.5671, 313.319
99.585, 313.324
99.6037, 313.329
99.6419, 313.339
99.6801, 313.348
99.7075, 313.355
99.7401, 313.364
99.7946, 313.378
99.8119, 313.382
99.8176, 313.384
99.8281, 313.387
99.8798, 313.4
99.8971, 313.405
99.9423, 313.416
99.9432, 313.417
99.9436, 313.417
100.002, 313.432
100.027, 313.439
100.086, 313.454
100.09, 313.455
100.143, 313.469
100.185, 313.48
100.203, 313.485
100.233, 313.493
100.272, 313.504
100.306, 313.513
100.352, 313.525
100.363, 313.528
100.405, 313.54
100.455, 313.553
100.475, 313.558
100.498, 313.565
100.512, 313.568
100.554, 313.58
100.595, 313.591
100.628, 313.6
100.647, 313.605
100.673, 313.612
100.712, 313.623
100.753, 313.634
100.773, 313.64
100.797, 313.646
100.856, 313.663
100.865, 313.665
100.873, 313.667
100.926, 313.682
100.951, 313.689
100.995, 313.701
101.01, 313.705
101.04, 313.713
101.097, 313.729
101.12, 313.736
101.174, 313.751
101.19, 313.755
101.196, 313.757
101.226, 313.765
101.268, 313.777
101.271, 313.777
101.301, 313.786
101.336, 313.796
101.357, 313.801
101.406, 313.815
101.428, 313.821
101.438, 313.824
101.464, 313.831
101.475, 313.834
101.523, 313.848
101.542, 313.853
101.572, 313.861
101.624, 313.876
101.669, 313.888
101.671, 313.889
101.716, 313.902
101.733, 313.906
101.775, 313.918
101.779, 313.919
101.783, 313.92
101.816, 313.929
101.864, 313.943
101.895, 313.951
101.923, 313.959
101.942, 313.964
101.974, 313.973
102.005, 313.982
102.027, 313.988
102.041, 313.992
102.086, 314.004
102.102, 314.008
102.16, 314.025
102.164, 314.026
102.179, 314.03
102.227, 314.043
102.281, 314.058
102.297, 314.062
102.338, 314.073
102.368, 314.082
102.426, 314.097
102.463, 314.107
102.531, 314.126
102.54, 314.128
102.548, 314.13
102.581, 314.139
102.599, 314.144
102.631, 314.153
102.659, 314.16
102.66, 314.16
102.682, 314.166
102.683, 314.167
102.698, 314.17
102.705, 314.172
102.727, 314.178
102.784, 314.194
102.812, 314.201
102.841, 314.209
102.864, 314.215
102.916, 314.228
102.917, 314.229
102.921, 314.23
102.963, 314.241
103.026, 314.257
103.029, 314.258
103.053, 314.264
103.069, 314.268
103.08, 314.271
103.115, 314.28
103.143, 314.288
103.157, 314.291
103.217, 314.306
103.22, 314.307
103.225, 314.308
103.273, 314.321
103.315, 314.331
103.327, 314.334
103.363, 314.343
103.379, 314.347
103.438, 314.362
103.47, 314.37
103.477, 314.372
103.49, 314.375
103.501, 314.378
103.545, 314.389
103.57, 314.395
103.59, 314.4
103.621, 314.407
103.66, 314.417
103.669, 314.419
103.676, 314.421
103.704, 314.427
103.744, 314.437
103.765, 314.442
103.785, 314.447
103.847, 314.462
103.852, 314.463
103.919, 314.479
103.926, 314.48
103.93, 314.481
103.989, 314.495
104.06, 314.511
104.091, 314.518
104.102, 314.52
104.109, 314.522
104.15, 314.531
104.181, 314.538
104.254, 314.554
104.255, 314.555
104.257, 314.555
104.319, 314.569
104.336, 314.572
104.377, 314.581
104.394, 314.585
104.419, 314.59
104.477, 314.603
104.489, 314.605
104.511, 314.61
104.561, 314.62
104.579, 314.624
104.595, 314.627
104.63, 314.634
104.648, 314.638
104.69, 314.647
104.751, 314.659
104.752, 314.659
104.757, 314.66
104.79, 314.667
104.847, 314.678
104.861, 314.681
104.9, 314.688
104.919, 314.692
104.938, 314.695
104.971, 314.702
105.012, 314.71
105.014, 314.71
105.028, 314.713
105.055, 314.718
105.061, 314.719
105.088, 314.724
105.089, 314.724
105.098, 314.725
105.131, 314.732
105.178, 314.74
105.222, 314.748
105.245, 314.752
105.259, 314.755
105.282, 314.759
105.288, 314.76
105.293, 314.761
105.317, 314.765
105.357, 314.771
105.417, 314.782
105.438, 314.785
105.455, 314.788
105.471, 314.791
105.507, 314.796
105.52, 314.798
105.57, 314.807
105.578, 314.808
105.591, 314.81
105.636, 314.817
105.677, 314.823
105.682, 314.824
105.725, 314.831
105.736, 314.832
105.786, 314.84
105.802, 314.842
105.831, 314.846
105.86, 314.851
105.868, 314.852
105.894, 314.856
105.916, 314.859
105.979, 314.868
106.012, 314.872
106.027, 314.874
106.059, 314.878
106.093, 314.883
106.115, 314.886
106.146, 314.89
106.192, 314.896
106.194, 314.896
106.229, 314.901
106.256, 314.904
106.298, 314.909
106.321, 314.912
106.327, 314.913
106.335, 314.914
106.395, 314.921
106.412, 314.923
106.457, 314.928
106.492, 314.932
106.5, 314.933
106.507, 314.933
106.558, 314.939
106.624, 314.946
106.664, 314.95
106.673, 314.951
106.722, 314.956
106.76, 314.96
106.776, 314.961
106.785, 314.962
106.82, 314.966
106.856, 314.969
106.886, 314.972
106.933, 314.976
106.945, 314.977
106.969, 314.979
107.013, 314.983
107.073, 314.988
107.081, 314.988
107.131, 314.992
107.149, 314.994
107.206, 314.998
107.211, 314.998
107.243, 315.001
107.248, 315.001
107.27, 315.003
107.28, 315.003
107.327, 315.007
107.365, 315.009
107.386, 315.011
107.419, 315.013
107.433, 315.014
107.452, 315.015
107.485, 315.017
107.508, 315.019
107.559, 315.022
107.588, 315.023
107.605, 315.024
107.615, 315.025
107.639, 315.026
107.642, 315.026
107.688, 315.029
107.722, 315.03
107.746, 315.032
107.769, 315.033
107.788, 315.034
107.831, 315.036
107.842, 315.036
107.893, 315.038
107.921, 315.04
107.947, 315.041
107.961, 315.041
107.976, 315.042
108.02, 315.044
108.028, 315.044
108.081, 315.046
108.12, 315.047
108.135, 315.048
108.143, 315.048
108.194, 315.05
108.214, 315.05
108.259, 315.052
108.266, 315.052
108.308, 315.053
108.31, 315.053
108.338, 315.054
108.377, 315.055
108.396, 315.055
108.432, 315.056
108.468, 315.057
108.494, 315.057
108.522, 315.058
108.534, 315.058
108.591, 315.059
108.597, 315.059
108.605, 315.059
108.644, 315.06
108.678, 315.06
108.698, 315.06
108.727, 315.061
108.728, 315.061
108.728, 315.061
108.764, 315.061
108.787, 315.061
108.805, 315.062
108.818, 315.062
108.841, 315.062
108.869, 315.062
108.882, 315.062
108.918, 315.062
108.953, 315.063
108.979, 315.063
108.987, 315.063
108.999, 315.063
109.029, 315.063
109.037, 315.063
109.066, 315.063
109.079, 315.063
109.123, 315.063
109.135, 315.063
109.174, 315.063
109.177, 315.063
109.183, 315.063
109.239, 315.063
109.277, 315.063
109.283, 315.063
109.305, 315.063
109.311, 315.063
109.355, 315.063
109.358, 315.063
109.359, 315.063
109.36, 315.063
109.399, 315.062
109.434, 315.062
109.444, 315.062
109.485, 315.062
109.496, 315.062
109.517, 315.062
109.543, 315.062
109.568, 315.061
109.581, 315.061
109.621, 315.061
109.66, 315.061
109.672, 315.061
109.674, 315.061
109.7, 315.061
109.715, 315.06
109.728, 315.06
109.761, 315.06
109.814, 315.06
109.827, 315.06
109.859, 315.059
109.863, 315.059
109.932, 315.059
110, 315.059
110.137, 315.006
110.228, 314.973
110.258, 314.963
110.369, 314.939
110.482, 314.912
110.657, 314.893
110.693, 314.889
110.986, 314.856
111, 314.854


