X,T
6.61744e-18, 310.15
0.218929, 310.15
0.550309, 310.15
0.594245, 310.15
0.63223, 310.15
1.0221, 310.15
1.09653, 310.15
1.3127, 310.15
1.50767, 310.15
1.82249, 310.15
1.84818, 310.15
1.89406, 310.15
2.39258, 310.15
2.59809, 310.15
2.80939, 310.15
3.03114, 310.15
3.23573, 310.15
3.44789, 310.15
3.48652, 310.15
3.63828, 310.15
4.11593, 310.15
4.19606, 310.15
4.40834, 310.15
4.79507, 310.15
4.9333, 310.15
5.34396, 310.151
5.57963, 310.151
5.64073, 310.151
5.79769, 310.151
5.90374, 310.151
6.46707, 310.151
6.64901, 310.151
7.06043, 310.151
7.21256, 310.151
7.25458, 310.151
7.45405, 310.151
7.502, 310.151
8.11755, 310.151
8.16551, 310.151
8.53045, 310.151
8.62974, 310.151
8.83777, 310.151
9.14863, 310.151
9.21694, 310.151
9.2713, 310.151
9.65989, 310.151
9.99864, 310.151
10.2615, 310.151
10.4199, 310.151
10.4832, 310.151
10.7966, 310.151
10.8691, 310.151
11.0844, 310.151
11.3109, 310.151
11.574, 310.151
11.6794, 310.151
11.8032, 310.151
11.9853, 310.151
12.3235, 310.151
12.3982, 310.151
12.4175, 310.151
12.4711, 310.151
12.9605, 310.151
13.342, 310.151
13.5497, 310.151
13.659, 310.151
14.125, 310.151
14.1801, 310.151
14.6647, 310.151
14.76, 310.151
14.9756, 310.151
15.0007, 310.151
15.3889, 310.151
15.4864, 310.151
15.5638, 310.151
16.0141, 310.151
16.0475, 310.151
16.7868, 310.151
16.8102, 310.151
16.8267, 310.151
16.8577, 310.151
16.89, 310.151
16.9053, 310.151
16.947, 310.151
17.0954, 310.152
17.6533, 310.152
17.8684, 310.152
18.1183, 310.152
18.4107, 310.152
18.44, 310.152
18.7679, 310.152
18.781, 310.152
19.2986, 310.152
19.6503, 310.152
19.6862, 310.152
19.7037, 310.152
19.8208, 310.152
20.2753, 310.152
20.5018, 310.152
20.5736, 310.152
20.8955, 310.152
21.1019, 310.152
21.2044, 310.152
21.3189, 310.152
21.7144, 310.153
21.7239, 310.153
21.7306, 310.153
22.0058, 310.153
22.363, 310.153
22.5026, 310.153
22.5691, 310.153
22.7206, 310.153
22.9654, 310.153
23.1356, 310.153
23.5455, 310.153
23.5616, 310.153
23.5836, 310.153
24.037, 310.153
24.1319, 310.153
24.3547, 310.153
24.8164, 310.154
24.8368, 310.154
24.9714, 310.154
25.3511, 310.154
25.6705, 310.154
25.7847, 310.154
25.8695, 310.154
26.3709, 310.154
26.4035, 310.154
26.4737, 310.154
26.8378, 310.155
26.8816, 310.155
27.1544, 310.155
27.2015, 310.155
27.5661, 310.155
27.8455, 310.155
28.0003, 310.155
28.0412, 310.155
28.3352, 310.156
28.4807, 310.156
28.7955, 310.156
29.0975, 310.156
29.1346, 310.156
29.1527, 310.156
29.587, 310.156
29.8672, 310.157
30.3046, 310.157
30.3454, 310.157
30.4202, 310.157
30.6629, 310.157
30.9181, 310.158
31.061, 310.158
31.1452, 310.158
31.2318, 310.158
31.263, 310.158
31.4288, 310.158
31.4665, 310.158
31.5333, 310.158
31.816, 310.159
31.8832, 310.159
31.972, 310.159
32.4293, 310.159
32.4431, 310.159
32.6588, 310.159
33.1046, 310.16
33.2266, 310.16
33.5126, 310.161
33.7384, 310.161
33.7732, 310.161
33.9857, 310.161
34.1117, 310.161
34.438, 310.162
34.6161, 310.162
34.7378, 310.162
34.8568, 310.162
35.286, 310.163
35.4638, 310.163
35.8273, 310.164
35.8558, 310.164
36.0342, 310.164
36.0868, 310.165
37.0021, 310.166
37.0041, 310.166
37.0085, 310.166
37.3371, 310.167
37.6716, 310.168
37.7801, 310.168
38.0592, 310.169
38.2015, 310.169
38.3019, 310.169
38.4377, 310.17
38.807, 310.171
38.8196, 310.171
38.8365, 310.171
39.1903, 310.172
39.5504, 310.173
39.5622, 310.173
39.5691, 310.173
39.9789, 310.174
40.2294, 310.175
40.3863, 310.175
40.5716, 310.176
40.8754, 310.177
41.2023, 310.178
41.2219, 310.178
41.267, 310.179
41.3313, 310.179
41.4548, 310.179
41.5281, 310.18
41.8809, 310.181
42.0773, 310.182
42.1162, 310.182
42.395, 310.183
42.4632, 310.184
42.8927, 310.186
42.9779, 310.186
43.1941, 310.187
43.77, 310.19
43.7876, 310.19
43.8095, 310.19
43.819, 310.19
43.8612, 310.191
44.4594, 310.194
44.5321, 310.194
44.9012, 310.197
44.9892, 310.197
45.0127, 310.198
45.0645, 310.198
45.1188, 310.198
45.1803, 310.199
45.9582, 310.204
46.2566, 310.207
46.3333, 310.207
46.3972, 310.208
46.7096, 310.21
46.7535, 310.211
46.8871, 310.212
47.3672, 310.216
47.6186, 310.218
48.1408, 310.224
48.196, 310.224
48.2549, 310.225
48.7849, 310.231
49.0936, 310.235
49.1162, 310.235
49.2079, 310.236
49.3066, 310.237
49.3718, 310.238
50.1248, 310.249
50.163, 310.249
50.2722, 310.251
50.4819, 310.254
50.8833, 310.26
50.9845, 310.262
51.2781, 310.267
51.5548, 310.272
51.5722, 310.272
51.9915, 310.281
52.2132, 310.285
52.3394, 310.288
52.416, 310.29
52.4589, 310.29
52.8136, 310.298
53.2464, 310.309
53.4094, 310.313
53.4628, 310.314
53.5635, 310.317
53.8184, 310.324
54.3386, 310.34
54.4645, 310.344
54.839, 310.357
54.8561, 310.358
55.222, 310.371
55.2973, 310.373
55.5022, 310.382
55.9584, 310.4
56.3453, 310.419
56.4304, 310.424
56.7283, 310.439
56.985, 310.456
57.3087, 310.476
57.4281, 310.485
57.5979, 310.497
57.669, 310.502
57.7033, 310.505
57.853, 310.52
57.8712, 310.522
57.882, 310.523
58, 310.536
58.0443, 310.536
58.0895, 310.536
58.0966, 310.536
58.1251, 310.536
58.1477, 310.536
58.1706, 310.536
58.1875, 310.536
58.2133, 310.537
58.2265, 310.537
58.2607, 310.537
58.2888, 310.537
58.2944, 310.537
58.3032, 310.537
58.376, 310.537
58.4029, 310.537
58.4729, 310.537
58.4869, 310.537
58.5008, 310.537
58.5452, 310.538
58.5513, 310.538
58.5534, 310.538
58.6135, 310.538
58.6249, 310.538
58.6755, 310.538
58.7015, 310.538
58.7437, 310.539
58.7787, 310.539
58.7921, 310.539
58.8215, 310.539
58.8674, 310.539
58.8723, 310.539
58.9027, 310.539
58.9031, 310.539
58.9044, 310.539
58.9568, 310.54
58.9977, 310.54
58.9991, 310.54
59.0025, 310.54
59.0195, 310.54
59.045, 310.54
59.0472, 310.54
59.0938, 310.54
59.1153, 310.54
59.1395, 310.541
59.1551, 310.541
59.1781, 310.541
59.1947, 310.541
59.262, 310.541
59.287, 310.541
59.2981, 310.541
59.3307, 310.542
59.3856, 310.542
59.4202, 310.542
59.4302, 310.542
59.4422, 310.542
59.469, 310.542
59.4877, 310.543
59.5097, 310.543
59.5379, 310.543
59.555, 310.543
59.5636, 310.543
59.5974, 310.543
59.609, 310.543
59.6123, 310.543
59.6776, 310.544
59.686, 310.544
59.7125, 310.544
59.7297, 310.544
59.7498, 310.544
59.7625, 310.544
59.778, 310.545
59.7881, 310.545
59.8422, 310.545
59.8482, 310.545
59.8967, 310.545
59.8991, 310.545
59.923, 310.546
59.9843, 310.546
60.0112, 310.546
60.0478, 310.546
60.0501, 310.546
60.0556, 310.547
60.0754, 310.547
60.0965, 310.547
60.1089, 310.547
60.1375, 310.547
60.1777, 310.547
60.2182, 310.548
60.2231, 310.548
60.2301, 310.548
60.2703, 310.548
60.2772, 310.548
60.314, 310.549
60.3227, 310.549
60.3277, 310.549
60.3723, 310.549
60.398, 310.549
60.4031, 310.549
60.4469, 310.55
60.4644, 310.55
60.5061, 310.55
60.5456, 310.55
60.5718, 310.551
60.5905, 310.551
60.6161, 310.551
60.6386, 310.551
60.6696, 310.551
60.6699, 310.551
60.7207, 310.552
60.7341, 310.552
60.7466, 310.552
60.7652, 310.552
60.7854, 310.552
60.792, 310.553
60.8051, 310.553
60.8592, 310.553
60.8637, 310.553
60.9087, 310.554
60.9484, 310.554
60.9608, 310.554
60.9624, 310.554
60.9663, 310.554
61.0239, 310.555
61.0591, 310.555
61.0706, 310.555
61.1033, 310.555
61.1391, 310.556
61.1917, 310.556
61.2853, 310.557
61.2861, 310.557
61.2864, 310.557
61.3287, 310.558
61.3456, 310.558
61.3769, 310.558
61.3972, 310.558
61.4387, 310.559
61.4616, 310.559
61.491, 310.559
61.5509, 310.56
61.5648, 310.56
61.6045, 310.56
61.6252, 310.561
61.6416, 310.561
61.666, 310.561
61.6859, 310.561
61.736, 310.562
61.7589, 310.562
61.7642, 310.562
61.8214, 310.563
61.8353, 310.563
61.8903, 310.563
61.898, 310.563
61.9474, 310.564
61.9678, 310.564
62.0089, 310.565
62.0498, 310.565
62.0511, 310.565
62.1055, 310.566
62.1176, 310.566
62.1211, 310.566
62.1444, 310.566
62.1608, 310.566
62.2123, 310.567
62.2305, 310.567
62.2689, 310.568
62.2796, 310.568
62.2858, 310.568
62.2951, 310.568
62.3308, 310.568
62.3747, 310.569
62.3802, 310.569
62.3832, 310.569
62.4241, 310.569
62.4514, 310.57
62.4558, 310.57
62.4585, 310.57
62.4863, 310.57
62.5464, 310.571
62.59, 310.571
62.6098, 310.572
62.6167, 310.572
62.6374, 310.572
62.6565, 310.572
62.6691, 310.572
62.7105, 310.573
62.7369, 310.573
62.7597, 310.573
62.7723, 310.574
62.7867, 310.574
62.8171, 310.574
62.8196, 310.574
62.8234, 310.574
62.8261, 310.574
62.8608, 310.575
62.871, 310.575
62.8948, 310.575
62.9435, 310.576
62.9471, 310.576
62.948, 310.576
62.9696, 310.576
63.0525, 310.577
63.0784, 310.577
63.0831, 310.577
63.0983, 310.578
63.1392, 310.578
63.1885, 310.579
63.202, 310.579
63.2106, 310.579
63.2883, 310.58
63.2972, 310.58
63.3087, 310.58
63.3315, 310.581
63.3485, 310.581
63.3598, 310.581
63.3676, 310.581
63.4278, 310.582
63.4326, 310.582
63.4368, 310.582
63.4807, 310.583
63.5036, 310.583
63.5123, 310.583
63.5737, 310.584
63.5799, 310.584
63.6045, 310.584
63.6268, 310.585
63.6328, 310.585
63.6412, 310.585
63.6829, 310.586
63.7308, 310.586
63.7637, 310.587
63.7697, 310.587
63.8164, 310.587
63.8179, 310.587
63.8213, 310.588
63.8229, 310.588
63.8345, 310.588
63.873, 310.588
63.8986, 310.589
63.909, 310.589
63.9166, 310.589
63.9519, 310.589
63.9731, 310.59
63.9891, 310.59
64.014, 310.59
64.0339, 310.591
64.06, 310.591
64.072, 310.591
64.1075, 310.592
64.1319, 310.592
64.1529, 310.592
64.1825, 310.593
64.1937, 310.593
64.2633, 310.594
64.2925, 310.594
64.3143, 310.595
64.3369, 310.595
64.3482, 310.595
64.3678, 310.596
64.4394, 310.597
64.4753, 310.597
64.494, 310.598
64.5328, 310.598
64.5537, 310.598
64.5887, 310.599
64.6161, 310.599
64.633, 310.6
64.6729, 310.6
64.6757, 310.6
64.7222, 310.601
64.7588, 310.602
64.7741, 310.602
64.8085, 310.603
64.8508, 310.603
64.8619, 310.603
64.901, 310.604
64.931, 310.605
64.9517, 310.605
64.9741, 310.605
64.9889, 310.605
65.0009, 310.606
65.0416, 310.606
65.0535, 310.607
65.0982, 310.607
65.1362, 310.608
65.1577, 310.608
65.1636, 310.608
65.1743, 310.609
65.1959, 310.609
65.2005, 310.609
65.2077, 310.609
65.2714, 310.61
65.2753, 310.61
65.2829, 310.61
65.3371, 310.611
65.3852, 310.612
65.3901, 310.612
65.397, 310.612
65.4286, 310.613
65.4641, 310.613
65.4692, 310.614
65.4754, 310.614
65.5168, 310.614
65.5695, 310.615
65.5984, 310.616
65.6155, 310.616
65.6463, 310.617
65.6543, 310.617
65.6642, 310.617
65.6906, 310.617
65.6993, 310.618
65.7266, 310.618
65.7316, 310.618
65.7875, 310.619
65.806, 310.619
65.8522, 310.62
65.8687, 310.621
65.9028, 310.621
65.9352, 310.622
65.9356, 310.622
65.9931, 310.623
66.0291, 310.624
66.0438, 310.624
66.0652, 310.624
66.1107, 310.625
66.1271, 310.625
66.1337, 310.625
66.2113, 310.627
66.2154, 310.627
66.2571, 310.628
66.2719, 310.628
66.3122, 310.629
66.3195, 310.629
66.3769, 310.63
66.3865, 310.63
66.3952, 310.63
66.4303, 310.631
66.4493, 310.631
66.5482, 310.633
66.5581, 310.634
66.5781, 310.634
66.6128, 310.635
66.6371, 310.635
66.6712, 310.636
66.7096, 310.636
66.7285, 310.637
66.7686, 310.638
66.8215, 310.639
66.8297, 310.639
66.8421, 310.639
66.8748, 310.64
66.9392, 310.641
66.9398, 310.641
66.9399, 310.641
66.978, 310.642
67.0187, 310.643
67.0287, 310.643
67.0776, 310.644
67.0945, 310.644
67.1288, 310.645
67.1482, 310.645
67.1502, 310.645
67.1533, 310.645
67.1591, 310.646
67.25, 310.647
67.2544, 310.647
67.2891, 310.648
67.3018, 310.648
67.3472, 310.649
67.374, 310.65
67.4596, 310.652
67.4675, 310.652
67.4789, 310.652
67.5118, 310.653
67.5432, 310.654
67.5581, 310.654
67.5926, 310.655
67.6131, 310.655
67.6486, 310.656
67.6501, 310.656
67.6572, 310.656
67.7046, 310.657
67.7617, 310.658
67.7905, 310.659
67.8217, 310.66
67.89, 310.661
67.9111, 310.662
67.9192, 310.662
67.9431, 310.662
67.9657, 310.663
67.9941, 310.663
68.0205, 310.664
68.0524, 310.665
68.0525, 310.665
68.0526, 310.665
68.0529, 310.665
68.1227, 310.666
68.1364, 310.667
68.1549, 310.667
68.1873, 310.668
68.22, 310.668
68.2594, 310.669
68.275, 310.67
68.3005, 310.67
68.3179, 310.671
68.3454, 310.671
68.3618, 310.672
68.3866, 310.672
68.4098, 310.673
68.4251, 310.673
68.4748, 310.674
68.4756, 310.674
68.4801, 310.674
68.5355, 310.676
68.5396, 310.676
68.5493, 310.676
68.5797, 310.677
68.5922, 310.677
68.6557, 310.679
68.6688, 310.679
68.705, 310.68
68.7099, 310.68
68.77, 310.681
68.7757, 310.681
68.8065, 310.682
68.8467, 310.683
68.8526, 310.683
68.9008, 310.684
68.942, 310.685
68.9894, 310.687
69.0016, 310.687
69.0571, 310.688
69.074, 310.689
69.1285, 310.69
69.1537, 310.691
69.1663, 310.691
69.2134, 310.692
69.2158, 310.692
69.2436, 310.693
69.2611, 310.693
69.2661, 310.693
69.3135, 310.695
69.3586, 310.696
69.3643, 310.696
69.41, 310.697
69.4436, 310.698
69.4475, 310.698
69.4498, 310.698
69.48, 310.699
69.5205, 310.7
69.5356, 310.7
69.5705, 310.701
69.6013, 310.702
69.6664, 310.703
69.6783, 310.704
69.7301, 310.705
69.7322, 310.705
69.7525, 310.706
69.7836, 310.706
69.8029, 310.707
69.8089, 310.707
69.8314, 310.708
69.84, 310.708
69.8811, 310.709
69.8943, 310.709
69.8957, 310.709
69.9296, 310.71
69.9319, 310.71
69.9362, 310.71
69.9581, 310.711
69.982, 310.712
70.0171, 310.713
70.0676, 310.714
70.0814, 310.714
70.1144, 310.715
70.1379, 310.716
70.1631, 310.717
70.1889, 310.717
70.2494, 310.719
70.2605, 310.719
70.2717, 310.719
70.2964, 310.72
70.3034, 310.72
70.3266, 310.721
70.3368, 310.721
70.3519, 310.722
70.3736, 310.722
70.3977, 310.723
70.4121, 310.723
70.4583, 310.725
70.4832, 310.725
70.5418, 310.727
70.5558, 310.727
70.5991, 310.728
70.6508, 310.73
70.6875, 310.731
70.7075, 310.731
70.7207, 310.732
70.7447, 310.733
70.76, 310.733
70.7987, 310.734
70.8087, 310.734
70.8142, 310.734
70.8475, 310.735
70.8802, 310.736
70.9321, 310.738
70.9381, 310.738
70.9589, 310.739
70.9932, 310.74
71.0514, 310.741
71.0538, 310.741
71.0582, 310.741
71.0833, 310.742
71.129, 310.743
71.1294, 310.744
71.1297, 310.744
71.1614, 310.744
71.1905, 310.745
71.1976, 310.745
71.2427, 310.747
71.27, 310.748
71.2786, 310.748
71.3056, 310.749
71.3379, 310.75
71.3708, 310.751
71.3889, 310.751
71.4052, 310.752
71.4584, 310.753
71.4591, 310.753
71.4595, 310.753
71.5086, 310.755
71.5351, 310.755
71.6034, 310.758
71.6302, 310.758
71.636, 310.759
71.6614, 310.759
71.6825, 310.76
71.697, 310.76
71.7464, 310.762
71.7806, 310.763
71.8293, 310.764
71.8313, 310.764
71.8352, 310.765
71.9044, 310.767
71.9052, 310.767
71.9058, 310.767
71.9436, 310.768
71.9808, 310.769
71.9991, 310.77
72.0054, 310.77
72.0253, 310.77
72.0694, 310.772
72.0695, 310.772
72.1293, 310.774
72.1392, 310.774
72.1813, 310.775
72.2057, 310.776
72.2145, 310.776
72.2437, 310.777
72.2645, 310.778
72.2662, 310.778
72.281, 310.779
72.3066, 310.779
72.3629, 310.781
72.3939, 310.782
72.4043, 310.782
72.4105, 310.783
72.4458, 310.784
72.4739, 310.785
72.5035, 310.786
72.5165, 310.786
72.56, 310.788
72.5842, 310.788
72.6005, 310.789
72.624, 310.79
72.6393, 310.79
72.6641, 310.791
72.6702, 310.791
72.7008, 310.792
72.7198, 310.793
72.7554, 310.794
72.7873, 310.795
72.809, 310.796
72.8356, 310.797
72.8497, 310.797
72.8936, 310.799
72.912, 310.799
72.958, 310.801
72.9936, 310.802
72.9999, 310.802
73.0017, 310.802
73.0114, 310.802
73.0566, 310.804
73.0958, 310.805
73.1474, 310.807
73.2136, 310.809
73.2141, 310.809
73.2622, 310.811
73.2934, 310.812
73.3445, 310.814
73.3911, 310.815
73.4086, 310.816
73.4206, 310.816
73.4627, 310.818
73.4913, 310.819
73.5256, 310.82
73.5344, 310.82
73.5547, 310.821
73.5975, 310.823
73.6158, 310.823
73.6843, 310.826
73.7171, 310.827
73.7412, 310.828
73.7688, 310.829
73.8079, 310.83
73.816, 310.83
73.8608, 310.832
73.8614, 310.832
73.8931, 310.833
73.9133, 310.834
73.9339, 310.835
73.9386, 310.835
73.9724, 310.836
73.9942, 310.837
74.025, 310.838
74.0792, 310.84
74.0842, 310.84
74.1456, 310.842
74.1518, 310.843
74.1716, 310.843
74.1927, 310.844
74.2019, 310.844
74.253, 310.846
74.2695, 310.847
74.3124, 310.849
74.3207, 310.849
74.3499, 310.85
74.3663, 310.851
74.4083, 310.852
74.4247, 310.853
74.4693, 310.854
74.4934, 310.855
74.5025, 310.856
74.507, 310.856
74.5104, 310.856
74.547, 310.857
74.5559, 310.858
74.5954, 310.859
74.6157, 310.86
74.6581, 310.862
74.7065, 310.863
74.7083, 310.864
74.7087, 310.864
74.7508, 310.865
74.7604, 310.866
74.7958, 310.867
74.8354, 310.868
74.841, 310.869
74.876, 310.87
74.8779, 310.87
74.9426, 310.873
74.9571, 310.873
74.9702, 310.874
75.0134, 310.875
75.02, 310.876
75.0246, 310.876
75.0942, 310.879
75.1224, 310.88
75.1334, 310.88
75.1812, 310.882
75.1979, 310.883
75.2229, 310.884
75.2291, 310.884
75.2417, 310.884
75.2834, 310.886
75.3111, 310.887
75.3382, 310.888
75.3757, 310.89
75.3912, 310.89
75.4391, 310.892
75.4874, 310.894
75.4979, 310.895
75.5123, 310.895
75.5571, 310.897
75.5933, 310.899
75.6072, 310.899
75.66, 310.901
75.6863, 310.902
75.7109, 310.903
75.7356, 310.904
75.7498, 310.905
75.7875, 310.907
75.8211, 310.908
75.8344, 310.909
75.8681, 310.91
75.9097, 310.912
75.923, 310.912
75.995, 310.915
76.0018, 310.916
76.0639, 310.918
76.0647, 310.918
76.0652, 310.918
76.0981, 310.92
76.0989, 310.92
76.1315, 310.921
76.1498, 310.922
76.1888, 310.924
76.1921, 310.924
76.2389, 310.926
76.2772, 310.927
76.3046, 310.929
76.3811, 310.932
76.3823, 310.932
76.4139, 310.933
76.432, 310.934
76.4388, 310.934
76.4616, 310.935
76.4811, 310.936
76.5116, 310.938
76.5377, 310.939
76.5575, 310.94
76.5752, 310.94
76.6019, 310.942
76.6458, 310.943
76.6678, 310.944
76.7055, 310.946
76.736, 310.948
76.7544, 310.948
76.7647, 310.949
76.7931, 310.95
76.8099, 310.951
76.8161, 310.951
76.8396, 310.952
76.9169, 310.956
76.9204, 310.956
76.9257, 310.956
76.9647, 310.958
76.9872, 310.959
77.0202, 310.96
77.0444, 310.961
77.0563, 310.962
77.0759, 310.963
77.1457, 310.966
77.1469, 310.966
77.1699, 310.967
77.2067, 310.969
77.2083, 310.969
77.2238, 310.97
77.2559, 310.971
77.2775, 310.972
77.2929, 310.973
77.3349, 310.975
77.3888, 310.977
77.4079, 310.978
77.4394, 310.98
77.4424, 310.98
77.4597, 310.981
77.4917, 310.982
77.5325, 310.984
77.5566, 310.985
77.5577, 310.985
77.5586, 310.985
77.6252, 310.989
77.6336, 310.989
77.646, 310.99
77.7049, 310.992
77.7331, 310.994
77.746, 310.994
77.8108, 310.997
77.821, 310.998
77.8552, 311
77.8674, 311
77.9, 311.002
77.9215, 311.003
77.9471, 311.004
77.9611, 311.005
78.0073, 311.007
78.0487, 311.009
78.0679, 311.01
78.0992, 311.012
78.124, 311.013
78.1631, 311.015
78.1718, 311.015
78.2001, 311.017
78.2137, 311.017
78.2422, 311.019
78.2626, 311.02
78.2683, 311.02
78.3083, 311.022
78.3208, 311.023
78.3722, 311.025
78.4122, 311.027
78.4236, 311.028
78.4634, 311.03
78.4705, 311.03
78.5301, 311.033
78.5412, 311.034
78.5611, 311.035
78.5894, 311.036
78.6311, 311.038
78.6659, 311.04
78.6695, 311.04
78.7278, 311.043
78.7532, 311.045
78.7622, 311.045
78.7826, 311.046
78.7925, 311.047
78.8172, 311.048
78.8215, 311.048
78.8441, 311.049
78.8564, 311.05
78.8784, 311.051
78.8906, 311.052
78.9272, 311.054
78.9529, 311.055
78.9728, 311.056
79.0348, 311.059
79.0384, 311.06
79.0716, 311.061
79.1253, 311.064
79.1817, 311.067
79.1913, 311.068
79.1926, 311.068
79.1997, 311.068
79.2504, 311.071
79.264, 311.072
79.3051, 311.074
79.3267, 311.075
79.3505, 311.076
79.3711, 311.077
79.3964, 311.079
79.4159, 311.08
79.4665, 311.083
79.4866, 311.084
79.5037, 311.085
79.5468, 311.087
79.5548, 311.087
79.6132, 311.091
79.6275, 311.091
79.6744, 311.094
79.7048, 311.096
79.7435, 311.098
79.8092, 311.101
79.8104, 311.102
79.8463, 311.104
79.8652, 311.105
79.8839, 311.106
79.9242, 311.108
79.9771, 311.111
79.9834, 311.111
80.0278, 311.114
80.0657, 311.116
80.0782, 311.117
80.0927, 311.118
80.1297, 311.12
80.1748, 311.122
80.1962, 311.123
80.2232, 311.125
80.2555, 311.127
80.2741, 311.128
80.2964, 311.129
80.3241, 311.131
80.3248, 311.131
80.3261, 311.131
80.3814, 311.134
80.392, 311.135
80.4211, 311.137
80.4569, 311.139
80.4622, 311.139
80.4715, 311.139
80.5001, 311.141
80.5256, 311.143
80.5818, 311.146
80.6116, 311.148
80.6355, 311.149
80.6635, 311.151
80.684, 311.152
80.7138, 311.154
80.7359, 311.155
80.7614, 311.157
80.7878, 311.158
80.8095, 311.16
80.8414, 311.162
80.8602, 311.163
80.8908, 311.165
80.9363, 311.167
80.9637, 311.169
81.0525, 311.174
81.0552, 311.175
81.0565, 311.175
81.1275, 311.179
81.1478, 311.18
81.1798, 311.182
81.181, 311.182
81.1823, 311.182
81.1894, 311.183
81.2558, 311.187
81.2938, 311.189
81.3192, 311.191
81.3226, 311.191
81.3361, 311.192
81.383, 311.195
81.4291, 311.198
81.4582, 311.2
81.4831, 311.201
81.5172, 311.203
81.5334, 311.204
81.5592, 311.206
81.585, 311.208
81.6115, 311.209
81.6249, 311.21
81.6704, 311.213
81.7038, 311.215
81.7168, 311.216
81.7362, 311.217
81.7605, 311.219
81.7796, 311.22
81.8388, 311.224
81.8635, 311.226
81.9094, 311.229
81.9602, 311.232
81.9643, 311.232
81.966, 311.232
81.9675, 311.232
81.9713, 311.233
81.9898, 311.234
82.0183, 311.236
82.0215, 311.236
82.0287, 311.237
82.0831, 311.24
82.0988, 311.241
82.1527, 311.245
82.174, 311.246
82.1838, 311.247
82.1938, 311.247
82.2405, 311.251
82.2869, 311.254
82.2979, 311.254
82.3305, 311.257
82.3366, 311.257
82.3562, 311.258
82.3681, 311.259
82.4093, 311.262
82.4491, 311.265
82.4519, 311.265
82.4531, 311.265
82.4549, 311.265
82.4889, 311.267
82.5494, 311.272
82.5557, 311.272
82.5636, 311.273
82.576, 311.273
82.616, 311.276
82.6305, 311.277
82.6712, 311.28
82.6912, 311.281
82.7163, 311.283
82.7631, 311.286
82.772, 311.287
82.7752, 311.287
82.8305, 311.291
82.8631, 311.293
82.8697, 311.294
82.8716, 311.294
82.8754, 311.294
82.932, 311.298
82.9723, 311.301
83.0077, 311.304
83.0218, 311.305
83.0278, 311.305
83.0845, 311.309
83.1201, 311.312
83.1205, 311.312
83.1692, 311.315
83.1732, 311.315
83.2349, 311.32
83.2379, 311.32
83.3065, 311.325
83.3276, 311.327
83.3467, 311.328
83.3804, 311.33
83.3936, 311.331
83.4424, 311.335
83.446, 311.335
83.4523, 311.336
83.4784, 311.338
83.4944, 311.339
83.5565, 311.343
83.5881, 311.346
83.6216, 311.348
83.6537, 311.351
83.7552, 311.358
83.7702, 311.359
83.8181, 311.363
83.8488, 311.365
83.8795, 311.368
83.9191, 311.371
83.9458, 311.373
84.0043, 311.377
84.0678, 311.382
84.0851, 311.383
84.1206, 311.386
84.1534, 311.389
84.1748, 311.39
84.1973, 311.392
84.2141, 311.393
84.2517, 311.396
84.2784, 311.398
84.2891, 311.399
84.3426, 311.403
84.3928, 311.407
84.3946, 311.407
84.3956, 311.407
84.4014, 311.408
84.4575, 311.412
84.5, 311.416
84.5504, 311.42
84.5518, 311.42
84.5821, 311.422
84.6217, 311.425
84.6261, 311.426
84.6669, 311.429
84.6872, 311.431
84.7161, 311.433
84.7501, 311.436
84.7504, 311.436
84.7505, 311.436
84.7934, 311.439
84.8101, 311.441
84.8285, 311.442
84.8472, 311.444
84.8572, 311.444
84.8694, 311.445
84.8801, 311.446
84.8908, 311.447
84.9181, 311.449
84.9268, 311.45
84.971, 311.454
84.9763, 311.454
85.0039, 311.457
85.047, 311.46
85.0941, 311.464
85.0995, 311.464
85.106, 311.465
85.141, 311.468
85.1858, 311.472
85.2037, 311.473
85.2274, 311.475
85.3045, 311.482
85.3148, 311.483
85.3265, 311.484
85.3649, 311.487
85.3826, 311.488
85.4534, 311.494
85.4639, 311.495
85.4817, 311.497
85.5004, 311.498
85.5286, 311.501
85.5393, 311.502
85.5451, 311.502
85.6048, 311.507
85.6082, 311.508
85.63, 311.51
85.6483, 311.511
85.678, 311.514
85.6808, 311.514
85.7233, 311.518
85.7541, 311.52
85.7946, 311.524
85.806, 311.525
85.8425, 311.528
85.8569, 311.529
85.8733, 311.531
85.8885, 311.532
85.9187, 311.535
85.9578, 311.538
85.9778, 311.54
86.0096, 311.543
86.017, 311.544
86.0522, 311.547
86.0633, 311.548
86.0655, 311.548
86.0892, 311.55
86.1112, 311.552
86.1546, 311.556
86.171, 311.557
86.2124, 311.561
86.2522, 311.565
86.2525, 311.565
86.2527, 311.565
86.2536, 311.565
86.3235, 311.571
86.3828, 311.577
86.4095, 311.579
86.4113, 311.579
86.4234, 311.58
86.4432, 311.582
86.4576, 311.584
86.4793, 311.586
86.512, 311.589
86.5324, 311.59
86.5401, 311.591
86.5516, 311.592
86.5817, 311.595
86.6055, 311.597
86.608, 311.598
86.6413, 311.601
86.6613, 311.603
86.6907, 311.605
86.699, 311.606
86.7007, 311.606
86.7601, 311.612
86.7929, 311.615
86.8049, 311.616
86.8149, 311.617
86.8373, 311.619
86.8885, 311.624
86.9289, 311.628
86.9295, 311.628
86.9651, 311.631
86.9895, 311.634
87.0444, 311.639
87.0457, 311.639
87.0506, 311.64
87.0958, 311.644
87.0985, 311.644
87.1423, 311.649
87.1668, 311.651
87.1794, 311.652
87.2422, 311.658
87.2488, 311.659
87.2824, 311.662
87.2984, 311.664
87.356, 311.67
87.3702, 311.671
87.3833, 311.672
87.4454, 311.678
87.4573, 311.68
87.4709, 311.681
87.4842, 311.682
87.4927, 311.683
87.516, 311.685
87.5702, 311.691
87.587, 311.693
87.6448, 311.698
87.646, 311.699
87.692, 311.703
87.7395, 311.708
87.7419, 311.708
87.7457, 311.709
87.7904, 311.713
87.8306, 311.717
87.8726, 311.722
87.9089, 311.726
87.9165, 311.726
87.961, 311.731
87.9624, 311.731
88.0071, 311.736
88.0136, 311.736
88.0532, 311.741
88.0916, 311.745
88.1074, 311.746
88.1269, 311.748
88.1538, 311.751
88.1725, 311.753
88.2097, 311.757
88.2161, 311.758
88.2412, 311.76
88.2466, 311.761
88.2761, 311.764
88.3045, 311.767
88.32, 311.769
88.3735, 311.775
88.4123, 311.779
88.4212, 311.78
88.4258, 311.78
88.4282, 311.78
88.4511, 311.783
88.4764, 311.786
88.5526, 311.794
88.584, 311.797
88.6034, 311.799
88.6196, 311.801
88.644, 311.804
88.6697, 311.807
88.7097, 311.811
88.72, 311.812
88.7264, 311.813
88.7566, 311.816
88.7849, 311.819
88.8108, 311.822
88.8574, 311.827
88.8824, 311.83
88.9138, 311.834
88.9319, 311.836
88.9584, 311.839
88.9763, 311.841
88.9864, 311.842
89.0222, 311.846
89.0746, 311.852
89.0861, 311.853
89.1054, 311.855
89.1229, 311.857
89.1505, 311.861
89.1704, 311.863
89.2186, 311.868
89.2349, 311.87
89.2707, 311.874
89.3285, 311.881
89.3294, 311.881
89.3298, 311.881
89.3801, 311.887
89.3899, 311.888
89.4103, 311.891
89.4218, 311.892
89.4319, 311.893
89.4929, 311.9
89.5267, 311.904
89.5501, 311.907
89.5837, 311.911
89.5873, 311.911
89.6, 311.913
89.6361, 311.917
89.6438, 311.918
89.6469, 311.918
89.6825, 311.923
89.687, 311.923
89.7049, 311.925
89.7182, 311.927
89.7319, 311.929
89.7585, 311.932
89.7983, 311.937
89.8252, 311.94
89.8729, 311.946
89.8949, 311.948
89.9112, 311.95
89.9432, 311.954
89.9709, 311.958
90.0125, 311.963
90.0516, 311.967
90.0952, 311.973
90.1129, 311.975
90.1172, 311.976
90.1481, 311.979
90.172, 311.982
90.2075, 311.987
90.2177, 311.988
90.2666, 311.994
90.2741, 311.995
90.329, 312.002
90.3578, 312.006
90.3691, 312.007
90.3929, 312.01
90.3996, 312.011
90.402, 312.011
90.4314, 312.015
90.4479, 312.017
90.4737, 312.02
90.4887, 312.022
90.5441, 312.029
90.5538, 312.031
90.5829, 312.034
90.5996, 312.036
90.6617, 312.044
90.6625, 312.045
90.6637, 312.045
90.6921, 312.048
90.7305, 312.053
90.7372, 312.054
90.7917, 312.061
90.7938, 312.062
90.8282, 312.066
90.8924, 312.075
90.9577, 312.083
90.9651, 312.084
90.9664, 312.084
90.9683, 312.085
90.993, 312.088
91.0083, 312.09
91.0427, 312.094
91.0641, 312.097
91.0938, 312.101
91.1237, 312.105
91.1686, 312.111
91.1985, 312.115
91.2118, 312.117
91.2506, 312.123
91.2594, 312.124
91.2668, 312.125
91.3187, 312.132
91.3272, 312.133
91.3767, 312.14
91.3875, 312.141
91.4346, 312.148
91.4714, 312.153
91.4833, 312.154
91.4923, 312.156
91.5237, 312.16
91.575, 312.167
91.5983, 312.17
91.6097, 312.172
91.6568, 312.179
91.6571, 312.179
91.6663, 312.18
91.699, 312.185
91.6999, 312.185
91.7017, 312.185
91.7597, 312.193
91.7795, 312.196
91.8044, 312.2
91.85, 312.206
91.851, 312.206
91.8528, 312.206
91.9017, 312.213
91.928, 312.217
91.9593, 312.222
91.9732, 312.224
91.9902, 312.226
92.0075, 312.229
92.0463, 312.234
92.0571, 312.236
92.0609, 312.237
92.0774, 312.239
92.0924, 312.241
92.1081, 312.243
92.138, 312.248
92.178, 312.254
92.1811, 312.254
92.2346, 312.262
92.2539, 312.265
92.2601, 312.266
92.3025, 312.272
92.3169, 312.274
92.3332, 312.277
92.3598, 312.281
92.3899, 312.285
92.3949, 312.286
92.4257, 312.29
92.4309, 312.291
92.4388, 312.292
92.463, 312.296
92.4945, 312.301
92.5297, 312.306
92.5402, 312.308
92.592, 312.316
92.5968, 312.316
92.6544, 312.325
92.6646, 312.327
92.6837, 312.33
92.7073, 312.333
92.7151, 312.334
92.7632, 312.342
92.7667, 312.342
92.8235, 312.351
92.8263, 312.352
92.8347, 312.353
92.8728, 312.359
92.8862, 312.361
92.892, 312.362
92.9221, 312.367
92.9525, 312.371
92.9551, 312.372
92.9942, 312.378
93.011, 312.381
93.0336, 312.384
93.057, 312.388
93.0617, 312.389
93.069, 312.39
93.0892, 312.393
93.151, 312.403
93.1817, 312.408
93.2233, 312.415
93.2245, 312.415
93.2268, 312.415
93.286, 312.425
93.332, 312.432
93.3502, 312.435
93.3752, 312.439
93.3905, 312.442
93.4169, 312.446
93.4247, 312.447
93.4338, 312.449
93.4744, 312.455
93.5197, 312.463
93.5327, 312.465
93.5602, 312.47
93.5719, 312.472
93.5909, 312.475
93.6301, 312.481
93.6771, 312.489
93.6975, 312.493
93.7178, 312.496
93.7251, 312.497
93.7428, 312.5
93.7721, 312.505
93.7879, 312.508
93.8077, 312.511
93.8225, 312.514
93.8488, 312.518
93.8721, 312.522
93.9, 312.527
93.9231, 312.531
93.9679, 312.539
94.013, 312.546
94.0203, 312.548
94.0957, 312.561
94.1035, 312.562
94.1117, 312.563
94.1556, 312.571
94.176, 312.575
94.2061, 312.58
94.2114, 312.581
94.2135, 312.581
94.2395, 312.586
94.2571, 312.589
94.2593, 312.589
94.3013, 312.597
94.3485, 312.605
94.3498, 312.605
94.35, 312.605
94.3524, 312.606
94.3994, 312.614
94.4148, 312.617
94.4591, 312.625
94.4859, 312.63
94.5202, 312.636
94.5741, 312.646
94.6081, 312.652
94.622, 312.655
94.6248, 312.655
94.6518, 312.66
94.6958, 312.668
94.7714, 312.682
94.7727, 312.682
94.7729, 312.682
94.8151, 312.69
94.8575, 312.698
94.8825, 312.703
94.9309, 312.712
94.9407, 312.714
94.9774, 312.721
95.0054, 312.726
95.0536, 312.735
95.0862, 312.741
95.1027, 312.744
95.1176, 312.747
95.1378, 312.751
95.1718, 312.758
95.1955, 312.762
95.2518, 312.773
95.2557, 312.774
95.3157, 312.786
95.3273, 312.788
95.3581, 312.794
95.4118, 312.804
95.4198, 312.806
95.465, 312.815
95.487, 312.819
95.4976, 312.821
95.5266, 312.827
95.5518, 312.832
95.5841, 312.839
95.6108, 312.844
95.6495, 312.852
95.6946, 312.861
95.696, 312.861
95.7253, 312.867
95.736, 312.869
95.7742, 312.877
95.8038, 312.883
95.8158, 312.885
95.8326, 312.889
95.8469, 312.892
95.8809, 312.899
95.8927, 312.901
95.934, 312.91
95.955, 312.914
96.0328, 312.93
96.0561, 312.935
96.068, 312.938
96.0873, 312.942
96.1055, 312.946
96.1221, 312.949
96.1475, 312.954
96.1986, 312.965
96.2323, 312.972
96.2541, 312.977
96.2664, 312.98
96.309, 312.989
96.3458, 312.997
96.3713, 313.002
96.3936, 313.007
96.4437, 313.018
96.4633, 313.022
96.4867, 313.027
96.5255, 313.036
96.5361, 313.038
96.5741, 313.046
96.6177, 313.056
96.633, 313.06
96.6424, 313.062
96.6816, 313.07
96.7365, 313.083
96.7481, 313.085
96.7872, 313.094
96.8423, 313.106
96.8617, 313.111
96.9076, 313.121
96.9446, 313.13
96.9663, 313.135
96.9982, 313.142
97.0046, 313.143
97.066, 313.158
97.1071, 313.167
97.1194, 313.17
97.1722, 313.182
97.177, 313.184
97.2174, 313.193
97.257, 313.202
97.2859, 313.209
97.3142, 313.216
97.3435, 313.223
97.3447, 313.223
97.3981, 313.236
97.4282, 313.243
97.4831, 313.256
97.4994, 313.26
97.5528, 313.273
97.567, 313.277
97.6012, 313.285
97.605, 313.286
97.6147, 313.288
97.6402, 313.295
97.6637, 313.301
97.6821, 313.305
97.6908, 313.307
97.7303, 313.317
97.7431, 313.32
97.8083, 313.336
97.8451, 313.346
97.8762, 313.354
97.9295, 313.367
97.9393, 313.369
97.9439, 313.371
97.9479, 313.372
97.9814, 313.38
98.0135, 313.388
98.0865, 313.407
98.0901, 313.408
98.1486, 313.423
98.1587, 313.426
98.1878, 313.433
98.1961, 313.436
98.2551, 313.451
98.2573, 313.452
98.261, 313.453
98.3108, 313.466
98.3634, 313.48
98.3898, 313.487
98.4079, 313.492
98.4564, 313.505
98.4616, 313.506
98.5056, 313.518
98.5763, 313.537
98.603, 313.544
98.6218, 313.55
98.6703, 313.563
98.6835, 313.567
98.7163, 313.576
98.7238, 313.578
98.7432, 313.583
98.7649, 313.589
98.831, 313.608
98.831, 313.608
98.8313, 313.608
98.8829, 313.622
98.8841, 313.623
98.9071, 313.629
98.9255, 313.634
98.9263, 313.634
98.9338, 313.637
98.9852, 313.651
99.0119, 313.659
99.0454, 313.669
99.0751, 313.677
99.0918, 313.682
99.1339, 313.694
99.1892, 313.71
99.1936, 313.712
99.2021, 313.714
99.2281, 313.722
99.2813, 313.737
99.2957, 313.742
99.3047, 313.744
99.3325, 313.753
99.3824, 313.767
99.3855, 313.768
99.3991, 313.773
99.4641, 313.792
99.4797, 313.797
99.4879, 313.799
99.4984, 313.803
99.5266, 313.811
99.5671, 313.823
99.585, 313.829
99.6037, 313.835
99.6419, 313.847
99.6801, 313.858
99.7075, 313.867
99.7401, 313.877
99.7946, 313.894
99.8119, 313.9
99.8176, 313.901
99.8281, 313.905
99.8798, 313.921
99.8971, 313.927
99.9423, 313.941
99.9432, 313.942
99.9436, 313.942
100.002, 313.961
100.027, 313.969
100.086, 313.988
100.09, 313.989
100.143, 314.007
100.185, 314.021
100.203, 314.026
100.233, 314.037
100.272, 314.05
100.306, 314.061
100.352, 314.077
100.363, 314.08
100.405, 314.095
100.455, 314.112
100.475, 314.119
100.498, 314.127
100.512, 314.131
100.554, 314.146
100.595, 314.161
100.628, 314.172
100.647, 314.179
100.673, 314.188
100.712, 314.202
100.753, 314.217
100.773, 314.224
100.797, 314.232
100.856, 314.254
100.865, 314.257
100.873, 314.26
100.926, 314.28
100.951, 314.289
100.995, 314.305
101.01, 314.311
101.04, 314.322
101.097, 314.343
101.12, 314.352
101.174, 314.373
101.19, 314.379
101.196, 314.381
101.226, 314.393
101.268, 314.409
101.271, 314.41
101.301, 314.422
101.336, 314.435
101.357, 314.443
101.406, 314.463
101.428, 314.471
101.438, 314.476
101.464, 314.486
101.475, 314.49
101.523, 314.509
101.542, 314.517
101.572, 314.529
101.624, 314.551
101.669, 314.569
101.671, 314.57
101.716, 314.589
101.733, 314.596
101.775, 314.613
101.779, 314.615
101.783, 314.617
101.816, 314.631
101.864, 314.651
101.895, 314.664
101.923, 314.676
101.942, 314.684
101.974, 314.699
102.005, 314.712
102.027, 314.721
102.041, 314.728
102.086, 314.748
102.102, 314.755
102.16, 314.781
102.164, 314.782
102.179, 314.789
102.227, 314.811
102.281, 314.836
102.297, 314.843
102.338, 314.862
102.368, 314.876
102.426, 314.903
102.463, 314.921
102.531, 314.953
102.54, 314.957
102.548, 314.961
102.581, 314.977
102.599, 314.986
102.631, 315.001
102.659, 315.015
102.66, 315.015
102.682, 315.026
102.683, 315.027
102.698, 315.034
102.705, 315.038
102.727, 315.049
102.784, 315.078
102.812, 315.091
102.841, 315.106
102.864, 315.118
102.916, 315.144
102.917, 315.145
102.921, 315.147
102.963, 315.169
103.026, 315.202
103.029, 315.203
103.053, 315.216
103.069, 315.224
103.08, 315.23
103.115, 315.249
103.143, 315.264
103.157, 315.272
103.217, 315.304
103.22, 315.306
103.225, 315.308
103.273, 315.335
103.315, 315.358
103.327, 315.365
103.363, 315.385
103.379, 315.394
103.438, 315.427
103.47, 315.446
103.477, 315.45
103.49, 315.457
103.501, 315.463
103.545, 315.488
103.57, 315.503
103.59, 315.515
103.621, 315.533
103.66, 315.555
103.669, 315.561
103.676, 315.565
103.704, 315.581
103.744, 315.605
103.765, 315.618
103.785, 315.63
103.847, 315.668
103.852, 315.67
103.919, 315.711
103.926, 315.715
103.93, 315.718
103.989, 315.753
104.06, 315.796
104.091, 315.815
104.102, 315.822
104.109, 315.826
104.15, 315.851
104.181, 315.87
104.254, 315.915
104.255, 315.915
104.257, 315.917
104.319, 315.955
104.336, 315.965
104.377, 315.99
104.394, 316
104.419, 316.015
104.477, 316.051
104.489, 316.058
104.511, 316.071
104.561, 316.101
104.579, 316.111
104.595, 316.121
104.63, 316.142
104.648, 316.152
104.69, 316.177
104.751, 316.212
104.752, 316.213
104.757, 316.215
104.79, 316.234
104.847, 316.266
104.861, 316.274
104.9, 316.296
104.919, 316.306
104.938, 316.316
104.971, 316.334
105.012, 316.356
105.014, 316.357
105.028, 316.364
105.055, 316.378
105.061, 316.381
105.088, 316.395
105.089, 316.396
105.098, 316.4
105.131, 316.417
105.178, 316.439
105.222, 316.461
105.245, 316.472
105.259, 316.479
105.282, 316.489
105.288, 316.492
105.293, 316.495
105.317, 316.505
105.357, 316.522
105.417, 316.548
105.438, 316.557
105.455, 316.564
105.471, 316.57
105.507, 316.584
105.52, 316.588
105.57, 316.607
105.578, 316.61
105.591, 316.615
105.636, 316.63
105.677, 316.644
105.682, 316.645
105.725, 316.658
105.736, 316.662
105.786, 316.677
105.802, 316.681
105.831, 316.689
105.86, 316.697
105.868, 316.699
105.894, 316.706
105.916, 316.711
105.979, 316.725
106.012, 316.732
106.027, 316.736
106.059, 316.741
106.093, 316.747
106.115, 316.751
106.146, 316.756
106.192, 316.763
106.194, 316.763
106.229, 316.768
106.256, 316.771
106.298, 316.775
106.321, 316.778
106.327, 316.779
106.335, 316.779
106.395, 316.783
106.412, 316.784
106.457, 316.787
106.492, 316.788
106.5, 316.788
106.507, 316.789
106.558, 316.789
106.624, 316.789
106.664, 316.789
106.673, 316.789
106.722, 316.787
106.76, 316.785
106.776, 316.784
106.785, 316.783
106.82, 316.781
106.856, 316.778
106.886, 316.776
106.933, 316.771
106.945, 316.77
106.969, 316.767
107.013, 316.762
107.073, 316.755
107.081, 316.754
107.131, 316.747
107.149, 316.745
107.206, 316.736
107.211, 316.735
107.243, 316.73
107.248, 316.729
107.27, 316.726
107.28, 316.724
107.327, 316.716
107.365, 316.709
107.386, 316.705
107.419, 316.699
107.433, 316.697
107.452, 316.693
107.485, 316.687
107.508, 316.683
107.559, 316.673
107.588, 316.667
107.605, 316.664
107.615, 316.662
107.639, 316.657
107.642, 316.657
107.688, 316.647
107.722, 316.641
107.746, 316.636
107.769, 316.631
107.788, 316.627
107.831, 316.618
107.842, 316.616
107.893, 316.606
107.921, 316.6
107.947, 316.595
107.961, 316.592
107.976, 316.589
108.02, 316.58
108.028, 316.579
108.081, 316.568
108.12, 316.561
108.135, 316.558
108.143, 316.556
108.194, 316.546
108.214, 316.543
108.259, 316.534
108.266, 316.533
108.308, 316.525
108.31, 316.525
108.338, 316.519
108.377, 316.512
108.396, 316.509
108.432, 316.503
108.468, 316.497
108.494, 316.492
108.522, 316.487
108.534, 316.485
108.591, 316.476
108.597, 316.475
108.605, 316.474
108.644, 316.468
108.678, 316.463
108.698, 316.46
108.727, 316.455
108.728, 316.455
108.728, 316.455
108.764, 316.45
108.787, 316.447
108.805, 316.444
108.818, 316.443
108.841, 316.439
108.869, 316.436
108.882, 316.434
108.918, 316.429
108.953, 316.425
108.979, 316.422
108.987, 316.421
108.999, 316.419
109.029, 316.416
109.037, 316.415
109.066, 316.412
109.079, 316.41
109.123, 316.406
109.135, 316.404
109.174, 316.4
109.177, 316.4
109.183, 316.4
109.239, 316.394
109.277, 316.391
109.283, 316.39
109.305, 316.388
109.311, 316.388
109.355, 316.384
109.358, 316.384
109.359, 316.384
109.36, 316.384
109.399, 316.38
109.434, 316.378
109.444, 316.377
109.485, 316.374
109.496, 316.374
109.517, 316.372
109.543, 316.371
109.568, 316.369
109.581, 316.368
109.621, 316.366
109.66, 316.364
109.672, 316.364
109.674, 316.364
109.7, 316.363
109.715, 316.362
109.728, 316.361
109.761, 316.36
109.814, 316.358
109.827, 316.358
109.859, 316.357
109.863, 316.357
109.932, 316.356
110, 316.355
110.137, 316.287
110.228, 316.245
110.258, 316.231
110.369, 316.2
110.482, 316.164
110.657, 316.138
110.693, 316.133
110.986, 316.09
111, 316.087


