X,T
6.61744e-18, 310.15
0.218929, 310.15
0.550309, 310.15
0.594245, 310.15
0.63223, 310.15
1.0221, 310.15
1.09653, 310.15
1.3127, 310.15
1.50767, 310.15
1.82249, 310.15
1.84818, 310.15
1.89406, 310.15
2.39258, 310.15
2.59809, 310.15
2.80939, 310.15
3.03114, 310.15
3.23573, 310.15
3.44789, 310.15
3.48652, 310.15
3.63828, 310.15
4.11593, 310.15
4.19606, 310.15
4.40834, 310.15
4.79507, 310.15
4.9333, 310.15
5.34396, 310.15
5.57963, 310.15
5.64073, 310.15
5.79769, 310.15
5.90374, 310.15
6.46707, 310.15
6.64901, 310.15
7.06043, 310.15
7.21256, 310.15
7.25458, 310.15
7.45405, 310.15
7.502, 310.15
8.11755, 310.15
8.16551, 310.15
8.53045, 310.15
8.62974, 310.15
8.83777, 310.15
9.14863, 310.15
9.21694, 310.15
9.2713, 310.15
9.65989, 310.15
9.99864, 310.15
10.2615, 310.15
10.4199, 310.15
10.4832, 310.15
10.7966, 310.15
10.8691, 310.15
11.0844, 310.15
11.3109, 310.15
11.574, 310.15
11.6794, 310.15
11.8032, 310.15
11.9853, 310.15
12.3235, 310.15
12.3982, 310.15
12.4175, 310.15
12.4711, 310.15
12.9605, 310.15
13.342, 310.15
13.5497, 310.15
13.659, 310.15
14.125, 310.151
14.1801, 310.151
14.6647, 310.151
14.76, 310.151
14.9756, 310.151
15.0007, 310.151
15.3889, 310.151
15.4864, 310.151
15.5638, 310.151
16.0141, 310.151
16.0475, 310.151
16.7868, 310.151
16.8102, 310.151
16.8267, 310.151
16.8577, 310.151
16.89, 310.151
16.9053, 310.151
16.947, 310.151
17.0954, 310.151
17.6533, 310.151
17.8684, 310.151
18.1183, 310.151
18.4107, 310.151
18.44, 310.151
18.7679, 310.151
18.781, 310.151
19.2986, 310.151
19.6503, 310.151
19.6862, 310.151
19.7037, 310.151
19.8208, 310.151
20.2753, 310.151
20.5018, 310.151
20.5736, 310.151
20.8955, 310.151
21.1019, 310.151
21.2044, 310.151
21.3189, 310.151
21.7144, 310.151
21.7239, 310.151
21.7306, 310.151
22.0058, 310.151
22.363, 310.151
22.5026, 310.151
22.5691, 310.151
22.7206, 310.151
22.9654, 310.151
23.1356, 310.151
23.5455, 310.152
23.5616, 310.152
23.5836, 310.152
24.037, 310.152
24.1319, 310.152
24.3547, 310.152
24.8164, 310.152
24.8368, 310.152
24.9714, 310.152
25.3511, 310.152
25.6705, 310.152
25.7847, 310.152
25.8695, 310.152
26.3709, 310.152
26.4035, 310.152
26.4737, 310.152
26.8378, 310.152
26.8816, 310.152
27.1544, 310.152
27.2015, 310.152
27.5661, 310.152
27.8455, 310.153
28.0003, 310.153
28.0412, 310.153
28.3352, 310.153
28.4807, 310.153
28.7955, 310.153
29.0975, 310.153
29.1346, 310.153
29.1527, 310.153
29.587, 310.153
29.8672, 310.153
30.3046, 310.153
30.3454, 310.153
30.4202, 310.153
30.6629, 310.154
30.9181, 310.154
31.061, 310.154
31.1452, 310.154
31.2318, 310.154
31.263, 310.154
31.4288, 310.154
31.4665, 310.154
31.5333, 310.154
31.816, 310.154
31.8832, 310.154
31.972, 310.154
32.4293, 310.154
32.4431, 310.154
32.6588, 310.155
33.1046, 310.155
33.2266, 310.155
33.5126, 310.155
33.7384, 310.155
33.7732, 310.155
33.9857, 310.155
34.1117, 310.155
34.438, 310.156
34.6161, 310.156
34.7378, 310.156
34.8568, 310.156
35.286, 310.156
35.4638, 310.156
35.8273, 310.157
35.8558, 310.157
36.0342, 310.157
36.0868, 310.157
37.0021, 310.158
37.0041, 310.158
37.0085, 310.158
37.3371, 310.158
37.6716, 310.159
37.7801, 310.159
38.0592, 310.159
38.2015, 310.159
38.3019, 310.159
38.4377, 310.159
38.807, 310.16
38.8196, 310.16
38.8365, 310.16
39.1903, 310.16
39.5504, 310.161
39.5622, 310.161
39.5691, 310.161
39.9789, 310.162
40.2294, 310.162
40.3863, 310.162
40.5716, 310.163
40.8754, 310.163
41.2023, 310.164
41.2219, 310.164
41.267, 310.164
41.3313, 310.164
41.4548, 310.164
41.5281, 310.164
41.8809, 310.165
42.0773, 310.165
42.1162, 310.165
42.395, 310.166
42.4632, 310.166
42.8927, 310.167
42.9779, 310.167
43.1941, 310.168
43.77, 310.169
43.7876, 310.169
43.8095, 310.169
43.819, 310.169
43.8612, 310.169
44.4594, 310.171
44.5321, 310.171
44.9012, 310.173
44.9892, 310.173
45.0127, 310.173
45.0645, 310.173
45.1188, 310.173
45.1803, 310.173
45.9582, 310.176
46.2566, 310.177
46.3333, 310.177
46.3972, 310.178
46.7096, 310.179
46.7535, 310.179
46.8871, 310.18
47.3672, 310.182
47.6186, 310.183
48.1408, 310.186
48.196, 310.186
48.2549, 310.186
48.7849, 310.189
49.0936, 310.191
49.1162, 310.191
49.2079, 310.191
49.3066, 310.192
49.3718, 310.192
50.1248, 310.197
50.163, 310.198
50.2722, 310.198
50.4819, 310.2
50.8833, 310.203
50.9845, 310.204
51.2781, 310.206
51.5548, 310.209
51.5722, 310.209
51.9915, 310.213
52.2132, 310.215
52.3394, 310.216
52.416, 310.217
52.4589, 310.218
52.8136, 310.221
53.2464, 310.227
53.4094, 310.228
53.4628, 310.229
53.5635, 310.23
53.8184, 310.234
54.3386, 310.241
54.4645, 310.243
54.839, 310.25
54.8561, 310.25
55.222, 310.256
55.2973, 310.257
55.5022, 310.262
55.9584, 310.27
56.3453, 310.279
56.4304, 310.282
56.7283, 310.289
56.985, 310.297
57.3087, 310.307
57.4281, 310.311
57.5979, 310.317
57.669, 310.319
57.7033, 310.321
57.853, 310.328
57.8712, 310.329
57.882, 310.329
58, 310.336
58.0443, 310.336
58.0895, 310.336
58.0966, 310.336
58.1251, 310.336
58.1477, 310.336
58.1706, 310.336
58.1875, 310.336
58.2133, 310.336
58.2265, 310.336
58.2607, 310.336
58.2888, 310.336
58.2944, 310.336
58.3032, 310.336
58.376, 310.336
58.4029, 310.336
58.4729, 310.336
58.4869, 310.336
58.5008, 310.336
58.5452, 310.336
58.5513, 310.336
58.5534, 310.336
58.6135, 310.337
58.6249, 310.337
58.6755, 310.337
58.7015, 310.337
58.7437, 310.337
58.7787, 310.337
58.7921, 310.337
58.8215, 310.337
58.8674, 310.337
58.8723, 310.337
58.9027, 310.337
58.9031, 310.337
58.9044, 310.337
58.9568, 310.337
58.9977, 310.337
58.9991, 310.337
59.0025, 310.337
59.0195, 310.337
59.045, 310.338
59.0472, 310.338
59.0938, 310.338
59.1153, 310.338
59.1395, 310.338
59.1551, 310.338
59.1781, 310.338
59.1947, 310.338
59.262, 310.338
59.287, 310.338
59.2981, 310.338
59.3307, 310.338
59.3856, 310.338
59.4202, 310.339
59.4302, 310.339
59.4422, 310.339
59.469, 310.339
59.4877, 310.339
59.5097, 310.339
59.5379, 310.339
59.555, 310.339
59.5636, 310.339
59.5974, 310.339
59.609, 310.339
59.6123, 310.339
59.6776, 310.339
59.686, 310.339
59.7125, 310.34
59.7297, 310.34
59.7498, 310.34
59.7625, 310.34
59.778, 310.34
59.7881, 310.34
59.8422, 310.34
59.8482, 310.34
59.8967, 310.34
59.8991, 310.34
59.923, 310.34
59.9843, 310.34
60.0112, 310.341
60.0478, 310.341
60.0501, 310.341
60.0556, 310.341
60.0754, 310.341
60.0965, 310.341
60.1089, 310.341
60.1375, 310.341
60.1777, 310.341
60.2182, 310.341
60.2231, 310.341
60.2301, 310.341
60.2703, 310.341
60.2772, 310.342
60.314, 310.342
60.3227, 310.342
60.3277, 310.342
60.3723, 310.342
60.398, 310.342
60.4031, 310.342
60.4469, 310.342
60.4644, 310.342
60.5061, 310.342
60.5456, 310.343
60.5718, 310.343
60.5905, 310.343
60.6161, 310.343
60.6386, 310.343
60.6696, 310.343
60.6699, 310.343
60.7207, 310.343
60.7341, 310.343
60.7466, 310.343
60.7652, 310.343
60.7854, 310.344
60.792, 310.344
60.8051, 310.344
60.8592, 310.344
60.8637, 310.344
60.9087, 310.344
60.9484, 310.344
60.9608, 310.344
60.9624, 310.344
60.9663, 310.344
61.0239, 310.345
61.0591, 310.345
61.0706, 310.345
61.1033, 310.345
61.1391, 310.345
61.1917, 310.345
61.2853, 310.346
61.2861, 310.346
61.2864, 310.346
61.3287, 310.346
61.3456, 310.346
61.3769, 310.346
61.3972, 310.346
61.4387, 310.346
61.4616, 310.347
61.491, 310.347
61.5509, 310.347
61.5648, 310.347
61.6045, 310.347
61.6252, 310.347
61.6416, 310.347
61.666, 310.348
61.6859, 310.348
61.736, 310.348
61.7589, 310.348
61.7642, 310.348
61.8214, 310.348
61.8353, 310.348
61.8903, 310.349
61.898, 310.349
61.9474, 310.349
61.9678, 310.349
62.0089, 310.349
62.0498, 310.35
62.0511, 310.35
62.1055, 310.35
62.1176, 310.35
62.1211, 310.35
62.1444, 310.35
62.1608, 310.35
62.2123, 310.35
62.2305, 310.351
62.2689, 310.351
62.2796, 310.351
62.2858, 310.351
62.2951, 310.351
62.3308, 310.351
62.3747, 310.351
62.3802, 310.351
62.3832, 310.351
62.4241, 310.352
62.4514, 310.352
62.4558, 310.352
62.4585, 310.352
62.4863, 310.352
62.5464, 310.352
62.59, 310.353
62.6098, 310.353
62.6167, 310.353
62.6374, 310.353
62.6565, 310.353
62.6691, 310.353
62.7105, 310.353
62.7369, 310.353
62.7597, 310.354
62.7723, 310.354
62.7867, 310.354
62.8171, 310.354
62.8196, 310.354
62.8234, 310.354
62.8261, 310.354
62.8608, 310.354
62.871, 310.354
62.8948, 310.354
62.9435, 310.355
62.9471, 310.355
62.948, 310.355
62.9696, 310.355
63.0525, 310.355
63.0784, 310.356
63.0831, 310.356
63.0983, 310.356
63.1392, 310.356
63.1885, 310.356
63.202, 310.356
63.2106, 310.356
63.2883, 310.357
63.2972, 310.357
63.3087, 310.357
63.3315, 310.357
63.3485, 310.357
63.3598, 310.357
63.3676, 310.357
63.4278, 310.358
63.4326, 310.358
63.4368, 310.358
63.4807, 310.358
63.5036, 310.358
63.5123, 310.358
63.5737, 310.359
63.5799, 310.359
63.6045, 310.359
63.6268, 310.359
63.6328, 310.359
63.6412, 310.359
63.6829, 310.359
63.7308, 310.36
63.7637, 310.36
63.7697, 310.36
63.8164, 310.36
63.8179, 310.36
63.8213, 310.36
63.8229, 310.36
63.8345, 310.36
63.873, 310.361
63.8986, 310.361
63.909, 310.361
63.9166, 310.361
63.9519, 310.361
63.9731, 310.361
63.9891, 310.362
64.014, 310.362
64.0339, 310.362
64.06, 310.362
64.072, 310.362
64.1075, 310.362
64.1319, 310.363
64.1529, 310.363
64.1825, 310.363
64.1937, 310.363
64.2633, 310.364
64.2925, 310.364
64.3143, 310.364
64.3369, 310.364
64.3482, 310.364
64.3678, 310.364
64.4394, 310.365
64.4753, 310.365
64.494, 310.365
64.5328, 310.366
64.5537, 310.366
64.5887, 310.366
64.6161, 310.366
64.633, 310.366
64.6729, 310.367
64.6757, 310.367
64.7222, 310.367
64.7588, 310.367
64.7741, 310.367
64.8085, 310.368
64.8508, 310.368
64.8619, 310.368
64.901, 310.368
64.931, 310.369
64.9517, 310.369
64.9741, 310.369
64.9889, 310.369
65.0009, 310.369
65.0416, 310.369
65.0535, 310.37
65.0982, 310.37
65.1362, 310.37
65.1577, 310.37
65.1636, 310.37
65.1743, 310.37
65.1959, 310.371
65.2005, 310.371
65.2077, 310.371
65.2714, 310.371
65.2753, 310.371
65.2829, 310.371
65.3371, 310.372
65.3852, 310.372
65.3901, 310.372
65.397, 310.372
65.4286, 310.373
65.4641, 310.373
65.4692, 310.373
65.4754, 310.373
65.5168, 310.373
65.5695, 310.374
65.5984, 310.374
65.6155, 310.374
65.6463, 310.374
65.6543, 310.374
65.6642, 310.375
65.6906, 310.375
65.6993, 310.375
65.7266, 310.375
65.7316, 310.375
65.7875, 310.376
65.806, 310.376
65.8522, 310.376
65.8687, 310.376
65.9028, 310.377
65.9352, 310.377
65.9356, 310.377
65.9931, 310.377
66.0291, 310.378
66.0438, 310.378
66.0652, 310.378
66.1107, 310.378
66.1271, 310.379
66.1337, 310.379
66.2113, 310.379
66.2154, 310.379
66.2571, 310.38
66.2719, 310.38
66.3122, 310.38
66.3195, 310.38
66.3769, 310.381
66.3865, 310.381
66.3952, 310.381
66.4303, 310.381
66.4493, 310.382
66.5482, 310.382
66.5581, 310.383
66.5781, 310.383
66.6128, 310.383
66.6371, 310.383
66.6712, 310.384
66.7096, 310.384
66.7285, 310.384
66.7686, 310.385
66.8215, 310.385
66.8297, 310.385
66.8421, 310.385
66.8748, 310.386
66.9392, 310.386
66.9398, 310.386
66.9399, 310.386
66.978, 310.387
67.0187, 310.387
67.0287, 310.387
67.0776, 310.387
67.0945, 310.388
67.1288, 310.388
67.1482, 310.388
67.1502, 310.388
67.1533, 310.388
67.1591, 310.388
67.25, 310.389
67.2544, 310.389
67.2891, 310.39
67.3018, 310.39
67.3472, 310.39
67.374, 310.39
67.4596, 310.391
67.4675, 310.391
67.4789, 310.392
67.5118, 310.392
67.5432, 310.392
67.5581, 310.392
67.5926, 310.393
67.6131, 310.393
67.6486, 310.393
67.6501, 310.393
67.6572, 310.393
67.7046, 310.394
67.7617, 310.394
67.7905, 310.395
67.8217, 310.395
67.89, 310.396
67.9111, 310.396
67.9192, 310.396
67.9431, 310.396
67.9657, 310.397
67.9941, 310.397
68.0205, 310.397
68.0524, 310.398
68.0525, 310.398
68.0526, 310.398
68.0529, 310.398
68.1227, 310.398
68.1364, 310.398
68.1549, 310.399
68.1873, 310.399
68.22, 310.399
68.2594, 310.4
68.275, 310.4
68.3005, 310.4
68.3179, 310.4
68.3454, 310.401
68.3618, 310.401
68.3866, 310.401
68.4098, 310.401
68.4251, 310.402
68.4748, 310.402
68.4756, 310.402
68.4801, 310.402
68.5355, 310.403
68.5396, 310.403
68.5493, 310.403
68.5797, 310.403
68.5922, 310.403
68.6557, 310.404
68.6688, 310.404
68.705, 310.405
68.7099, 310.405
68.77, 310.405
68.7757, 310.406
68.8065, 310.406
68.8467, 310.406
68.8526, 310.406
68.9008, 310.407
68.942, 310.407
68.9894, 310.408
69.0016, 310.408
69.0571, 310.409
69.074, 310.409
69.1285, 310.41
69.1537, 310.41
69.1663, 310.41
69.2134, 310.411
69.2158, 310.411
69.2436, 310.411
69.2611, 310.411
69.2661, 310.411
69.3135, 310.412
69.3586, 310.412
69.3643, 310.412
69.41, 310.413
69.4436, 310.413
69.4475, 310.413
69.4498, 310.413
69.48, 310.414
69.5205, 310.414
69.5356, 310.415
69.5705, 310.415
69.6013, 310.415
69.6664, 310.416
69.6783, 310.416
69.7301, 310.417
69.7322, 310.417
69.7525, 310.417
69.7836, 310.418
69.8029, 310.418
69.8089, 310.418
69.8314, 310.418
69.84, 310.418
69.8811, 310.419
69.8943, 310.419
69.8957, 310.419
69.9296, 310.419
69.9319, 310.419
69.9362, 310.42
69.9581, 310.42
69.982, 310.42
70.0171, 310.421
70.0676, 310.421
70.0814, 310.421
70.1144, 310.422
70.1379, 310.422
70.1631, 310.422
70.1889, 310.423
70.2494, 310.424
70.2605, 310.424
70.2717, 310.424
70.2964, 310.424
70.3034, 310.424
70.3266, 310.425
70.3368, 310.425
70.3519, 310.425
70.3736, 310.425
70.3977, 310.425
70.4121, 310.426
70.4583, 310.426
70.4832, 310.427
70.5418, 310.427
70.5558, 310.428
70.5991, 310.428
70.6508, 310.429
70.6875, 310.429
70.7075, 310.43
70.7207, 310.43
70.7447, 310.43
70.76, 310.43
70.7987, 310.431
70.8087, 310.431
70.8142, 310.431
70.8475, 310.432
70.8802, 310.432
70.9321, 310.433
70.9381, 310.433
70.9589, 310.433
70.9932, 310.434
71.0514, 310.434
71.0538, 310.434
71.0582, 310.434
71.0833, 310.435
71.129, 310.435
71.1294, 310.435
71.1297, 310.435
71.1614, 310.436
71.1905, 310.436
71.1976, 310.436
71.2427, 310.437
71.27, 310.437
71.2786, 310.438
71.3056, 310.438
71.3379, 310.438
71.3708, 310.439
71.3889, 310.439
71.4052, 310.439
71.4584, 310.44
71.4591, 310.44
71.4595, 310.44
71.5086, 310.441
71.5351, 310.441
71.6034, 310.442
71.6302, 310.443
71.636, 310.443
71.6614, 310.443
71.6825, 310.443
71.697, 310.444
71.7464, 310.444
71.7806, 310.445
71.8293, 310.445
71.8313, 310.445
71.8352, 310.446
71.9044, 310.447
71.9052, 310.447
71.9058, 310.447
71.9436, 310.447
71.9808, 310.448
71.9991, 310.448
72.0054, 310.448
72.0253, 310.448
72.0694, 310.449
72.0695, 310.449
72.1293, 310.45
72.1392, 310.45
72.1813, 310.451
72.2057, 310.451
72.2145, 310.451
72.2437, 310.452
72.2645, 310.452
72.2662, 310.452
72.281, 310.452
72.3066, 310.453
72.3629, 310.454
72.3939, 310.454
72.4043, 310.454
72.4105, 310.454
72.4458, 310.455
72.4739, 310.455
72.5035, 310.456
72.5165, 310.456
72.56, 310.457
72.5842, 310.457
72.6005, 310.457
72.624, 310.458
72.6393, 310.458
72.6641, 310.458
72.6702, 310.458
72.7008, 310.459
72.7198, 310.459
72.7554, 310.46
72.7873, 310.46
72.809, 310.461
72.8356, 310.461
72.8497, 310.461
72.8936, 310.462
72.912, 310.462
72.958, 310.463
72.9936, 310.463
72.9999, 310.464
73.0017, 310.464
73.0114, 310.464
73.0566, 310.465
73.0958, 310.465
73.1474, 310.466
73.2136, 310.467
73.2141, 310.467
73.2622, 310.468
73.2934, 310.468
73.3445, 310.469
73.3911, 310.47
73.4086, 310.47
73.4206, 310.471
73.4627, 310.471
73.4913, 310.472
73.5256, 310.472
73.5344, 310.472
73.5547, 310.473
73.5975, 310.473
73.6158, 310.474
73.6843, 310.475
73.7171, 310.476
73.7412, 310.476
73.7688, 310.476
73.8079, 310.477
73.816, 310.477
73.8608, 310.478
73.8614, 310.478
73.8931, 310.479
73.9133, 310.479
73.9339, 310.479
73.9386, 310.479
73.9724, 310.48
73.9942, 310.48
74.025, 310.481
74.0792, 310.482
74.0842, 310.482
74.1456, 310.483
74.1518, 310.483
74.1716, 310.483
74.1927, 310.484
74.2019, 310.484
74.253, 310.485
74.2695, 310.485
74.3124, 310.486
74.3207, 310.486
74.3499, 310.487
74.3663, 310.487
74.4083, 310.488
74.4247, 310.488
74.4693, 310.489
74.4934, 310.489
74.5025, 310.489
74.507, 310.489
74.5104, 310.49
74.547, 310.49
74.5559, 310.49
74.5954, 310.491
74.6157, 310.491
74.6581, 310.492
74.7065, 310.493
74.7083, 310.493
74.7087, 310.493
74.7508, 310.494
74.7604, 310.494
74.7958, 310.495
74.8354, 310.495
74.841, 310.496
74.876, 310.496
74.8779, 310.496
74.9426, 310.497
74.9571, 310.498
74.9702, 310.498
75.0134, 310.499
75.02, 310.499
75.0246, 310.499
75.0942, 310.5
75.1224, 310.501
75.1334, 310.501
75.1812, 310.502
75.1979, 310.502
75.2229, 310.503
75.2291, 310.503
75.2417, 310.503
75.2834, 310.504
75.3111, 310.505
75.3382, 310.505
75.3757, 310.506
75.3912, 310.506
75.4391, 310.507
75.4874, 310.508
75.4979, 310.508
75.5123, 310.508
75.5571, 310.509
75.5933, 310.51
75.6072, 310.51
75.66, 310.511
75.6863, 310.512
75.7109, 310.512
75.7356, 310.513
75.7498, 310.513
75.7875, 310.514
75.8211, 310.515
75.8344, 310.515
75.8681, 310.515
75.9097, 310.516
75.923, 310.517
75.995, 310.518
76.0018, 310.518
76.0639, 310.519
76.0647, 310.519
76.0652, 310.519
76.0981, 310.52
76.0989, 310.52
76.1315, 310.521
76.1498, 310.521
76.1888, 310.522
76.1921, 310.522
76.2389, 310.523
76.2772, 310.524
76.3046, 310.524
76.3811, 310.526
76.3823, 310.526
76.4139, 310.527
76.432, 310.527
76.4388, 310.527
76.4616, 310.528
76.4811, 310.528
76.5116, 310.529
76.5377, 310.529
76.5575, 310.53
76.5752, 310.53
76.6019, 310.531
76.6458, 310.532
76.6678, 310.532
76.7055, 310.533
76.736, 310.534
76.7544, 310.534
76.7647, 310.534
76.7931, 310.535
76.8099, 310.535
76.8161, 310.535
76.8396, 310.536
76.9169, 310.537
76.9204, 310.537
76.9257, 310.538
76.9647, 310.538
76.9872, 310.539
77.0202, 310.54
77.0444, 310.54
77.0563, 310.54
77.0759, 310.541
77.1457, 310.542
77.1469, 310.542
77.1699, 310.543
77.2067, 310.544
77.2083, 310.544
77.2238, 310.544
77.2559, 310.545
77.2775, 310.545
77.2929, 310.546
77.3349, 310.547
77.3888, 310.548
77.4079, 310.548
77.4394, 310.549
77.4424, 310.549
77.4597, 310.549
77.4917, 310.55
77.5325, 310.551
77.5566, 310.552
77.5577, 310.552
77.5586, 310.552
77.6252, 310.553
77.6336, 310.553
77.646, 310.554
77.7049, 310.555
77.7331, 310.556
77.746, 310.556
77.8108, 310.558
77.821, 310.558
77.8552, 310.559
77.8674, 310.559
77.9, 310.56
77.9215, 310.56
77.9471, 310.561
77.9611, 310.561
78.0073, 310.562
78.0487, 310.563
78.0679, 310.564
78.0992, 310.564
78.124, 310.565
78.1631, 310.566
78.1718, 310.566
78.2001, 310.567
78.2137, 310.567
78.2422, 310.568
78.2626, 310.568
78.2683, 310.568
78.3083, 310.569
78.3208, 310.57
78.3722, 310.571
78.4122, 310.572
78.4236, 310.572
78.4634, 310.573
78.4705, 310.573
78.5301, 310.575
78.5412, 310.575
78.5611, 310.575
78.5894, 310.576
78.6311, 310.577
78.6659, 310.578
78.6695, 310.578
78.7278, 310.58
78.7532, 310.58
78.7622, 310.58
78.7826, 310.581
78.7925, 310.581
78.8172, 310.582
78.8215, 310.582
78.8441, 310.582
78.8564, 310.583
78.8784, 310.583
78.8906, 310.584
78.9272, 310.585
78.9529, 310.585
78.9728, 310.586
79.0348, 310.587
79.0384, 310.587
79.0716, 310.588
79.1253, 310.59
79.1817, 310.591
79.1913, 310.591
79.1926, 310.591
79.1997, 310.592
79.2504, 310.593
79.264, 310.593
79.3051, 310.594
79.3267, 310.595
79.3505, 310.595
79.3711, 310.596
79.3964, 310.597
79.4159, 310.597
79.4665, 310.598
79.4866, 310.599
79.5037, 310.599
79.5468, 310.601
79.5548, 310.601
79.6132, 310.602
79.6275, 310.603
79.6744, 310.604
79.7048, 310.605
79.7435, 310.606
79.8092, 310.608
79.8104, 310.608
79.8463, 310.609
79.8652, 310.609
79.8839, 310.61
79.9242, 310.611
79.9771, 310.612
79.9834, 310.612
80.0278, 310.613
80.0657, 310.615
80.0782, 310.615
80.0927, 310.615
80.1297, 310.616
80.1748, 310.618
80.1962, 310.618
80.2232, 310.619
80.2555, 310.62
80.2741, 310.62
80.2964, 310.621
80.3241, 310.622
80.3248, 310.622
80.3261, 310.622
80.3814, 310.623
80.392, 310.624
80.4211, 310.624
80.4569, 310.625
80.4622, 310.626
80.4715, 310.626
80.5001, 310.627
80.5256, 310.627
80.5818, 310.629
80.6116, 310.63
80.6355, 310.63
80.6635, 310.631
80.684, 310.632
80.7138, 310.633
80.7359, 310.633
80.7614, 310.634
80.7878, 310.635
80.8095, 310.636
80.8414, 310.636
80.8602, 310.637
80.8908, 310.638
80.9363, 310.639
80.9637, 310.64
81.0525, 310.643
81.0552, 310.643
81.0565, 310.643
81.1275, 310.645
81.1478, 310.645
81.1798, 310.646
81.181, 310.646
81.1823, 310.646
81.1894, 310.647
81.2558, 310.649
81.2938, 310.65
81.3192, 310.651
81.3226, 310.651
81.3361, 310.651
81.383, 310.653
81.4291, 310.654
81.4582, 310.655
81.4831, 310.656
81.5172, 310.657
81.5334, 310.657
81.5592, 310.658
81.585, 310.659
81.6115, 310.659
81.6249, 310.66
81.6704, 310.661
81.7038, 310.662
81.7168, 310.663
81.7362, 310.663
81.7605, 310.664
81.7796, 310.665
81.8388, 310.667
81.8635, 310.667
81.9094, 310.669
81.9602, 310.67
81.9643, 310.67
81.966, 310.671
81.9675, 310.671
81.9713, 310.671
81.9898, 310.671
82.0183, 310.672
82.0215, 310.672
82.0287, 310.673
82.0831, 310.674
82.0988, 310.675
82.1527, 310.676
82.174, 310.677
82.1838, 310.677
82.1938, 310.678
82.2405, 310.679
82.2869, 310.681
82.2979, 310.681
82.3305, 310.682
82.3366, 310.682
82.3562, 310.683
82.3681, 310.683
82.4093, 310.685
82.4491, 310.686
82.4519, 310.686
82.4531, 310.686
82.4549, 310.686
82.4889, 310.687
82.5494, 310.689
82.5557, 310.69
82.5636, 310.69
82.576, 310.69
82.616, 310.692
82.6305, 310.692
82.6712, 310.693
82.6912, 310.694
82.7163, 310.695
82.7631, 310.696
82.772, 310.697
82.7752, 310.697
82.8305, 310.699
82.8631, 310.7
82.8697, 310.7
82.8716, 310.7
82.8754, 310.7
82.932, 310.702
82.9723, 310.704
83.0077, 310.705
83.0218, 310.705
83.0278, 310.705
83.0845, 310.707
83.1201, 310.709
83.1205, 310.709
83.1692, 310.71
83.1732, 310.71
83.2349, 310.713
83.2379, 310.713
83.3065, 310.715
83.3276, 310.716
83.3467, 310.716
83.3804, 310.718
83.3936, 310.718
83.4424, 310.72
83.446, 310.72
83.4523, 310.72
83.4784, 310.721
83.4944, 310.722
83.5565, 310.724
83.5881, 310.725
83.6216, 310.726
83.6537, 310.727
83.7552, 310.731
83.7702, 310.732
83.8181, 310.733
83.8488, 310.734
83.8795, 310.736
83.9191, 310.737
83.9458, 310.738
84.0043, 310.74
84.0678, 310.742
84.0851, 310.743
84.1206, 310.744
84.1534, 310.746
84.1748, 310.746
84.1973, 310.747
84.2141, 310.748
84.2517, 310.749
84.2784, 310.75
84.2891, 310.751
84.3426, 310.753
84.3928, 310.755
84.3946, 310.755
84.3956, 310.755
84.4014, 310.755
84.4575, 310.757
84.5, 310.759
84.5504, 310.761
84.5518, 310.761
84.5821, 310.762
84.6217, 310.763
84.6261, 310.764
84.6669, 310.765
84.6872, 310.766
84.7161, 310.767
84.7501, 310.768
84.7504, 310.768
84.7505, 310.768
84.7934, 310.77
84.8101, 310.771
84.8285, 310.771
84.8472, 310.772
84.8572, 310.773
84.8694, 310.773
84.8801, 310.773
84.8908, 310.774
84.9181, 310.775
84.9268, 310.775
84.971, 310.777
84.9763, 310.777
85.0039, 310.778
85.047, 310.78
85.0941, 310.782
85.0995, 310.782
85.106, 310.782
85.141, 310.784
85.1858, 310.786
85.2037, 310.786
85.2274, 310.787
85.3045, 310.79
85.3148, 310.791
85.3265, 310.791
85.3649, 310.793
85.3826, 310.794
85.4534, 310.796
85.4639, 310.797
85.4817, 310.798
85.5004, 310.798
85.5286, 310.8
85.5393, 310.8
85.5451, 310.8
85.6048, 310.803
85.6082, 310.803
85.63, 310.804
85.6483, 310.805
85.678, 310.806
85.6808, 310.806
85.7233, 310.808
85.7541, 310.809
85.7946, 310.811
85.806, 310.811
85.8425, 310.813
85.8569, 310.813
85.8733, 310.814
85.8885, 310.815
85.9187, 310.816
85.9578, 310.818
85.9778, 310.818
86.0096, 310.82
86.017, 310.82
86.0522, 310.822
86.0633, 310.822
86.0655, 310.822
86.0892, 310.823
86.1112, 310.824
86.1546, 310.826
86.171, 310.827
86.2124, 310.829
86.2522, 310.83
86.2525, 310.83
86.2527, 310.83
86.2536, 310.83
86.3235, 310.833
86.3828, 310.836
86.4095, 310.837
86.4113, 310.837
86.4234, 310.838
86.4432, 310.839
86.4576, 310.839
86.4793, 310.84
86.512, 310.842
86.5324, 310.843
86.5401, 310.843
86.5516, 310.844
86.5817, 310.845
86.6055, 310.846
86.608, 310.846
86.6413, 310.848
86.6613, 310.849
86.6907, 310.85
86.699, 310.85
86.7007, 310.85
86.7601, 310.853
86.7929, 310.855
86.8049, 310.855
86.8149, 310.856
86.8373, 310.857
86.8885, 310.859
86.9289, 310.861
86.9295, 310.861
86.9651, 310.862
86.9895, 310.864
87.0444, 310.866
87.0457, 310.866
87.0506, 310.866
87.0958, 310.868
87.0985, 310.869
87.1423, 310.871
87.1668, 310.872
87.1794, 310.872
87.2422, 310.875
87.2488, 310.876
87.2824, 310.877
87.2984, 310.878
87.356, 310.881
87.3702, 310.881
87.3833, 310.882
87.4454, 310.885
87.4573, 310.886
87.4709, 310.886
87.4842, 310.887
87.4927, 310.887
87.516, 310.888
87.5702, 310.891
87.587, 310.892
87.6448, 310.895
87.646, 310.895
87.692, 310.897
87.7395, 310.899
87.7419, 310.899
87.7457, 310.9
87.7904, 310.902
87.8306, 310.904
87.8726, 310.906
87.9089, 310.908
87.9165, 310.908
87.961, 310.91
87.9624, 310.91
88.0071, 310.913
88.0136, 310.913
88.0532, 310.915
88.0916, 310.917
88.1074, 310.918
88.1269, 310.919
88.1538, 310.92
88.1725, 310.921
88.2097, 310.923
88.2161, 310.923
88.2412, 310.924
88.2466, 310.925
88.2761, 310.926
88.3045, 310.928
88.32, 310.929
88.3735, 310.931
88.4123, 310.933
88.4212, 310.934
88.4258, 310.934
88.4282, 310.934
88.4511, 310.935
88.4764, 310.937
88.5526, 310.941
88.584, 310.942
88.6034, 310.943
88.6196, 310.944
88.644, 310.945
88.6697, 310.947
88.7097, 310.949
88.72, 310.949
88.7264, 310.95
88.7566, 310.951
88.7849, 310.953
88.8108, 310.954
88.8574, 310.957
88.8824, 310.958
88.9138, 310.96
88.9319, 310.961
88.9584, 310.962
88.9763, 310.963
88.9864, 310.964
89.0222, 310.966
89.0746, 310.969
89.0861, 310.969
89.1054, 310.97
89.1229, 310.971
89.1505, 310.973
89.1704, 310.974
89.2186, 310.976
89.2349, 310.977
89.2707, 310.979
89.3285, 310.983
89.3294, 310.983
89.3298, 310.983
89.3801, 310.985
89.3899, 310.986
89.4103, 310.987
89.4218, 310.988
89.4319, 310.988
89.4929, 310.992
89.5267, 310.994
89.5501, 310.995
89.5837, 310.997
89.5873, 310.997
89.6, 310.998
89.6361, 311
89.6438, 311
89.6469, 311.001
89.6825, 311.003
89.687, 311.003
89.7049, 311.004
89.7182, 311.005
89.7319, 311.005
89.7585, 311.007
89.7983, 311.009
89.8252, 311.011
89.8729, 311.014
89.8949, 311.015
89.9112, 311.016
89.9432, 311.018
89.9709, 311.019
90.0125, 311.022
90.0516, 311.024
90.0952, 311.027
90.1129, 311.028
90.1172, 311.028
90.1481, 311.03
90.172, 311.031
90.2075, 311.033
90.2177, 311.034
90.2666, 311.037
90.2741, 311.037
90.329, 311.041
90.3578, 311.042
90.3691, 311.043
90.3929, 311.045
90.3996, 311.045
90.402, 311.045
90.4314, 311.047
90.4479, 311.048
90.4737, 311.05
90.4887, 311.05
90.5441, 311.054
90.5538, 311.054
90.5829, 311.056
90.5996, 311.057
90.6617, 311.061
90.6625, 311.061
90.6637, 311.061
90.6921, 311.063
90.7305, 311.065
90.7372, 311.066
90.7917, 311.069
90.7938, 311.069
90.8282, 311.072
90.8924, 311.076
90.9577, 311.08
90.9651, 311.08
90.9664, 311.08
90.9683, 311.08
90.993, 311.082
91.0083, 311.083
91.0427, 311.085
91.0641, 311.087
91.0938, 311.088
91.1237, 311.09
91.1686, 311.093
91.1985, 311.095
91.2118, 311.096
91.2506, 311.099
91.2594, 311.099
91.2668, 311.1
91.3187, 311.103
91.3272, 311.104
91.3767, 311.107
91.3875, 311.108
91.4346, 311.111
91.4714, 311.113
91.4833, 311.114
91.4923, 311.115
91.5237, 311.117
91.575, 311.12
91.5983, 311.122
91.6097, 311.123
91.6568, 311.126
91.6571, 311.126
91.6663, 311.126
91.699, 311.129
91.6999, 311.129
91.7017, 311.129
91.7597, 311.133
91.7795, 311.134
91.8044, 311.136
91.85, 311.139
91.851, 311.139
91.8528, 311.139
91.9017, 311.142
91.928, 311.144
91.9593, 311.146
91.9732, 311.147
91.9902, 311.149
92.0075, 311.15
92.0463, 311.153
92.0571, 311.153
92.0609, 311.154
92.0774, 311.155
92.0924, 311.156
92.1081, 311.157
92.138, 311.159
92.178, 311.162
92.1811, 311.162
92.2346, 311.166
92.2539, 311.167
92.2601, 311.168
92.3025, 311.171
92.3169, 311.172
92.3332, 311.173
92.3598, 311.175
92.3899, 311.177
92.3949, 311.177
92.4257, 311.179
92.4309, 311.18
92.4388, 311.18
92.463, 311.182
92.4945, 311.184
92.5297, 311.187
92.5402, 311.188
92.592, 311.192
92.5968, 311.192
92.6544, 311.196
92.6646, 311.197
92.6837, 311.198
92.7073, 311.2
92.7151, 311.201
92.7632, 311.204
92.7667, 311.205
92.8235, 311.209
92.8263, 311.209
92.8347, 311.21
92.8728, 311.212
92.8862, 311.213
92.892, 311.214
92.9221, 311.216
92.9525, 311.218
92.9551, 311.219
92.9942, 311.222
93.011, 311.223
93.0336, 311.225
93.057, 311.226
93.0617, 311.227
93.069, 311.227
93.0892, 311.229
93.151, 311.234
93.1817, 311.236
93.2233, 311.239
93.2245, 311.239
93.2268, 311.239
93.286, 311.244
93.332, 311.248
93.3502, 311.249
93.3752, 311.251
93.3905, 311.252
93.4169, 311.254
93.4247, 311.255
93.4338, 311.256
93.4744, 311.259
93.5197, 311.262
93.5327, 311.264
93.5602, 311.266
93.5719, 311.267
93.5909, 311.268
93.6301, 311.271
93.6771, 311.275
93.6975, 311.277
93.7178, 311.278
93.7251, 311.279
93.7428, 311.28
93.7721, 311.283
93.7879, 311.284
93.8077, 311.286
93.8225, 311.287
93.8488, 311.289
93.8721, 311.291
93.9, 311.293
93.9231, 311.295
93.9679, 311.299
94.013, 311.303
94.0203, 311.303
94.0957, 311.31
94.1035, 311.31
94.1117, 311.311
94.1556, 311.315
94.176, 311.316
94.2061, 311.319
94.2114, 311.319
94.2135, 311.319
94.2395, 311.322
94.2571, 311.323
94.2593, 311.323
94.3013, 311.327
94.3485, 311.331
94.3498, 311.331
94.35, 311.331
94.3524, 311.331
94.3994, 311.335
94.4148, 311.337
94.4591, 311.341
94.4859, 311.343
94.5202, 311.346
94.5741, 311.351
94.6081, 311.354
94.622, 311.355
94.6248, 311.355
94.6518, 311.357
94.6958, 311.361
94.7714, 311.368
94.7727, 311.368
94.7729, 311.368
94.8151, 311.372
94.8575, 311.376
94.8825, 311.378
94.9309, 311.382
94.9407, 311.383
94.9774, 311.387
95.0054, 311.389
95.0536, 311.394
95.0862, 311.397
95.1027, 311.398
95.1176, 311.399
95.1378, 311.401
95.1718, 311.404
95.1955, 311.407
95.2518, 311.412
95.2557, 311.412
95.3157, 311.418
95.3273, 311.419
95.3581, 311.422
95.4118, 311.427
95.4198, 311.428
95.465, 311.432
95.487, 311.434
95.4976, 311.435
95.5266, 311.438
95.5518, 311.44
95.5841, 311.443
95.6108, 311.446
95.6495, 311.45
95.6946, 311.454
95.696, 311.454
95.7253, 311.457
95.736, 311.458
95.7742, 311.462
95.8038, 311.465
95.8158, 311.466
95.8326, 311.468
95.8469, 311.469
95.8809, 311.472
95.8927, 311.474
95.934, 311.478
95.955, 311.48
96.0328, 311.488
96.0561, 311.49
96.068, 311.491
96.0873, 311.493
96.1055, 311.495
96.1221, 311.497
96.1475, 311.499
96.1986, 311.504
96.2323, 311.508
96.2541, 311.51
96.2664, 311.511
96.309, 311.516
96.3458, 311.52
96.3713, 311.522
96.3936, 311.525
96.4437, 311.53
96.4633, 311.532
96.4867, 311.534
96.5255, 311.538
96.5361, 311.54
96.5741, 311.544
96.6177, 311.548
96.633, 311.55
96.6424, 311.551
96.6816, 311.555
96.7365, 311.561
96.7481, 311.562
96.7872, 311.566
96.8423, 311.572
96.8617, 311.575
96.9076, 311.58
96.9446, 311.584
96.9663, 311.586
96.9982, 311.59
97.0046, 311.59
97.066, 311.597
97.1071, 311.602
97.1194, 311.603
97.1722, 311.609
97.177, 311.61
97.2174, 311.614
97.257, 311.619
97.2859, 311.622
97.3142, 311.625
97.3435, 311.629
97.3447, 311.629
97.3981, 311.635
97.4282, 311.638
97.4831, 311.645
97.4994, 311.647
97.5528, 311.653
97.567, 311.655
97.6012, 311.659
97.605, 311.659
97.6147, 311.66
97.6402, 311.663
97.6637, 311.666
97.6821, 311.668
97.6908, 311.669
97.7303, 311.674
97.7431, 311.675
97.8083, 311.683
97.8451, 311.688
97.8762, 311.692
97.9295, 311.698
97.9393, 311.699
97.9439, 311.7
97.9479, 311.7
97.9814, 311.704
98.0135, 311.708
98.0865, 311.717
98.0901, 311.718
98.1486, 311.725
98.1587, 311.726
98.1878, 311.73
98.1961, 311.731
98.2551, 311.739
98.2573, 311.739
98.261, 311.739
98.3108, 311.746
98.3634, 311.752
98.3898, 311.756
98.4079, 311.758
98.4564, 311.764
98.4616, 311.765
98.5056, 311.771
98.5763, 311.78
98.603, 311.784
98.6218, 311.786
98.6703, 311.792
98.6835, 311.794
98.7163, 311.799
98.7238, 311.8
98.7432, 311.802
98.7649, 311.805
98.831, 311.814
98.831, 311.814
98.8313, 311.814
98.8829, 311.821
98.8841, 311.821
98.9071, 311.824
98.9255, 311.827
98.9263, 311.827
98.9338, 311.828
98.9852, 311.835
99.0119, 311.839
99.0454, 311.843
99.0751, 311.847
99.0918, 311.85
99.1339, 311.856
99.1892, 311.863
99.1936, 311.864
99.2021, 311.865
99.2281, 311.869
99.2813, 311.876
99.2957, 311.879
99.3047, 311.88
99.3325, 311.884
99.3824, 311.891
99.3855, 311.891
99.3991, 311.893
99.4641, 311.903
99.4797, 311.905
99.4879, 311.906
99.4984, 311.908
99.5266, 311.912
99.5671, 311.918
99.585, 311.921
99.6037, 311.923
99.6419, 311.929
99.6801, 311.935
99.7075, 311.939
99.7401, 311.944
99.7946, 311.952
99.8119, 311.955
99.8176, 311.955
99.8281, 311.957
99.8798, 311.965
99.8971, 311.968
99.9423, 311.975
99.9432, 311.975
99.9436, 311.975
100.002, 311.984
100.027, 311.988
100.086, 311.997
100.09, 311.998
100.143, 312.006
100.185, 312.013
100.203, 312.016
100.233, 312.021
100.272, 312.027
100.306, 312.032
100.352, 312.04
100.363, 312.042
100.405, 312.048
100.455, 312.057
100.475, 312.06
100.498, 312.064
100.512, 312.066
100.554, 312.073
100.595, 312.08
100.628, 312.086
100.647, 312.089
100.673, 312.093
100.712, 312.1
100.753, 312.107
100.773, 312.11
100.797, 312.115
100.856, 312.125
100.865, 312.127
100.873, 312.128
100.926, 312.137
100.951, 312.142
100.995, 312.149
101.01, 312.152
101.04, 312.157
101.097, 312.168
101.12, 312.172
101.174, 312.182
101.19, 312.185
101.196, 312.186
101.226, 312.191
101.268, 312.199
101.271, 312.2
101.301, 312.205
101.336, 312.212
101.357, 312.216
101.406, 312.225
101.428, 312.229
101.438, 312.231
101.464, 312.236
101.475, 312.238
101.523, 312.247
101.542, 312.251
101.572, 312.257
101.624, 312.267
101.669, 312.276
101.671, 312.276
101.716, 312.285
101.733, 312.288
101.775, 312.297
101.779, 312.297
101.783, 312.298
101.816, 312.305
101.864, 312.315
101.895, 312.321
101.923, 312.326
101.942, 312.33
101.974, 312.337
102.005, 312.343
102.027, 312.348
102.041, 312.351
102.086, 312.36
102.102, 312.364
102.16, 312.376
102.164, 312.377
102.179, 312.38
102.227, 312.39
102.281, 312.402
102.297, 312.405
102.338, 312.414
102.368, 312.421
102.426, 312.433
102.463, 312.442
102.531, 312.457
102.54, 312.459
102.548, 312.461
102.581, 312.468
102.599, 312.472
102.631, 312.48
102.659, 312.486
102.66, 312.486
102.682, 312.491
102.683, 312.492
102.698, 312.495
102.705, 312.496
102.727, 312.502
102.784, 312.515
102.812, 312.521
102.841, 312.528
102.864, 312.534
102.916, 312.546
102.917, 312.546
102.921, 312.547
102.963, 312.557
103.026, 312.573
103.029, 312.573
103.053, 312.579
103.069, 312.583
103.08, 312.586
103.115, 312.594
103.143, 312.601
103.157, 312.605
103.217, 312.62
103.22, 312.62
103.225, 312.621
103.273, 312.634
103.315, 312.644
103.327, 312.647
103.363, 312.656
103.379, 312.66
103.438, 312.675
103.47, 312.684
103.477, 312.686
103.49, 312.689
103.501, 312.692
103.545, 312.703
103.57, 312.71
103.59, 312.715
103.621, 312.723
103.66, 312.733
103.669, 312.736
103.676, 312.738
103.704, 312.745
103.744, 312.755
103.765, 312.761
103.785, 312.767
103.847, 312.783
103.852, 312.784
103.919, 312.802
103.926, 312.804
103.93, 312.805
103.989, 312.821
104.06, 312.84
104.091, 312.848
104.102, 312.851
104.109, 312.853
104.15, 312.864
104.181, 312.872
104.254, 312.892
104.255, 312.892
104.257, 312.893
104.319, 312.909
104.336, 312.914
104.377, 312.924
104.394, 312.929
104.419, 312.936
104.477, 312.951
104.489, 312.954
104.511, 312.959
104.561, 312.972
104.579, 312.977
104.595, 312.981
104.63, 312.99
104.648, 312.994
104.69, 313.005
104.751, 313.02
104.752, 313.02
104.757, 313.021
104.79, 313.029
104.847, 313.043
104.861, 313.047
104.9, 313.056
104.919, 313.06
104.938, 313.065
104.971, 313.072
105.012, 313.082
105.014, 313.082
105.028, 313.085
105.055, 313.091
105.061, 313.092
105.088, 313.098
105.089, 313.099
105.098, 313.1
105.131, 313.107
105.178, 313.117
105.222, 313.126
105.245, 313.131
105.259, 313.134
105.282, 313.138
105.288, 313.14
105.293, 313.141
105.317, 313.145
105.357, 313.152
105.417, 313.164
105.438, 313.168
105.455, 313.171
105.471, 313.173
105.507, 313.179
105.52, 313.181
105.57, 313.189
105.578, 313.191
105.591, 313.193
105.636, 313.199
105.677, 313.205
105.682, 313.206
105.725, 313.212
105.736, 313.213
105.786, 313.22
105.802, 313.222
105.831, 313.226
105.86, 313.229
105.868, 313.23
105.894, 313.233
105.916, 313.235
105.979, 313.242
106.012, 313.246
106.027, 313.247
106.059, 313.25
106.093, 313.253
106.115, 313.255
106.146, 313.257
106.192, 313.261
106.194, 313.261
106.229, 313.263
106.256, 313.265
106.298, 313.268
106.321, 313.269
106.327, 313.269
106.335, 313.27
106.395, 313.272
106.412, 313.273
106.457, 313.275
106.492, 313.276
106.5, 313.276
106.507, 313.276
106.558, 313.278
106.624, 313.279
106.664, 313.279
106.673, 313.279
106.722, 313.28
106.76, 313.279
106.776, 313.279
106.785, 313.279
106.82, 313.279
106.856, 313.279
106.886, 313.278
106.933, 313.277
106.945, 313.277
106.969, 313.276
107.013, 313.275
107.073, 313.273
107.081, 313.273
107.131, 313.271
107.149, 313.27
107.206, 313.267
107.211, 313.267
107.243, 313.266
107.248, 313.265
107.27, 313.264
107.28, 313.264
107.327, 313.261
107.365, 313.259
107.386, 313.257
107.419, 313.256
107.433, 313.255
107.452, 313.254
107.485, 313.252
107.508, 313.25
107.559, 313.247
107.588, 313.245
107.605, 313.244
107.615, 313.243
107.639, 313.241
107.642, 313.241
107.688, 313.238
107.722, 313.235
107.746, 313.234
107.769, 313.232
107.788, 313.23
107.831, 313.227
107.842, 313.226
107.893, 313.223
107.921, 313.221
107.947, 313.219
107.961, 313.218
107.976, 313.217
108.02, 313.213
108.028, 313.213
108.081, 313.209
108.12, 313.206
108.135, 313.205
108.143, 313.204
108.194, 313.201
108.214, 313.199
108.259, 313.196
108.266, 313.195
108.308, 313.192
108.31, 313.192
108.338, 313.19
108.377, 313.187
108.396, 313.186
108.432, 313.184
108.468, 313.181
108.494, 313.179
108.522, 313.178
108.534, 313.177
108.591, 313.173
108.597, 313.173
108.605, 313.172
108.644, 313.17
108.678, 313.168
108.698, 313.166
108.727, 313.165
108.728, 313.165
108.728, 313.165
108.764, 313.163
108.787, 313.161
108.805, 313.16
108.818, 313.159
108.841, 313.158
108.869, 313.157
108.882, 313.156
108.918, 313.154
108.953, 313.152
108.979, 313.151
108.987, 313.15
108.999, 313.15
109.029, 313.148
109.037, 313.148
109.066, 313.147
109.079, 313.146
109.123, 313.144
109.135, 313.144
109.174, 313.142
109.177, 313.142
109.183, 313.142
109.239, 313.139
109.277, 313.138
109.283, 313.138
109.305, 313.137
109.311, 313.136
109.355, 313.135
109.358, 313.135
109.359, 313.135
109.36, 313.135
109.399, 313.133
109.434, 313.132
109.444, 313.132
109.485, 313.131
109.496, 313.13
109.517, 313.13
109.543, 313.129
109.568, 313.128
109.581, 313.128
109.621, 313.127
109.66, 313.126
109.672, 313.126
109.674, 313.126
109.7, 313.125
109.715, 313.125
109.728, 313.125
109.761, 313.124
109.814, 313.124
109.827, 313.123
109.859, 313.123
109.863, 313.123
109.932, 313.123
110, 313.122
110.137, 313.089
110.228, 313.069
110.258, 313.062
110.369, 313.047
110.482, 313.03
110.657, 313.017
110.693, 313.015
110.986, 312.994
111, 312.993


