X,T
1.06703e-16, 310.15
0.0258843, 310.15
0.223666, 310.15
0.235592, 310.15
0.72506, 310.15
0.890616, 310.15
1.14409, 310.15
1.24116, 310.15
1.43113, 310.15
1.55852, 310.15
1.92139, 310.15
2.0658, 310.15
2.34876, 310.15
2.52383, 310.15
2.92729, 310.15
3.31596, 310.15
3.38359, 310.15
3.42782, 310.15
3.594, 310.15
4.03334, 310.15
4.18925, 310.15
4.27589, 310.15
4.55778, 310.15
5.17674, 310.15
5.19968, 310.15
5.23284, 310.15
5.73884, 310.15
5.87643, 310.15
5.99444, 310.15
6.26433, 310.15
6.4757, 310.15
6.78225, 310.15
7.23565, 310.15
7.36853, 310.15
7.52035, 310.15
7.54242, 310.15
7.60181, 310.15
8.01254, 310.15
8.30345, 310.15
8.40086, 310.15
8.83154, 310.15
9.09236, 310.15
9.13754, 310.15
9.40111, 310.15
9.63599, 310.15
10.0093, 310.15
10.1159, 310.15
10.3394, 310.15
10.6527, 310.15
10.8686, 310.15
11.0919, 310.15
11.3727, 310.15
11.5391, 310.15
11.788, 310.15
12.3816, 310.15
12.5308, 310.15
12.7241, 310.15
12.7572, 310.15
12.7695, 310.15
13.0663, 310.15
13.3393, 310.15
13.5282, 310.15
13.584, 310.15
13.8879, 310.15
14.1055, 310.15
14.4757, 310.15
14.5863, 310.15
14.8242, 310.15
15.0745, 310.15
15.2905, 310.15
15.4995, 310.15
15.6932, 310.15
15.8722, 310.15
16.2947, 310.15
16.4149, 310.15
16.5857, 310.15
16.7139, 310.15
16.7589, 310.15
16.9488, 310.15
17.2955, 310.15
17.3487, 310.15
17.3917, 310.15
17.4533, 310.15
17.5631, 310.15
17.7364, 310.15
18.2202, 310.15
18.7068, 310.15
18.7083, 310.15
18.7104, 310.15
18.9817, 310.15
19.0536, 310.15
19.1691, 310.15
19.6177, 310.15
19.6442, 310.15
19.7089, 310.15
19.8908, 310.15
20.3183, 310.15
20.4319, 310.151
20.5432, 310.151
20.656, 310.151
20.6614, 310.151
20.6675, 310.151
20.6807, 310.151
21.1753, 310.151
21.6922, 310.151
21.8536, 310.151
22.32, 310.151
22.4003, 310.151
22.435, 310.151
22.8886, 310.151
23.2057, 310.151
23.3166, 310.151
23.4965, 310.151
23.8195, 310.151
24.1363, 310.151
24.3161, 310.151
24.883, 310.151
24.9513, 310.151
25.019, 310.151
25.0543, 310.151
25.0647, 310.151
25.6283, 310.151
25.6569, 310.151
25.9363, 310.151
26.2039, 310.151
26.2597, 310.151
26.4677, 310.151
26.7118, 310.151
27.0596, 310.151
27.1148, 310.151
27.2723, 310.151
27.4695, 310.151
27.6471, 310.151
27.869, 310.151
28.0193, 310.151
28.4954, 310.152
28.6454, 310.152
28.7912, 310.152
29.1888, 310.152
29.3538, 310.152
29.5488, 310.152
29.8505, 310.152
29.9892, 310.152
30.085, 310.152
30.1169, 310.152
30.234, 310.152
30.6445, 310.152
30.7743, 310.152
31.1777, 310.152
31.3737, 310.152
31.4029, 310.152
31.4307, 310.152
31.4478, 310.152
31.5102, 310.153
31.5373, 310.153
31.6185, 310.153
32.0828, 310.153
32.1911, 310.153
32.2507, 310.153
32.4398, 310.153
32.9176, 310.153
32.9786, 310.153
33.0194, 310.153
33.3996, 310.153
33.7656, 310.154
33.9726, 310.154
34.0427, 310.154
34.5408, 310.154
34.6767, 310.154
34.7468, 310.154
35.059, 310.154
35.3222, 310.155
35.5523, 310.155
35.6846, 310.155
35.932, 310.155
36.0243, 310.155
36.211, 310.155
36.4716, 310.155
36.6651, 310.156
36.7361, 310.156
36.971, 310.156
37.6027, 310.156
37.6127, 310.156
37.8867, 310.157
38.1776, 310.157
38.3301, 310.157
38.482, 310.157
38.6315, 310.158
38.89, 310.158
39.2218, 310.158
39.4366, 310.159
39.7026, 310.159
39.8786, 310.159
40.2505, 310.16
40.5486, 310.16
40.7464, 310.161
40.7896, 310.161
41.1423, 310.161
41.2677, 310.162
41.6421, 310.162
42.2884, 310.164
42.4269, 310.164
42.5321, 310.164
42.6254, 310.165
42.9481, 310.165
43.213, 310.166
43.3592, 310.167
43.4245, 310.167
43.7355, 310.168
43.8477, 310.168
44.3489, 310.17
44.4456, 310.17
44.7874, 310.171
45.1626, 310.172
45.2942, 310.173
45.4451, 310.174
45.8579, 310.175
45.9309, 310.176
46.2066, 310.177
46.5456, 310.178
46.8599, 310.18
46.9145, 310.18
47.1014, 310.181
47.141, 310.182
47.218, 310.182
47.4532, 310.183
47.9145, 310.186
47.9704, 310.187
48.2389, 310.188
48.3534, 310.189
48.6045, 310.191
49.249, 310.196
49.3121, 310.196
49.7826, 310.201
50.0407, 310.203
50.2522, 310.205
50.5086, 310.208
50.6613, 310.209
51.009, 310.213
51.3144, 310.217
51.7056, 310.222
51.824, 310.224
51.877, 310.225
52.499, 310.234
52.5149, 310.234
52.5165, 310.234
52.5199, 310.234
52.5452, 310.235
52.6266, 310.236
52.6803, 310.237
53.1012, 310.243
53.2658, 310.247
53.3249, 310.248
53.7669, 310.256
53.9222, 310.26
54.2806, 310.268
54.4938, 310.273
54.8531, 310.282
55.0548, 310.288
55.1796, 310.291
55.4932, 310.301
55.5885, 310.304
55.9077, 310.314
55.9273, 310.315
56.2015, 310.326
56.5771, 310.341
56.6936, 310.345
56.7929, 310.349
56.8709, 310.353
57.3531, 310.377
57.5776, 310.39
57.5996, 310.392
57.6537, 310.395
57.7937, 310.405
57.8634, 310.411
57.8976, 310.414
58, 310.423
58.0791, 310.423
58.1083, 310.423
58.1406, 310.423
58.1489, 310.423
58.1966, 310.423
58.2022, 310.423
58.2204, 310.423
58.2398, 310.423
58.3159, 310.423
58.3231, 310.423
58.3352, 310.424
58.3865, 310.424
58.4398, 310.424
58.4468, 310.424
58.4582, 310.424
58.4959, 310.424
58.5357, 310.424
58.5495, 310.424
58.5645, 310.424
58.5898, 310.424
58.608, 310.424
58.6237, 310.424
58.6411, 310.424
58.684, 310.425
58.6866, 310.425
58.7292, 310.425
58.7553, 310.425
58.756, 310.425
58.8109, 310.425
58.8396, 310.425
58.8704, 310.425
58.8804, 310.425
58.9429, 310.426
58.9578, 310.426
59.0355, 310.426
59.0435, 310.426
59.0848, 310.426
59.1098, 310.426
59.147, 310.426
59.1719, 310.427
59.1874, 310.427
59.1989, 310.427
59.2198, 310.427
59.2273, 310.427
59.2897, 310.427
59.3239, 310.427
59.328, 310.427
59.34, 310.427
59.3432, 310.427
59.3751, 310.428
59.3933, 310.428
59.4184, 310.428
59.4531, 310.428
59.4582, 310.428
59.4751, 310.428
59.4982, 310.428
59.501, 310.428
59.5431, 310.428
59.5989, 310.429
59.5993, 310.429
59.6263, 310.429
59.6463, 310.429
59.679, 310.429
59.6872, 310.429
59.7159, 310.429
59.7259, 310.429
59.7289, 310.429
59.7457, 310.429
59.7772, 310.43
59.7929, 310.43
59.8126, 310.43
59.8365, 310.43
59.8502, 310.43
59.8831, 310.43
59.9024, 310.43
59.9332, 310.431
59.9535, 310.431
59.9851, 310.431
60.0089, 310.431
60.0282, 310.431
60.0854, 310.431
60.0997, 310.432
60.1221, 310.432
60.1481, 310.432
60.1809, 310.432
60.2008, 310.432
60.2161, 310.432
60.2559, 310.432
60.2986, 310.433
60.343, 310.433
60.3637, 310.433
60.3866, 310.433
60.4335, 310.434
60.4367, 310.434
60.4953, 310.434
60.5035, 310.434
60.5161, 310.434
60.5998, 310.435
60.6052, 310.435
60.6105, 310.435
60.6711, 310.435
60.6895, 310.435
60.7255, 310.436
60.7385, 310.436
60.7677, 310.436
60.7773, 310.436
60.7831, 310.436
60.8159, 310.436
60.8625, 310.437
60.8822, 310.437
60.9318, 310.437
60.9446, 310.437
60.9543, 310.437
60.9684, 310.437
61.0548, 310.438
61.0594, 310.438
61.066, 310.438
61.1042, 310.438
61.1444, 310.439
61.1574, 310.439
61.2175, 310.439
61.2542, 310.44
61.2693, 310.44
61.3016, 310.44
61.3063, 310.44
61.3203, 310.44
61.3615, 310.44
61.3643, 310.44
61.3864, 310.441
61.4308, 310.441
61.4648, 310.441
61.4847, 310.441
61.5385, 310.442
61.5516, 310.442
61.5875, 310.442
61.6061, 310.442
61.6398, 310.443
61.6775, 310.443
61.6883, 310.443
61.7331, 310.443
61.7334, 310.443
61.7723, 310.444
61.7876, 310.444
61.8197, 310.444
61.831, 310.444
61.8646, 310.445
61.8934, 310.445
61.9014, 310.445
61.9442, 310.445
61.9631, 310.445
61.9896, 310.446
62.0512, 310.446
62.0598, 310.446
62.0813, 310.447
62.112, 310.447
62.1375, 310.447
62.1829, 310.447
62.1859, 310.448
62.1942, 310.448
62.2305, 310.448
62.252, 310.448
62.2733, 310.448
62.3181, 310.449
62.3404, 310.449
62.36, 310.449
62.3838, 310.449
62.4379, 310.45
62.4559, 310.45
62.5121, 310.451
62.5312, 310.451
62.612, 310.452
62.6183, 310.452
62.625, 310.452
62.6526, 310.452
62.6712, 310.452
62.6968, 310.452
62.712, 310.453
62.7185, 310.453
62.722, 310.453
62.7414, 310.453
62.8073, 310.454
62.8104, 310.454
62.824, 310.454
62.8568, 310.454
62.8713, 310.454
62.9053, 310.455
62.913, 310.455
62.9402, 310.455
62.9523, 310.455
62.9793, 310.455
63.0013, 310.456
63.0032, 310.456
63.0646, 310.456
63.073, 310.456
63.1158, 310.457
63.1655, 310.457
63.1667, 310.457
63.1671, 310.457
63.1689, 310.457
63.2655, 310.458
63.2746, 310.458
63.2763, 310.458
63.2827, 310.459
63.3253, 310.459
63.3788, 310.46
63.3875, 310.46
63.3893, 310.46
63.4593, 310.46
63.4606, 310.46
63.4642, 310.461
63.5017, 310.461
63.5172, 310.461
63.5542, 310.462
63.5586, 310.462
63.5918, 310.462
63.606, 310.462
63.6535, 310.463
63.6778, 310.463
63.7118, 310.463
63.7344, 310.464
63.7794, 310.464
63.8182, 310.465
63.842, 310.465
63.8869, 310.465
63.9014, 310.466
63.9498, 310.466
63.9919, 310.467
63.9956, 310.467
64.0036, 310.467
64.041, 310.467
64.0447, 310.467
64.0812, 310.468
64.0857, 310.468
64.0879, 310.468
64.1285, 310.468
64.1334, 310.468
64.1591, 310.469
64.2048, 310.469
64.2342, 310.47
64.2596, 310.47
64.2882, 310.47
64.2931, 310.47
64.3009, 310.47
64.3767, 310.471
64.3828, 310.471
64.3849, 310.471
64.3885, 310.471
64.4027, 310.472
64.4789, 310.473
64.4983, 310.473
64.5207, 310.473
64.5358, 310.473
64.5788, 310.474
64.6109, 310.474
64.6216, 310.474
64.6308, 310.475
64.6894, 310.475
64.6923, 310.475
64.7119, 310.476
64.7616, 310.476
64.7667, 310.476
64.787, 310.477
64.8075, 310.477
64.8242, 310.477
64.8735, 310.478
64.8805, 310.478
64.8831, 310.478
64.8939, 310.478
64.9204, 310.478
64.94, 310.479
64.978, 310.479
65.0289, 310.48
65.047, 310.48
65.0843, 310.481
65.0954, 310.481
65.1607, 310.482
65.1798, 310.482
65.2255, 310.483
65.2455, 310.483
65.2749, 310.483
65.2914, 310.483
65.3349, 310.484
65.3405, 310.484
65.3735, 310.485
65.3888, 310.485
65.417, 310.485
65.4425, 310.486
65.4771, 310.486
65.4897, 310.486
65.5386, 310.487
65.5415, 310.487
65.5958, 310.488
65.5967, 310.488
65.5984, 310.488
65.659, 310.489
65.6643, 310.489
65.7149, 310.49
65.7197, 310.49
65.7785, 310.49
65.7936, 310.491
65.8146, 310.491
65.8549, 310.492
65.8675, 310.492
65.8882, 310.492
65.9098, 310.492
65.9163, 310.493
65.9366, 310.493
65.9868, 310.494
65.9874, 310.494
65.9886, 310.494
65.9918, 310.494
66.0597, 310.495
66.0753, 310.495
66.1119, 310.496
66.127, 310.496
66.1533, 310.496
66.1935, 310.497
66.2084, 310.497
66.2147, 310.497
66.2339, 310.497
66.2681, 310.498
66.2799, 310.498
66.3118, 310.499
66.3349, 310.499
66.3459, 310.499
66.3485, 310.499
66.4064, 310.5
66.4157, 310.5
66.4255, 310.5
66.4738, 310.501
66.5355, 310.502
66.5438, 310.502
66.5811, 310.503
66.6211, 310.504
66.6339, 310.504
66.667, 310.504
66.6878, 310.505
66.6976, 310.505
66.737, 310.505
66.7655, 310.506
66.7977, 310.506
66.8133, 310.507
66.8414, 310.507
66.8845, 310.508
66.9154, 310.508
66.934, 310.509
66.9591, 310.509
66.973, 310.509
67.0079, 310.51
67.0325, 310.51
67.0571, 310.511
67.0858, 310.511
67.0983, 310.511
67.1032, 310.512
67.115, 310.512
67.1516, 310.512
67.2023, 310.513
67.2207, 310.514
67.2295, 310.514
67.2701, 310.514
67.3069, 310.515
67.3333, 310.515
67.3533, 310.516
67.3737, 310.516
67.4155, 310.517
67.4306, 310.517
67.4869, 310.518
67.5026, 310.518
67.5104, 310.519
67.5461, 310.519
67.6071, 310.52
67.6106, 310.52
67.652, 310.521
67.671, 310.521
67.6931, 310.522
67.7207, 310.522
67.7443, 310.523
67.7755, 310.523
67.8167, 310.524
67.8565, 310.525
67.8665, 310.525
67.8706, 310.525
67.9448, 310.526
67.9461, 310.526
67.955, 310.527
67.9944, 310.527
68.028, 310.528
68.0369, 310.528
68.0387, 310.528
68.0637, 310.529
68.0725, 310.529
68.0811, 310.529
68.1444, 310.53
68.1588, 310.53
68.1966, 310.531
68.2182, 310.532
68.2209, 310.532
68.2689, 310.533
68.2751, 310.533
68.3203, 310.533
68.3557, 310.534
68.3587, 310.534
68.36, 310.534
68.4266, 310.536
68.4487, 310.536
68.4625, 310.536
68.4701, 310.536
68.4744, 310.536
68.4882, 310.537
68.5644, 310.538
68.5808, 310.539
68.5906, 310.539
68.6389, 310.54
68.6662, 310.54
68.7101, 310.541
68.7287, 310.541
68.7816, 310.543
68.803, 310.543
68.8495, 310.544
68.9152, 310.545
68.9173, 310.545
68.9184, 310.545
68.9636, 310.546
68.9744, 310.546
68.9959, 310.547
69.0377, 310.548
69.0523, 310.548
69.0964, 310.549
69.1037, 310.549
69.1137, 310.549
69.162, 310.55
69.1799, 310.551
69.2077, 310.551
69.2315, 310.552
69.2516, 310.552
69.2785, 310.553
69.3084, 310.553
69.331, 310.554
69.3492, 310.554
69.4021, 310.555
69.4104, 310.555
69.4726, 310.557
69.5051, 310.557
69.5293, 310.558
69.5345, 310.558
69.5771, 310.559
69.6364, 310.56
69.6507, 310.561
69.6701, 310.561
69.6781, 310.561
69.7073, 310.562
69.742, 310.563
69.7686, 310.563
69.8199, 310.564
69.8361, 310.565
69.8412, 310.565
69.8965, 310.566
69.9219, 310.567
69.9476, 310.567
69.9579, 310.567
70.0131, 310.569
70.039, 310.569
70.1029, 310.571
70.1111, 310.571
70.1531, 310.572
70.188, 310.572
70.2191, 310.573
70.2943, 310.575
70.315, 310.575
70.3512, 310.576
70.3991, 310.577
70.3998, 310.577
70.4004, 310.577
70.4016, 310.577
70.4836, 310.579
70.5343, 310.58
70.5447, 310.581
70.5855, 310.582
70.6406, 310.583
70.6426, 310.583
70.643, 310.583
70.644, 310.583
70.6945, 310.584
70.7312, 310.585
70.7424, 310.585
70.7489, 310.585
70.777, 310.586
70.8134, 310.587
70.8308, 310.587
70.8822, 310.589
70.9338, 310.59
70.934, 310.59
70.9341, 310.59
70.9343, 310.59
70.9691, 310.591
70.9951, 310.591
71.0127, 310.592
71.0526, 310.593
71.0717, 310.593
71.1228, 310.595
71.1339, 310.595
71.1871, 310.596
71.2004, 310.596
71.2257, 310.597
71.2302, 310.597
71.2493, 310.598
71.2865, 310.599
71.3059, 310.599
71.3309, 310.6
71.3327, 310.6
71.3926, 310.601
71.4018, 310.601
71.4376, 310.602
71.4494, 310.603
71.4668, 310.603
71.5021, 310.604
71.5378, 310.605
71.5844, 310.606
71.6051, 310.607
71.6514, 310.608
71.6623, 310.608
71.6919, 310.609
71.7081, 310.609
71.7246, 310.61
71.7481, 310.61
71.8058, 310.612
71.8084, 310.612
71.8085, 310.612
71.8491, 310.613
71.8863, 310.614
71.9441, 310.615
71.9509, 310.616
71.96, 310.616
71.9912, 310.617
72.0042, 310.617
72.0254, 310.618
72.0433, 310.618
72.0494, 310.618
72.107, 310.62
72.1167, 310.62
72.1614, 310.621
72.1634, 310.621
72.1765, 310.622
72.1777, 310.622
72.2326, 310.623
72.2382, 310.623
72.2601, 310.624
72.2728, 310.624
72.2944, 310.625
72.32, 310.626
72.3456, 310.626
72.3654, 310.627
72.3786, 310.627
72.3943, 310.628
72.4748, 310.63
72.5158, 310.631
72.533, 310.631
72.5758, 310.633
72.6172, 310.634
72.6489, 310.635
72.6927, 310.636
72.727, 310.637
72.732, 310.637
72.7934, 310.639
72.8108, 310.639
72.8503, 310.64
72.8914, 310.641
72.8944, 310.642
72.8978, 310.642
72.9814, 310.644
72.982, 310.644
73.0244, 310.645
73.0281, 310.645
73.0706, 310.647
73.1007, 310.647
73.1143, 310.648
73.1196, 310.648
73.1785, 310.65
73.2162, 310.651
73.2168, 310.651
73.2181, 310.651
73.252, 310.652
73.2588, 310.652
73.2712, 310.652
73.3543, 310.655
73.3754, 310.656
73.4085, 310.656
73.4194, 310.657
73.451, 310.658
73.4717, 310.658
73.5178, 310.66
73.5347, 310.66
73.5456, 310.661
73.5601, 310.661
73.5735, 310.661
73.6026, 310.662
73.6138, 310.663
73.6266, 310.663
73.6458, 310.664
73.6994, 310.665
73.7325, 310.666
73.7675, 310.667
73.7946, 310.668
73.8065, 310.669
73.841, 310.67
73.8764, 310.671
73.8794, 310.671
73.9396, 310.673
73.9593, 310.673
73.9865, 310.674
74.0051, 310.675
74.0333, 310.676
74.0546, 310.676
74.0725, 310.677
74.109, 310.678
74.1289, 310.679
74.1445, 310.679
74.1602, 310.68
74.1772, 310.68
74.1927, 310.681
74.2389, 310.682
74.279, 310.683
74.2851, 310.684
74.2905, 310.684
74.3004, 310.684
74.3242, 310.685
74.3412, 310.685
74.3922, 310.687
74.4039, 310.687
74.4258, 310.688
74.4708, 310.69
74.4874, 310.69
74.5027, 310.691
74.5127, 310.691
74.5528, 310.692
74.5683, 310.693
74.5703, 310.693
74.6162, 310.694
74.6404, 310.695
74.6545, 310.696
74.7078, 310.697
74.7721, 310.699
74.7792, 310.7
74.8071, 310.701
74.8275, 310.701
74.8691, 310.703
74.8809, 310.703
74.8827, 310.703
74.937, 310.705
74.9404, 310.705
74.9939, 310.707
75.0204, 310.708
75.0454, 310.709
75.0817, 310.71
75.0984, 310.71
75.1468, 310.712
75.151, 310.712
75.1645, 310.713
75.1941, 310.714
75.2095, 310.714
75.2411, 310.715
75.2616, 310.716
75.2839, 310.717
75.3025, 310.717
75.3607, 310.719
75.3821, 310.72
75.4054, 310.721
75.4387, 310.722
75.4501, 310.723
75.453, 310.723
75.5078, 310.725
75.5109, 310.725
75.5132, 310.725
75.5649, 310.727
75.5766, 310.727
75.623, 310.729
75.6798, 310.731
75.7196, 310.732
75.7684, 310.734
75.7802, 310.734
75.7817, 310.734
75.8305, 310.736
75.8345, 310.736
75.8801, 310.738
75.9007, 310.739
75.9359, 310.74
76.0155, 310.743
76.03, 310.743
76.0361, 310.744
76.0466, 310.744
76.0805, 310.745
76.1014, 310.746
76.1157, 310.747
76.1406, 310.747
76.1499, 310.748
76.1839, 310.749
76.2627, 310.752
76.2786, 310.753
76.2944, 310.753
76.3142, 310.754
76.3258, 310.754
76.3614, 310.756
76.3743, 310.756
76.4131, 310.758
76.4717, 310.76
76.4965, 310.761
76.5187, 310.762
76.55, 310.763
76.6031, 310.765
76.6389, 310.766
76.6534, 310.767
76.6554, 310.767
76.7009, 310.769
76.7589, 310.771
76.7595, 310.771
76.7603, 310.771
76.8403, 310.774
76.8458, 310.774
76.8535, 310.775
76.8966, 310.776
76.9212, 310.777
76.9607, 310.779
76.9615, 310.779
76.9636, 310.779
77.0142, 310.781
77.0707, 310.783
77.1185, 310.785
77.1215, 310.785
77.1268, 310.785
77.2076, 310.789
77.2116, 310.789
77.2128, 310.789
77.2139, 310.789
77.2552, 310.791
77.3009, 310.792
77.3339, 310.794
77.3426, 310.794
77.3487, 310.794
77.3888, 310.796
77.4322, 310.798
77.4683, 310.799
77.4821, 310.8
77.4999, 310.801
77.5243, 310.802
77.6017, 310.805
77.626, 310.806
77.656, 310.807
77.6608, 310.807
77.6906, 310.809
77.7024, 310.809
77.7265, 310.81
77.7615, 310.812
77.8243, 310.814
77.8292, 310.814
77.8295, 310.814
77.83, 310.814
77.8348, 310.815
77.8932, 310.817
77.9433, 310.819
77.9545, 310.82
77.9893, 310.821
78.0111, 310.822
78.0257, 310.823
78.0472, 310.824
78.0612, 310.824
78.0781, 310.825
78.0965, 310.826
78.111, 310.826
78.1213, 310.827
78.1324, 310.827
78.1623, 310.829
78.2246, 310.831
78.2312, 310.832
78.2517, 310.833
78.2625, 310.833
78.2794, 310.834
78.3206, 310.836
78.3313, 310.836
78.3525, 310.837
78.3605, 310.837
78.3946, 310.839
78.4255, 310.84
78.4357, 310.841
78.4667, 310.842
78.5079, 310.844
78.5762, 310.847
78.5778, 310.847
78.6243, 310.849
78.6786, 310.852
78.6903, 310.852
78.7329, 310.854
78.7561, 310.855
78.786, 310.856
78.83, 310.859
78.8312, 310.859
78.8481, 310.859
78.882, 310.861
78.9068, 310.862
78.9228, 310.863
78.9633, 310.865
78.9732, 310.865
78.9854, 310.866
79.0154, 310.867
79.0291, 310.868
79.0833, 310.87
79.1068, 310.871
79.1126, 310.872
79.1501, 310.873
79.1717, 310.874
79.1914, 310.875
79.2101, 310.876
79.2368, 310.877
79.2667, 310.879
79.2827, 310.88
79.2923, 310.88
79.3477, 310.883
79.3766, 310.884
79.3793, 310.884
79.3962, 310.885
79.4219, 310.886
79.4255, 310.886
79.4591, 310.888
79.4864, 310.889
79.5373, 310.892
79.5621, 310.893
79.5893, 310.894
79.6191, 310.896
79.6375, 310.897
79.6985, 310.9
79.7011, 310.9
79.7096, 310.9
79.7239, 310.901
79.7401, 310.902
79.7477, 310.902
79.7573, 310.903
79.8036, 310.905
79.8493, 310.907
79.8539, 310.907
79.8577, 310.908
79.9009, 310.91
79.9224, 310.911
79.9439, 310.912
79.9581, 310.913
80.0015, 310.915
80.0336, 310.916
80.0664, 310.918
80.0676, 310.918
80.1176, 310.921
80.1234, 310.921
80.1329, 310.921
80.1652, 310.923
80.1789, 310.924
80.2447, 310.927
80.254, 310.928
80.3118, 310.931
80.3393, 310.932
80.362, 310.933
80.4245, 310.936
80.4291, 310.937
80.4819, 310.939
80.5043, 310.941
80.5253, 310.942
80.5725, 310.944
80.584, 310.945
80.6187, 310.947
80.6508, 310.948
80.6822, 310.95
80.6948, 310.951
80.7015, 310.951
80.7331, 310.953
80.7611, 310.954
80.8089, 310.957
80.8091, 310.957
80.8094, 310.957
80.8107, 310.957
80.8514, 310.959
80.8586, 310.959
80.8733, 310.96
80.9235, 310.963
80.9412, 310.964
80.9707, 310.965
80.9976, 310.967
81.017, 310.968
81.0289, 310.969
81.0898, 310.972
81.0961, 310.972
81.0996, 310.972
81.1308, 310.974
81.1497, 310.975
81.2038, 310.978
81.2363, 310.98
81.2415, 310.98
81.2456, 310.981
81.2591, 310.981
81.3083, 310.984
81.3694, 310.987
81.3978, 310.989
81.4338, 310.991
81.4477, 310.992
81.4925, 310.994
81.4959, 310.995
81.5296, 310.996
81.557, 310.998
81.5635, 310.998
81.6005, 311
81.6307, 311.002
81.6333, 311.002
81.6722, 311.005
81.6737, 311.005
81.7397, 311.008
81.7425, 311.009
81.7765, 311.011
81.8074, 311.012
81.8129, 311.013
81.8184, 311.013
81.857, 311.015
81.8856, 311.017
81.8903, 311.017
81.9225, 311.019
81.9516, 311.021
81.9778, 311.022
82.018, 311.025
82.0263, 311.025
82.0511, 311.027
82.0517, 311.027
82.054, 311.027
82.097, 311.029
82.12, 311.031
82.1365, 311.032
82.1616, 311.033
82.1859, 311.035
82.2219, 311.037
82.2292, 311.037
82.2345, 311.038
82.2866, 311.041
82.3531, 311.045
82.3999, 311.048
82.4131, 311.048
82.4544, 311.051
82.4871, 311.053
82.5213, 311.055
82.5388, 311.056
82.5748, 311.058
82.6088, 311.06
82.6453, 311.063
82.6936, 311.066
82.7447, 311.069
82.7472, 311.069
82.7516, 311.069
82.7892, 311.072
82.8215, 311.074
82.8487, 311.075
82.8712, 311.077
82.8854, 311.078
82.9007, 311.079
82.9491, 311.082
83.0054, 311.085
83.0321, 311.087
83.0725, 311.09
83.126, 311.093
83.1488, 311.095
83.1562, 311.095
83.2006, 311.098
83.2382, 311.1
83.2711, 311.102
83.3012, 311.104
83.3409, 311.107
83.3547, 311.108
83.3836, 311.11
83.4297, 311.113
83.4479, 311.114
83.4839, 311.116
83.4852, 311.117
83.5292, 311.12
83.5901, 311.124
83.623, 311.126
83.6306, 311.126
83.6363, 311.127
83.6385, 311.127
83.6523, 311.128
83.7187, 311.132
83.7476, 311.134
83.7582, 311.135
83.7792, 311.136
83.7836, 311.137
83.7869, 311.137
83.8186, 311.139
83.8323, 311.14
83.8544, 311.141
83.8824, 311.143
83.8915, 311.144
83.9057, 311.145
83.9373, 311.147
83.9485, 311.148
84.0027, 311.152
84.0352, 311.154
84.0554, 311.155
84.068, 311.156
84.098, 311.158
84.1129, 311.159
84.1589, 311.163
84.1974, 311.165
84.2188, 311.167
84.2367, 311.168
84.301, 311.173
84.3172, 311.174
84.349, 311.176
84.383, 311.178
84.4095, 311.18
84.4579, 311.184
84.5227, 311.188
84.5457, 311.19
84.5763, 311.192
84.5934, 311.194
84.6203, 311.195
84.6441, 311.197
84.7099, 311.202
84.766, 311.206
84.7703, 311.206
84.7743, 311.207
84.7781, 311.207
84.8397, 311.212
84.8736, 311.214
84.9006, 311.216
84.9118, 311.217
84.9723, 311.221
85.0347, 311.226
85.0721, 311.229
85.0902, 311.23
85.1245, 311.233
85.1295, 311.233
85.1822, 311.237
85.2012, 311.239
85.2259, 311.241
85.271, 311.244
85.2711, 311.244
85.2715, 311.244
85.319, 311.248
85.3248, 311.248
85.3924, 311.253
85.3989, 311.254
85.4433, 311.257
85.4489, 311.258
85.533, 311.264
85.5462, 311.265
85.6017, 311.27
85.6317, 311.272
85.6464, 311.273
85.6995, 311.278
85.7461, 311.281
85.7537, 311.282
85.7814, 311.284
85.8127, 311.287
85.844, 311.289
85.873, 311.291
85.8757, 311.292
85.9148, 311.295
85.9152, 311.295
85.9464, 311.297
85.9941, 311.301
86.0151, 311.303
86.0275, 311.304
86.0657, 311.307
86.0762, 311.308
86.1133, 311.311
86.1517, 311.314
86.1966, 311.318
86.2022, 311.318
86.2584, 311.323
86.2595, 311.323
86.299, 311.326
86.3245, 311.329
86.3508, 311.331
86.3864, 311.334
86.3897, 311.334
86.3938, 311.334
86.4321, 311.338
86.4543, 311.339
86.4832, 311.342
86.5195, 311.345
86.5407, 311.347
86.5784, 311.35
86.5888, 311.351
86.6092, 311.353
86.6271, 311.354
86.6386, 311.355
86.6518, 311.356
86.6883, 311.359
86.7209, 311.362
86.741, 311.364
86.7922, 311.368
86.8068, 311.37
86.8372, 311.372
86.8628, 311.375
86.8913, 311.377
86.9022, 311.378
86.922, 311.38
86.9357, 311.381
87.0258, 311.389
87.0292, 311.389
87.0394, 311.39
87.0522, 311.391
87.0795, 311.394
87.0831, 311.394
87.1238, 311.398
87.1404, 311.399
87.1417, 311.399
87.1457, 311.4
87.2003, 311.405
87.2093, 311.405
87.2234, 311.407
87.2344, 311.408
87.2804, 311.412
87.3018, 311.414
87.3211, 311.415
87.3358, 311.417
87.3782, 311.421
87.3912, 311.422
87.3989, 311.423
87.4252, 311.425
87.4785, 311.43
87.4845, 311.43
87.4988, 311.432
87.5206, 311.434
87.5646, 311.438
87.5963, 311.441
87.6271, 311.444
87.6682, 311.447
87.6733, 311.448
87.6749, 311.448
87.6781, 311.448
87.6948, 311.45
87.7338, 311.454
87.7482, 311.455
87.7961, 311.459
87.8471, 311.464
87.8577, 311.465
87.908, 311.47
87.9175, 311.471
87.9683, 311.476
87.9733, 311.476
87.9889, 311.478
88.0175, 311.481
88.0332, 311.482
88.0563, 311.484
88.0766, 311.486
88.1298, 311.492
88.1548, 311.494
88.1651, 311.495
88.202, 311.499
88.2214, 311.5
88.2504, 311.503
88.2532, 311.504
88.256, 311.504
88.2986, 311.508
88.3155, 311.51
88.3574, 311.514
88.3795, 311.516
88.4036, 311.518
88.4242, 311.521
88.4417, 311.522
88.4605, 311.524
88.4695, 311.525
88.4962, 311.528
88.5456, 311.533
88.5676, 311.535
88.592, 311.537
88.6143, 311.54
88.6522, 311.543
88.6533, 311.544
88.6539, 311.544
88.7001, 311.548
88.7034, 311.549
88.7315, 311.552
88.7651, 311.555
88.778, 311.556
88.8033, 311.559
88.8296, 311.562
88.859, 311.565
88.9075, 311.57
88.9145, 311.57
88.9555, 311.575
88.9647, 311.576
88.9957, 311.579
89.048, 311.584
89.075, 311.587
89.1227, 311.592
89.1756, 311.598
89.1798, 311.598
89.2194, 311.603
89.2313, 311.604
89.2539, 311.606
89.2717, 311.608
89.2972, 311.611
89.3122, 311.613
89.3342, 311.615
89.3599, 311.618
89.3859, 311.621
89.4211, 311.624
89.4748, 311.63
89.485, 311.631
89.5051, 311.634
89.5697, 311.641
89.5751, 311.641
89.5824, 311.642
89.6246, 311.647
89.653, 311.65
89.6638, 311.651
89.6975, 311.655
89.6988, 311.655
89.7061, 311.656
89.7596, 311.662
89.7652, 311.662
89.8017, 311.666
89.8134, 311.668
89.8434, 311.671
89.8662, 311.674
89.9147, 311.679
89.9246, 311.68
89.9555, 311.684
89.9653, 311.685
90.0242, 311.692
90.0252, 311.692
90.0255, 311.692
90.0265, 311.692
90.0637, 311.696
90.1112, 311.702
90.1418, 311.705
90.1651, 311.708
90.1977, 311.712
90.2126, 311.713
90.2383, 311.716
90.2609, 311.719
90.271, 311.72
90.2836, 311.722
90.3332, 311.727
90.3726, 311.732
90.4122, 311.737
90.4291, 311.739
90.4521, 311.742
90.476, 311.744
90.5213, 311.75
90.5216, 311.75
90.5221, 311.75
90.5752, 311.756
90.5981, 311.759
90.6433, 311.764
90.6776, 311.769
90.6971, 311.771
90.7337, 311.775
90.7923, 311.783
90.7949, 311.783
90.8583, 311.791
90.8765, 311.793
90.8943, 311.795
90.8985, 311.796
90.9157, 311.798
90.9389, 311.801
90.9602, 311.803
90.9691, 311.804
91.0051, 311.809
91.015, 311.81
91.0553, 311.815
91.0974, 311.82
91.1232, 311.824
91.1285, 311.824
91.1748, 311.83
91.192, 311.832
91.2352, 311.838
91.292, 311.845
91.3064, 311.847
91.3462, 311.852
91.4099, 311.86
91.4504, 311.866
91.4582, 311.867
91.5162, 311.874
91.54, 311.877
91.5739, 311.882
91.5818, 311.883
91.5866, 311.883
91.6331, 311.89
91.6371, 311.89
91.6858, 311.897
91.6859, 311.897
91.6862, 311.897
91.6863, 311.897
91.7758, 311.909
91.784, 311.91
91.7901, 311.91
91.8368, 311.917
91.8505, 311.919
91.8935, 311.924
91.9195, 311.928
91.9383, 311.93
91.9684, 311.934
91.9817, 311.936
92.002, 311.939
92.0242, 311.942
92.0383, 311.944
92.0573, 311.947
92.1147, 311.955
92.1405, 311.958
92.1801, 311.964
92.2053, 311.967
92.2533, 311.974
92.2614, 311.975
92.2702, 311.976
92.2971, 311.98
92.3321, 311.985
92.3635, 311.989
92.3838, 311.992
92.4381, 312
92.4671, 312.004
92.4948, 312.008
92.5173, 312.011
92.5473, 312.015
92.5707, 312.019
92.5906, 312.022
92.6213, 312.026
92.6751, 312.034
92.6983, 312.037
92.7286, 312.042
92.7456, 312.044
92.763, 312.047
92.8039, 312.053
92.8082, 312.053
92.8314, 312.057
92.8375, 312.058
92.86, 312.061
92.8835, 312.064
92.8848, 312.065
92.9254, 312.071
92.9439, 312.073
92.9547, 312.075
92.9714, 312.077
92.9957, 312.081
93.0333, 312.087
93.059, 312.091
93.0816, 312.094
93.1011, 312.097
93.1114, 312.098
93.1578, 312.106
93.1684, 312.107
93.2177, 312.115
93.2411, 312.118
93.2586, 312.121
93.2774, 312.124
93.3051, 312.128
93.3492, 312.135
93.3542, 312.136
93.4053, 312.144
93.4114, 312.144
93.4439, 312.15
93.4539, 312.151
93.4609, 312.152
93.492, 312.157
93.5221, 312.162
93.5247, 312.162
93.5677, 312.169
93.571, 312.169
93.6087, 312.175
93.634, 312.179
93.6455, 312.181
93.6833, 312.187
93.6915, 312.189
93.7038, 312.191
93.7319, 312.195
93.7411, 312.197
93.7751, 312.202
93.7768, 312.202
93.7776, 312.202
93.825, 312.21
93.8355, 312.212
93.8761, 312.218
93.892, 312.221
93.9371, 312.228
93.9437, 312.229
93.9708, 312.234
93.9944, 312.238
94.0389, 312.245
94.0518, 312.247
94.0881, 312.253
94.1286, 312.26
94.1928, 312.271
94.1936, 312.271
94.1986, 312.272
94.241, 312.279
94.2526, 312.281
94.2788, 312.285
94.2872, 312.286
94.2977, 312.288
94.3171, 312.291
94.3265, 312.293
94.3789, 312.302
94.387, 312.303
94.4181, 312.309
94.428, 312.31
94.4319, 312.311
94.4968, 312.322
94.5475, 312.331
94.5756, 312.336
94.623, 312.344
94.627, 312.345
94.691, 312.356
94.6948, 312.357
94.6949, 312.357
94.6951, 312.357
94.6952, 312.357
94.7035, 312.358
94.7677, 312.37
94.7766, 312.371
94.8356, 312.382
94.9049, 312.394
94.9696, 312.406
94.9697, 312.406
94.9697, 312.406
94.9697, 312.406
95.0797, 312.426
95.1026, 312.43
95.1374, 312.436
95.1542, 312.439
95.1911, 312.446
95.2159, 312.451
95.2542, 312.458
95.3086, 312.468
95.3129, 312.469
95.3158, 312.469
95.3173, 312.469
95.3288, 312.472
95.3759, 312.48
95.4071, 312.486
95.423, 312.489
95.4442, 312.493
95.4625, 312.497
95.4702, 312.498
95.514, 312.507
95.5198, 312.508
95.5636, 312.516
95.5647, 312.516
95.5673, 312.517
95.626, 312.528
95.6635, 312.535
95.6801, 312.539
95.7221, 312.547
95.7723, 312.556
95.7891, 312.56
95.8085, 312.564
95.8216, 312.566
95.8536, 312.572
95.8774, 312.577
95.8984, 312.581
95.9, 312.582
95.9355, 312.589
95.9555, 312.593
96.0019, 312.602
96.0209, 312.606
96.0528, 312.612
96.072, 312.616
96.0815, 312.618
96.1006, 312.622
96.1244, 312.627
96.1668, 312.635
96.1738, 312.637
96.2262, 312.647
96.244, 312.651
96.2732, 312.657
96.3063, 312.664
96.3492, 312.673
96.366, 312.676
96.3706, 312.677
96.3821, 312.679
96.4347, 312.69
96.4689, 312.698
96.4927, 312.703
96.5334, 312.711
96.5427, 312.713
96.5696, 312.719
96.5807, 312.721
96.606, 312.727
96.6064, 312.727
96.6451, 312.735
96.6799, 312.742
96.6851, 312.744
96.6901, 312.745
96.7537, 312.758
96.7684, 312.762
96.7763, 312.763
96.825, 312.774
96.8639, 312.782
96.8778, 312.785
96.9372, 312.798
96.9778, 312.807
97.0204, 312.817
97.0646, 312.827
97.0842, 312.831
97.1075, 312.836
97.1715, 312.851
97.1756, 312.852
97.2024, 312.858
97.23, 312.864
97.2409, 312.867
97.2731, 312.874
97.2986, 312.88
97.3111, 312.883
97.3235, 312.885
97.3522, 312.892
97.3987, 312.903
97.4273, 312.909
97.4447, 312.914
97.4584, 312.917
97.4741, 312.92
97.5055, 312.928
97.5139, 312.93
97.552, 312.939
97.5778, 312.945
97.5852, 312.947
97.6271, 312.956
97.6486, 312.962
97.6619, 312.965
97.6916, 312.972
97.7046, 312.975
97.7124, 312.977
97.7398, 312.983
97.7807, 312.993
97.7823, 312.994
97.7909, 312.996
97.8266, 313.005
97.8666, 313.014
97.9003, 313.022
97.9126, 313.026
97.9165, 313.026
97.9315, 313.03
97.9603, 313.037
98.0133, 313.05
98.0134, 313.05
98.0517, 313.06
98.0617, 313.062
98.083, 313.068
98.0913, 313.07
98.0933, 313.07
98.1388, 313.082
98.1632, 313.088
98.1923, 313.095
98.202, 313.098
98.2544, 313.111
98.2564, 313.112
98.2568, 313.112
98.2578, 313.112
98.316, 313.127
98.379, 313.143
98.4148, 313.152
98.4275, 313.156
98.434, 313.157
98.461, 313.164
98.4806, 313.17
98.4977, 313.174
98.544, 313.186
98.5572, 313.19
98.5849, 313.197
98.603, 313.202
98.6535, 313.215
98.6575, 313.216
98.693, 313.226
98.706, 313.229
98.7227, 313.234
98.7524, 313.242
98.787, 313.251
98.8263, 313.262
98.8339, 313.264
98.8373, 313.265
98.9022, 313.283
98.9141, 313.286
98.9567, 313.298
99.0113, 313.313
99.0249, 313.317
99.1036, 313.339
99.1082, 313.34
99.1123, 313.341
99.1743, 313.359
99.1814, 313.361
99.199, 313.366
99.2106, 313.369
99.2219, 313.373
99.2329, 313.376
99.2898, 313.392
99.3018, 313.396
99.3035, 313.396
99.3653, 313.414
99.3956, 313.423
99.4054, 313.426
99.4602, 313.442
99.5168, 313.459
99.531, 313.463
99.5549, 313.47
99.5655, 313.473
99.6009, 313.484
99.6589, 313.501
99.7221, 313.52
99.7316, 313.523
99.7338, 313.524
99.7419, 313.527
99.7921, 313.542
99.8139, 313.549
99.8421, 313.557
99.8646, 313.564
99.8811, 313.57
99.9359, 313.587
99.9522, 313.592
99.9866, 313.603
99.9958, 313.606
100.037, 313.619
100.053, 313.624
100.097, 313.638
100.108, 313.641
100.122, 313.646
100.144, 313.653
100.168, 313.661
100.189, 313.667
100.234, 313.682
100.276, 313.696
100.302, 313.704
100.317, 313.709
100.336, 313.716
100.407, 313.739
100.444, 313.752
100.483, 313.765
100.545, 313.786
100.548, 313.787
100.553, 313.789
100.597, 313.804
100.618, 313.811
100.66, 313.826
100.671, 313.83
100.696, 313.838
100.717, 313.846
100.766, 313.863
100.786, 313.87
100.805, 313.877
100.84, 313.889
100.888, 313.906
100.888, 313.906
100.927, 313.92
100.944, 313.926
101.022, 313.955
101.027, 313.957
101.033, 313.959
101.065, 313.971
101.07, 313.973
101.12, 313.991
101.128, 313.994
101.178, 314.013
101.178, 314.013
101.178, 314.013
101.181, 314.014
101.285, 314.053
101.318, 314.066
101.347, 314.077
101.392, 314.095
101.424, 314.107
101.459, 314.121
101.486, 314.132
101.497, 314.136
101.541, 314.153
101.546, 314.155
101.55, 314.157
101.59, 314.173
101.603, 314.178
101.637, 314.192
101.665, 314.203
101.691, 314.214
101.72, 314.226
101.728, 314.229
101.742, 314.235
101.803, 314.26
101.808, 314.262
101.811, 314.264
101.851, 314.28
101.861, 314.285
101.895, 314.299
101.908, 314.305
101.939, 314.318
101.969, 314.331
102.005, 314.346
102.017, 314.352
102.071, 314.375
102.081, 314.379
102.129, 314.401
102.151, 314.41
102.174, 314.42
102.196, 314.43
102.213, 314.438
102.244, 314.452
102.276, 314.466
102.283, 314.47
102.29, 314.473
102.328, 314.49
102.37, 314.51
102.379, 314.514
102.432, 314.539
102.457, 314.551
102.476, 314.56
102.524, 314.583
102.542, 314.592
102.589, 314.614
102.599, 314.619
102.632, 314.636
102.65, 314.644
102.689, 314.664
102.695, 314.667
102.725, 314.682
102.758, 314.698
102.771, 314.705
102.78, 314.71
102.823, 314.732
102.851, 314.746
102.887, 314.765
102.887, 314.765
102.888, 314.765
102.933, 314.789
102.941, 314.793
102.975, 314.811
103, 314.824
103.018, 314.835
103.065, 314.86
103.076, 314.866
103.085, 314.871
103.124, 314.892
103.191, 314.93
103.194, 314.932
103.208, 314.939
103.235, 314.955
103.242, 314.959
103.282, 314.982
103.348, 315.02
103.369, 315.033
103.39, 315.045
103.431, 315.07
103.439, 315.075
103.466, 315.091
103.492, 315.107
103.506, 315.116
103.562, 315.15
103.625, 315.191
103.649, 315.206
103.663, 315.215
103.69, 315.233
103.718, 315.251
103.752, 315.274
103.778, 315.291
103.823, 315.322
103.842, 315.335
103.855, 315.344
103.896, 315.373
103.906, 315.38
103.935, 315.401
103.964, 315.421
104.033, 315.473
104.075, 315.503
104.078, 315.506
104.081, 315.508
104.148, 315.56
104.161, 315.569
104.173, 315.579
104.207, 315.606
104.233, 315.627
104.259, 315.648
104.283, 315.667
104.299, 315.681
104.371, 315.742
104.378, 315.748
104.406, 315.773
104.411, 315.778
104.45, 315.812
104.465, 315.826
104.518, 315.875
104.538, 315.894
104.561, 315.916
104.612, 315.966
104.619, 315.973
104.696, 316.051
104.722, 316.078
104.758, 316.116
104.769, 316.128
104.809, 316.173
104.834, 316.2
104.859, 316.23
104.888, 316.265
104.906, 316.286
104.91, 316.291
104.916, 316.298
104.955, 316.347
104.964, 316.359
105.004, 316.41
105.019, 316.428
105.032, 316.446
105.059, 316.485
105.065, 316.494
105.107, 316.553
105.114, 316.563
105.115, 316.564
105.154, 316.624
105.165, 316.64
105.216, 316.722
105.247, 316.774
105.267, 316.807
105.274, 316.82
105.345, 316.952
105.369, 316.997
105.398, 317.06
105.4, 317.063
105.405, 317.073
105.465, 317.219
105.478, 317.252
105.507, 317.316
105.534, 317.39
105.545, 317.423
105.612, 317.623
105.627, 317.669
105.665, 317.818
105.669, 317.836
105.725, 318.048
105.726, 318.049
105.806, 318.544
105.826, 318.651
105.85, 318.896
105.869, 319.029
105.878, 319.104
105.893, 319.168
105.93, 319.316
105.961, 319.418
105.972, 319.434
106.012, 319.498
106.013, 319.498
106.015, 319.492
106.05, 319.406
106.065, 319.378
106.092, 319.29
106.129, 319.059
106.131, 319.048
106.137, 319.019
106.196, 318.671
106.206, 318.622
106.26, 318.269
106.31, 318.068
106.35, 317.904
106.372, 317.835
106.409, 317.745
106.438, 317.666
106.48, 317.552
106.498, 317.514
106.513, 317.481
106.552, 317.405
106.563, 317.382
106.584, 317.345
106.619, 317.288
106.664, 317.213
106.675, 317.198
106.696, 317.167
106.731, 317.118
106.755, 317.084
106.807, 317.02
106.807, 317.019
106.835, 316.987
106.866, 316.953
106.875, 316.943
106.907, 316.908
106.914, 316.901
106.939, 316.877
106.982, 316.835
106.994, 316.823
107.024, 316.796
107.028, 316.793
107.107, 316.728
107.117, 316.719
107.123, 316.714
107.182, 316.67
107.183, 316.67
107.191, 316.664
107.228, 316.637
107.23, 316.635
107.234, 316.633
107.335, 316.567
107.337, 316.566
107.384, 316.537
107.403, 316.526
107.413, 316.52
107.424, 316.514
107.463, 316.493
107.497, 316.475
107.539, 316.453
107.555, 316.445
107.557, 316.444
107.57, 316.438
107.619, 316.414
107.642, 316.404
107.651, 316.4
107.669, 316.391
107.697, 316.379
107.706, 316.375
107.778, 316.345
107.779, 316.345
107.779, 316.345
107.841, 316.32
107.855, 316.315
107.906, 316.296
107.916, 316.293
107.947, 316.282
107.963, 316.276
107.974, 316.273
108.007, 316.262
108.019, 316.258
108.031, 316.254
108.083, 316.237
108.127, 316.224
108.148, 316.218
108.175, 316.21
108.192, 316.205
108.224, 316.196
108.235, 316.193
108.267, 316.185
108.276, 316.182
108.295, 316.178
108.348, 316.164
108.357, 316.162
108.401, 316.151
108.434, 316.144
108.5, 316.128
108.502, 316.128
108.535, 316.121
108.564, 316.115
108.572, 316.114
108.612, 316.106
108.635, 316.101
108.673, 316.094
108.679, 316.093
108.714, 316.086
108.731, 316.083
108.772, 316.076
108.775, 316.076
108.776, 316.075
108.801, 316.071
108.826, 316.067
108.859, 316.062
108.906, 316.055
108.909, 316.054
108.91, 316.054
108.979, 316.044
108.983, 316.044
109.022, 316.038
109.047, 316.035
109.065, 316.033
109.096, 316.029
109.113, 316.027
109.122, 316.026
109.165, 316.021
109.179, 316.019
109.233, 316.013
109.261, 316.01
109.264, 316.01
109.268, 316.01
109.309, 316.006
109.332, 316.003
109.377, 316
109.39, 315.998
109.398, 315.998
109.421, 315.996
109.44, 315.994
109.442, 315.994
109.447, 315.994
109.455, 315.993
109.523, 315.988
109.558, 315.986
109.594, 315.984
109.596, 315.983
109.615, 315.982
109.65, 315.98
109.66, 315.98
109.671, 315.979
109.709, 315.977
109.752, 315.975
109.755, 315.975
109.772, 315.975
109.796, 315.974
109.799, 315.974
109.832, 315.973
109.836, 315.973
109.896, 315.971
109.933, 315.971
109.954, 315.97
110, 315.97
110.156, 315.895
110.249, 315.859
110.288, 315.84
110.379, 315.811
110.521, 315.755
110.638, 315.736
110.802, 315.711
111, 315.674


