X,T
2.64698e-17, 310.15
0.408211, 310.15
0.413888, 310.15
0.436272, 310.15
0.543763, 310.15
0.550353, 310.15
0.683195, 310.15
1.02372, 310.15
1.32469, 310.15
1.5473, 310.15
2.01328, 310.15
2.04474, 310.15
2.20296, 310.15
2.22574, 310.15
2.33151, 310.15
2.94903, 310.15
3.06938, 310.15
3.25535, 310.15
3.38867, 310.15
3.75239, 310.15
4.0802, 310.15
4.1303, 310.15
4.22192, 310.15
4.44732, 310.15
4.78723, 310.15
5.08277, 310.15
5.296, 310.15
5.58011, 310.15
5.66305, 310.15
6.27218, 310.15
6.4558, 310.15
6.4929, 310.15
6.55661, 310.15
6.69945, 310.15
7.12967, 310.15
7.2544, 310.15
7.56998, 310.15
7.76618, 310.15
7.90373, 310.15
8.06503, 310.15
8.48283, 310.15
8.6519, 310.15
8.82698, 310.15
9.15647, 310.15
9.28235, 310.15
9.78779, 310.15
9.85919, 310.15
10.024, 310.15
10.0986, 310.15
10.3599, 310.15
10.4731, 310.15
10.7345, 310.15
11.3822, 310.15
11.3994, 310.15
11.434, 310.15
11.5279, 310.15
11.5651, 310.15
11.7412, 310.15
12.1595, 310.15
12.249, 310.15
12.4105, 310.15
12.7062, 310.15
12.8371, 310.15
12.8623, 310.15
12.9896, 310.15
13.3058, 310.15
13.6278, 310.15
13.7848, 310.15
14.0934, 310.15
14.6225, 310.15
14.7041, 310.15
14.7525, 310.15
14.7585, 310.15
14.7635, 310.15
14.7812, 310.15
15.1199, 310.15
15.5151, 310.15
15.7695, 310.15
15.9655, 310.15
16.182, 310.15
16.2751, 310.15
16.5094, 310.15
16.8395, 310.15
16.9397, 310.15
17.133, 310.15
17.2385, 310.15
17.6621, 310.15
17.9091, 310.15
18.2424, 310.15
18.4044, 310.15
18.6456, 310.15
19.0361, 310.15
19.2058, 310.15
19.3658, 310.15
19.399, 310.15
19.4497, 310.15
20.0362, 310.15
20.1718, 310.15
20.1881, 310.15
20.4618, 310.15
20.5965, 310.15
20.8689, 310.15
21.3503, 310.15
21.3699, 310.15
21.6542, 310.15
22.0504, 310.15
22.0605, 310.15
22.0666, 310.15
22.3303, 310.15
22.341, 310.15
22.3751, 310.15
22.8233, 310.15
22.986, 310.15
23.3423, 310.15
23.4795, 310.15
23.8936, 310.15
24.195, 310.15
24.2023, 310.15
24.3135, 310.15
24.3714, 310.15
24.3729, 310.15
24.4895, 310.15
24.9026, 310.15
24.9761, 310.15
25.0834, 310.15
25.3735, 310.15
25.6209, 310.15
25.7647, 310.15
25.8583, 310.15
25.9608, 310.15
26.0389, 310.15
26.1466, 310.15
26.3096, 310.15
26.698, 310.15
26.7438, 310.15
27.3156, 310.15
27.3182, 310.15
27.3209, 310.15
27.8235, 310.15
27.9359, 310.15
28.1537, 310.15
28.2877, 310.15
28.4103, 310.15
28.6342, 310.15
28.8341, 310.15
29.0442, 310.15
29.2348, 310.15
29.379, 310.15
29.5742, 310.15
29.7388, 310.15
29.949, 310.15
30.04, 310.15
30.1186, 310.15
30.4099, 310.15
30.5675, 310.15
30.8289, 310.15
31.1072, 310.15
31.3499, 310.15
31.7508, 310.15
31.8351, 310.15
31.8808, 310.15
31.9587, 310.15
32.0133, 310.15
32.0419, 310.15
32.0882, 310.15
32.5368, 310.15
32.7921, 310.15
32.9531, 310.15
33.2462, 310.15
33.3608, 310.15
33.8633, 310.15
33.9657, 310.15
34.1016, 310.15
34.3006, 310.15
34.3818, 310.15
34.5267, 310.15
34.6535, 310.15
35.0179, 310.15
35.1556, 310.15
35.2058, 310.15
35.2645, 310.15
35.441, 310.15
35.5564, 310.15
35.8267, 310.15
35.9819, 310.15
36.07, 310.15
36.697, 310.15
36.812, 310.15
36.9797, 310.15
37.2601, 310.15
37.5376, 310.15
37.7534, 310.15
38.1598, 310.151
38.4672, 310.151
38.4817, 310.151
38.6263, 310.151
38.796, 310.151
39.0068, 310.151
39.2496, 310.151
39.4952, 310.151
39.8982, 310.151
39.9158, 310.151
39.9526, 310.151
40.1981, 310.151
40.441, 310.151
40.5659, 310.151
40.6765, 310.151
40.8879, 310.151
41.1779, 310.151
41.3266, 310.151
41.4335, 310.151
41.4392, 310.151
41.5875, 310.151
41.9471, 310.151
42.3837, 310.151
42.4069, 310.151
43.1913, 310.152
43.1933, 310.152
43.3007, 310.152
43.3239, 310.152
43.417, 310.152
43.4805, 310.152
43.698, 310.152
44.1081, 310.152
44.1563, 310.152
44.7525, 310.152
44.7596, 310.152
44.8531, 310.152
44.871, 310.152
44.9542, 310.152
45.1215, 310.152
45.6841, 310.153
45.7845, 310.153
46.1446, 310.153
46.1913, 310.153
46.4162, 310.153
46.5975, 310.154
47.3031, 310.154
47.3678, 310.155
47.4939, 310.155
47.6945, 310.155
47.7956, 310.155
48.0525, 310.156
48.254, 310.156
48.5939, 310.157
48.8218, 310.157
48.9921, 310.157
49.0596, 310.158
49.2309, 310.158
49.4018, 310.158
50.0001, 310.16
50.0779, 310.16
50.3161, 310.161
50.3624, 310.161
50.7299, 310.163
50.8694, 310.163
51.4268, 310.166
51.4853, 310.166
51.7513, 310.168
52.075, 310.17
52.1698, 310.171
52.5046, 310.173
52.5595, 310.173
52.6267, 310.174
53.0648, 310.177
53.3008, 310.18
53.7155, 310.185
53.9619, 310.187
53.9718, 310.187
54.0539, 310.188
54.1637, 310.19
54.2529, 310.192
54.7125, 310.198
54.8185, 310.2
55.1088, 310.205
55.2606, 310.208
55.3187, 310.209
55.8726, 310.223
56.1036, 310.228
56.2007, 310.23
56.2141, 310.231
56.8697, 310.253
56.9042, 310.254
56.9174, 310.255
56.967, 310.257
56.9901, 310.258
57.0454, 310.26
57.5534, 310.283
57.6393, 310.287
57.7337, 310.293
57.8206, 310.299
58, 310.313
58.0759, 310.313
58.1137, 310.313
58.159, 310.313
58.2099, 310.313
58.2239, 310.313
58.2358, 310.313
58.267, 310.313
58.3192, 310.313
58.3349, 310.313
58.3893, 310.313
58.3942, 310.313
58.4377, 310.313
58.4493, 310.313
58.4834, 310.313
58.5348, 310.314
58.536, 310.314
58.5799, 310.314
58.582, 310.314
58.6301, 310.314
58.661, 310.314
58.6806, 310.314
58.695, 310.314
58.7261, 310.314
58.7393, 310.314
58.8073, 310.314
58.8368, 310.314
58.8823, 310.314
58.9027, 310.314
58.9471, 310.314
58.9528, 310.314
58.9587, 310.314
59.0247, 310.315
59.0702, 310.315
59.0989, 310.315
59.14, 310.315
59.1677, 310.315
59.1876, 310.315
59.2341, 310.315
59.2636, 310.315
59.2983, 310.315
59.3403, 310.315
59.3445, 310.315
59.394, 310.315
59.3966, 310.315
59.4777, 310.315
59.49, 310.316
59.5335, 310.316
59.5757, 310.316
59.5936, 310.316
59.649, 310.316
59.6649, 310.316
59.7026, 310.316
59.7112, 310.316
59.7382, 310.316
59.7673, 310.316
59.7758, 310.316
59.8218, 310.316
59.8416, 310.316
59.8834, 310.316
59.8975, 310.316
59.9348, 310.316
59.9653, 310.316
60.0093, 310.317
60.0362, 310.317
60.0718, 310.317
60.0997, 310.317
60.107, 310.317
60.1107, 310.317
60.1491, 310.317
60.1627, 310.317
60.1812, 310.317
60.2212, 310.317
60.2212, 310.317
60.2595, 310.317
60.2832, 310.317
60.2918, 310.317
60.3015, 310.317
60.3358, 310.317
60.3778, 310.317
60.38, 310.317
60.4219, 310.317
60.4685, 310.317
60.4755, 310.317
60.4843, 310.317
60.5118, 310.317
60.5622, 310.318
60.5639, 310.318
60.5703, 310.318
60.617, 310.318
60.636, 310.318
60.6422, 310.318
60.6628, 310.318
60.6788, 310.318
60.7194, 310.318
60.7402, 310.318
60.7589, 310.318
60.7668, 310.318
60.7766, 310.318
60.8017, 310.318
60.8125, 310.318
60.8371, 310.318
60.8794, 310.318
60.8799, 310.318
60.8896, 310.318
60.9487, 310.318
60.9577, 310.318
61.004, 310.318
61.0542, 310.318
61.0727, 310.318
61.1068, 310.318
61.1095, 310.318
61.1115, 310.318
61.153, 310.319
61.1919, 310.319
61.2319, 310.319
61.2436, 310.319
61.2716, 310.319
61.3159, 310.319
61.3375, 310.319
61.3388, 310.319
61.3426, 310.319
61.3898, 310.319
61.4526, 310.319
61.4772, 310.319
61.5117, 310.319
61.5499, 310.319
61.5696, 310.319
61.6187, 310.319
61.6413, 310.319
61.6641, 310.319
61.7118, 310.319
61.7437, 310.319
61.7598, 310.319
61.8084, 310.32
61.8463, 310.32
61.859, 310.32
61.8877, 310.32
61.9083, 310.32
61.9194, 310.32
61.9689, 310.32
61.9817, 310.32
62.0342, 310.32
62.0487, 310.32
62.0817, 310.32
62.1251, 310.32
62.1303, 310.32
62.1489, 310.32
62.1732, 310.32
62.1871, 310.32
62.251, 310.32
62.301, 310.32
62.3121, 310.32
62.344, 310.32
62.3705, 310.32
62.4127, 310.32
62.4231, 310.32
62.446, 310.32
62.499, 310.321
62.5202, 310.321
62.5495, 310.321
62.5884, 310.321
62.5983, 310.321
62.6003, 310.321
62.6209, 310.321
62.6424, 310.321
62.6566, 310.321
62.6947, 310.321
62.7243, 310.321
62.7512, 310.321
62.7818, 310.321
62.8465, 310.321
62.861, 310.321
62.8983, 310.321
62.9105, 310.321
62.969, 310.321
63.0084, 310.321
63.0128, 310.321
63.0156, 310.321
63.0529, 310.321
63.0678, 310.321
63.1057, 310.321
63.122, 310.321
63.1473, 310.321
63.1584, 310.321
63.1779, 310.321
63.2114, 310.321
63.2282, 310.321
63.2532, 310.321
63.2653, 310.321
63.277, 310.321
63.2991, 310.321
63.3292, 310.321
63.3383, 310.321
63.3882, 310.322
63.4137, 310.322
63.4254, 310.322
63.4888, 310.322
63.5326, 310.322
63.5394, 310.322
63.5412, 310.322
63.5436, 310.322
63.6057, 310.322
63.635, 310.322
63.6427, 310.322
63.6573, 310.322
63.6984, 310.322
63.7337, 310.322
63.7469, 310.322
63.7906, 310.322
63.8212, 310.322
63.8245, 310.322
63.8285, 310.322
63.8632, 310.322
63.872, 310.322
63.9206, 310.322
63.9466, 310.322
63.9605, 310.322
63.9685, 310.322
63.9817, 310.322
64.0474, 310.322
64.0633, 310.322
64.1046, 310.322
64.1128, 310.322
64.1321, 310.322
64.1552, 310.322
64.1857, 310.322
64.1983, 310.322
64.2156, 310.322
64.2309, 310.322
64.2582, 310.322
64.2837, 310.322
64.3067, 310.322
64.3231, 310.322
64.3497, 310.322
64.3926, 310.323
64.4354, 310.323
64.4388, 310.323
64.447, 310.323
64.4804, 310.323
64.4931, 310.323
64.5451, 310.323
64.58, 310.323
64.6123, 310.323
64.6476, 310.323
64.6659, 310.323
64.7119, 310.323
64.7341, 310.323
64.808, 310.323
64.8206, 310.323
64.8594, 310.323
64.8711, 310.323
64.9459, 310.323
64.9587, 310.323
64.9891, 310.323
65.0097, 310.323
65.0223, 310.323
65.0658, 310.323
65.0916, 310.323
65.0971, 310.323
65.1284, 310.323
65.1363, 310.323
65.2009, 310.323
65.2029, 310.323
65.2665, 310.323
65.2895, 310.323
65.3073, 310.323
65.3216, 310.323
65.3413, 310.323
65.3666, 310.323
65.3811, 310.323
65.4125, 310.323
65.4428, 310.323
65.4706, 310.323
65.5314, 310.323
65.5361, 310.323
65.582, 310.323
65.6006, 310.323
65.6162, 310.323
65.639, 310.323
65.6676, 310.323
65.7073, 310.323
65.7248, 310.323
65.7674, 310.323
65.7737, 310.323
65.7887, 310.324
65.8187, 310.324
65.8423, 310.324
65.8645, 310.324
65.9395, 310.324
65.9556, 310.324
65.9987, 310.324
66.0071, 310.324
66.0198, 310.324
66.0476, 310.324
66.0598, 310.324
66.097, 310.324
66.1292, 310.324
66.1576, 310.324
66.1889, 310.324
66.2169, 310.324
66.2257, 310.324
66.26, 310.324
66.2995, 310.324
66.3045, 310.324
66.3207, 310.324
66.3467, 310.324
66.3592, 310.324
66.4002, 310.324
66.4024, 310.324
66.4081, 310.324
66.4436, 310.324
66.4576, 310.324
66.468, 310.324
66.5076, 310.324
66.5292, 310.324
66.5583, 310.324
66.5675, 310.324
66.6375, 310.324
66.661, 310.324
66.6679, 310.324
66.7086, 310.324
66.7098, 310.324
66.7111, 310.324
66.7494, 310.324
66.7791, 310.324
66.7874, 310.324
66.7905, 310.324
66.8312, 310.324
66.8465, 310.324
66.8876, 310.324
66.8936, 310.324
66.8955, 310.324
66.943, 310.324
66.9566, 310.324
67.011, 310.324
67.0762, 310.324
67.0765, 310.324
67.0765, 310.324
67.0765, 310.324
67.0766, 310.324
67.1192, 310.324
67.1744, 310.324
67.1867, 310.324
67.2165, 310.324
67.254, 310.324
67.2632, 310.324
67.2743, 310.324
67.3164, 310.324
67.3326, 310.324
67.3643, 310.324
67.3701, 310.324
67.3863, 310.324
67.4258, 310.324
67.4325, 310.324
67.4413, 310.324
67.5382, 310.324
67.548, 310.324
67.5505, 310.324
67.558, 310.324
67.6099, 310.324
67.6401, 310.324
67.6801, 310.324
67.7055, 310.324
67.7355, 310.324
67.7548, 310.324
67.7771, 310.324
67.8061, 310.324
67.8161, 310.324
67.831, 310.324
67.8443, 310.324
67.8464, 310.324
67.8849, 310.324
67.8897, 310.324
67.9273, 310.324
67.9371, 310.324
67.9699, 310.324
67.994, 310.324
68.0225, 310.324
68.0665, 310.324
68.0924, 310.324
68.1339, 310.324
68.1507, 310.324
68.1799, 310.324
68.2265, 310.324
68.2397, 310.324
68.2748, 310.324
68.2818, 310.324
68.2986, 310.324
68.3444, 310.324
68.3732, 310.324
68.3992, 310.324
68.4552, 310.324
68.4698, 310.325
68.5041, 310.325
68.5068, 310.325
68.5157, 310.325
68.5619, 310.325
68.6019, 310.325
68.611, 310.325
68.6229, 310.325
68.6677, 310.325
68.7074, 310.325
68.7257, 310.325
68.7509, 310.325
68.7773, 310.325
68.786, 310.325
68.8197, 310.325
68.8451, 310.325
68.9116, 310.325
68.9374, 310.325
68.9651, 310.325
69.0184, 310.325
69.0323, 310.325
69.0897, 310.325
69.1175, 310.325
69.1839, 310.325
69.204, 310.325
69.276, 310.325
69.2919, 310.325
69.3083, 310.325
69.3301, 310.325
69.3604, 310.325
69.4063, 310.325
69.4115, 310.325
69.4151, 310.325
69.4214, 310.325
69.4453, 310.325
69.4933, 310.325
69.4984, 310.325
69.5191, 310.325
69.5462, 310.325
69.5709, 310.325
69.6167, 310.325
69.6328, 310.325
69.6475, 310.325
69.6653, 310.325
69.7009, 310.325
69.7305, 310.325
69.734, 310.325
69.7373, 310.325
69.7943, 310.325
69.8522, 310.325
69.8724, 310.325
69.8982, 310.325
69.939, 310.325
69.9546, 310.325
69.999, 310.325
70.0322, 310.325
70.0454, 310.325
70.0896, 310.325
70.1088, 310.325
70.1415, 310.325
70.1851, 310.325
70.2027, 310.325
70.2281, 310.325
70.2399, 310.325
70.2764, 310.325
70.2851, 310.325
70.3393, 310.325
70.3449, 310.325
70.3872, 310.325
70.3998, 310.325
70.4364, 310.325
70.4637, 310.325
70.4732, 310.325
70.4766, 310.325
70.4814, 310.325
70.5334, 310.325
70.5342, 310.325
70.5565, 310.325
70.5955, 310.325
70.6104, 310.325
70.6218, 310.325
70.6422, 310.325
70.6616, 310.325
70.6763, 310.325
70.6987, 310.325
70.7221, 310.325
70.7544, 310.325
70.7891, 310.325
70.8417, 310.325
70.874, 310.325
70.8963, 310.325
70.9229, 310.325
70.9563, 310.325
70.977, 310.325
71.0157, 310.325
71.0652, 310.325
71.0715, 310.325
71.1274, 310.325
71.1493, 310.325
71.1673, 310.325
71.1969, 310.325
71.2074, 310.325
71.2186, 310.325
71.2451, 310.325
71.2675, 310.325
71.3414, 310.325
71.3473, 310.325
71.3495, 310.325
71.4038, 310.325
71.4498, 310.325
71.463, 310.325
71.5145, 310.325
71.5413, 310.325
71.5622, 310.325
71.592, 310.324
71.6121, 310.324
71.6612, 310.324
71.6717, 310.324
71.6781, 310.324
71.728, 310.324
71.7427, 310.324
71.7638, 310.324
71.7939, 310.324
71.8254, 310.324
71.8917, 310.324
71.9525, 310.324
71.9535, 310.324
71.9558, 310.324
72.0079, 310.324
72.0697, 310.324
72.0913, 310.324
72.1115, 310.324
72.1189, 310.324
72.1401, 310.324
72.1936, 310.324
72.2248, 310.324
72.2403, 310.324
72.2767, 310.324
72.317, 310.324
72.3172, 310.324
72.372, 310.324
72.3757, 310.324
72.3788, 310.324
72.4179, 310.324
72.451, 310.324
72.4667, 310.324
72.5053, 310.324
72.5209, 310.324
72.5467, 310.324
72.5825, 310.324
72.5865, 310.324
72.5889, 310.324
72.6667, 310.324
72.6904, 310.324
72.712, 310.324
72.7224, 310.324
72.7339, 310.324
72.7512, 310.324
72.7667, 310.324
72.7752, 310.324
72.8029, 310.324
72.8191, 310.324
72.8699, 310.324
72.8732, 310.324
72.877, 310.324
72.9352, 310.324
72.9534, 310.324
72.981, 310.324
73.0008, 310.324
73.0081, 310.324
73.0614, 310.324
73.0659, 310.324
73.1099, 310.324
73.1199, 310.324
73.1313, 310.324
73.1468, 310.324
73.175, 310.324
73.2103, 310.324
73.2269, 310.324
73.2393, 310.324
73.2748, 310.324
73.277, 310.324
73.3155, 310.324
73.3201, 310.324
73.3556, 310.324
73.3644, 310.324
73.3859, 310.324
73.4037, 310.324
73.4592, 310.324
73.4647, 310.324
73.5251, 310.324
73.5354, 310.324
73.5661, 310.324
73.5864, 310.324
73.6392, 310.324
73.6495, 310.324
73.6556, 310.324
73.6946, 310.324
73.7037, 310.324
73.737, 310.324
73.759, 310.324
73.7747, 310.324
73.8052, 310.324
73.8335, 310.324
73.8569, 310.324
73.9101, 310.324
73.9647, 310.324
73.9733, 310.324
73.9757, 310.324
73.9851, 310.324
74.0127, 310.324
74.0194, 310.324
74.028, 310.324
74.0503, 310.324
74.0855, 310.324
74.1095, 310.324
74.1396, 310.324
74.1561, 310.324
74.1587, 310.324
74.1614, 310.324
74.177, 310.324
74.2212, 310.324
74.2629, 310.324
74.2761, 310.324
74.2856, 310.324
74.3167, 310.324
74.3396, 310.324
74.3528, 310.324
74.3789, 310.324
74.4147, 310.324
74.4171, 310.324
74.4225, 310.324
74.4691, 310.324
74.5171, 310.324
74.5395, 310.324
74.5397, 310.324
74.6254, 310.324
74.6298, 310.324
74.6405, 310.324
74.695, 310.324
74.7218, 310.324
74.7647, 310.324
74.7667, 310.324
74.8214, 310.324
74.8486, 310.324
74.885, 310.324
74.8968, 310.324
74.9126, 310.324
74.9435, 310.324
74.9608, 310.324
74.9859, 310.323
74.9865, 310.323
75.0295, 310.323
75.066, 310.323
75.0783, 310.323
75.0868, 310.323
75.1299, 310.323
75.1757, 310.323
75.1987, 310.323
75.2117, 310.323
75.2342, 310.323
75.2882, 310.323
75.3408, 310.323
75.3719, 310.323
75.3815, 310.323
75.4165, 310.323
75.4454, 310.323
75.4641, 310.323
75.4724, 310.323
75.4859, 310.323
75.4947, 310.323
75.5982, 310.323
75.6068, 310.323
75.6197, 310.323
75.6519, 310.323
75.6735, 310.323
75.706, 310.323
75.7507, 310.323
75.7663, 310.323
75.8217, 310.323
75.8546, 310.323
75.8842, 310.323
75.9217, 310.323
75.9403, 310.323
75.9702, 310.323
76.0003, 310.323
76.0147, 310.323
76.0546, 310.323
76.0693, 310.323
76.1111, 310.323
76.1578, 310.323
76.1778, 310.323
76.1807, 310.323
76.2206, 310.323
76.2349, 310.323
76.2373, 310.323
76.2923, 310.323
76.3217, 310.323
76.3485, 310.323
76.3727, 310.323
76.432, 310.323
76.4361, 310.323
76.4428, 310.323
76.4888, 310.323
76.5602, 310.323
76.5819, 310.323
76.6085, 310.323
76.6598, 310.323
76.7075, 310.323
76.7121, 310.323
76.7162, 310.323
76.7628, 310.323
76.7654, 310.323
76.8494, 310.323
76.8644, 310.323
76.8694, 310.323
76.9253, 310.323
76.9514, 310.323
76.9937, 310.323
76.997, 310.323
77.0044, 310.323
77.0387, 310.323
77.0466, 310.323
77.09, 310.322
77.0937, 310.322
77.1304, 310.322
77.1391, 310.322
77.1658, 310.322
77.1713, 310.322
77.2413, 310.322
77.2574, 310.322
77.2707, 310.322
77.2864, 310.322
77.3126, 310.322
77.3409, 310.322
77.3774, 310.322
77.388, 310.322
77.3964, 310.322
77.4694, 310.322
77.4855, 310.322
77.5304, 310.322
77.5545, 310.322
77.5813, 310.322
77.5972, 310.322
77.6042, 310.322
77.616, 310.322
77.6557, 310.322
77.6617, 310.322
77.6828, 310.322
77.6991, 310.322
77.7298, 310.322
77.7372, 310.322
77.7893, 310.322
77.8171, 310.322
77.8339, 310.322
77.8734, 310.322
77.8782, 310.322
77.8834, 310.322
77.8926, 310.322
77.9481, 310.322
77.9635, 310.322
77.9807, 310.322
77.9945, 310.322
78.0084, 310.322
78.0237, 310.322
78.0371, 310.322
78.0782, 310.322
78.098, 310.322
78.1402, 310.322
78.1404, 310.322
78.1924, 310.322
78.2233, 310.322
78.2325, 310.322
78.256, 310.322
78.2644, 310.322
78.2669, 310.322
78.3078, 310.322
78.3288, 310.322
78.3564, 310.322
78.3875, 310.322
78.4206, 310.322
78.448, 310.322
78.4806, 310.322
78.4967, 310.322
78.5484, 310.322
78.5556, 310.322
78.5584, 310.322
78.5954, 310.322
78.6149, 310.322
78.6463, 310.322
78.6783, 310.322
78.7049, 310.322
78.717, 310.322
78.7512, 310.322
78.7893, 310.322
78.8052, 310.322
78.8361, 310.321
78.8541, 310.321
78.8932, 310.321
78.9236, 310.321
78.9479, 310.321
78.975, 310.321
78.9916, 310.321
79.0254, 310.321
79.0595, 310.321
79.0741, 310.321
79.118, 310.321
79.1245, 310.321
79.1771, 310.321
79.2082, 310.321
79.2262, 310.321
79.273, 310.321
79.3002, 310.321
79.3141, 310.321
79.3463, 310.321
79.3681, 310.321
79.378, 310.321
79.4147, 310.321
79.4247, 310.321
79.4646, 310.321
79.4833, 310.321
79.5478, 310.321
79.586, 310.321
79.6114, 310.321
79.6248, 310.321
79.6609, 310.321
79.71, 310.321
79.7243, 310.321
79.7475, 310.321
79.7767, 310.321
79.8109, 310.321
79.8703, 310.321
79.9004, 310.321
79.9246, 310.321
79.9607, 310.321
80.0106, 310.321
80.0321, 310.321
80.0566, 310.321
80.0675, 310.321
80.0855, 310.321
80.1345, 310.321
80.1425, 310.321
80.1463, 310.321
80.2155, 310.321
80.2305, 310.321
80.2489, 310.321
80.2845, 310.321
80.2917, 310.321
80.305, 310.321
80.3277, 310.321
80.3344, 310.321
80.3785, 310.32
80.426, 310.32
80.429, 310.32
80.4314, 310.32
80.4726, 310.32
80.4758, 310.32
80.4897, 310.32
80.5519, 310.32
80.5775, 310.32
80.5994, 310.32
80.6316, 310.32
80.6502, 310.32
80.6854, 310.32
80.6994, 310.32
80.7457, 310.32
80.7725, 310.32
80.8046, 310.32
80.8505, 310.32
80.8821, 310.32
80.8931, 310.32
80.9083, 310.32
80.9415, 310.32
80.9798, 310.32
80.9828, 310.32
81.0251, 310.32
81.0328, 310.32
81.0695, 310.32
81.0811, 310.32
81.0937, 310.32
81.1138, 310.32
81.1466, 310.32
81.1663, 310.32
81.1675, 310.32
81.2183, 310.32
81.255, 310.32
81.2694, 310.32
81.3101, 310.32
81.3283, 310.32
81.353, 310.32
81.3826, 310.32
81.3961, 310.32
81.4395, 310.32
81.4846, 310.32
81.4928, 310.32
81.5392, 310.32
81.5702, 310.32
81.5831, 310.32
81.5865, 310.32
81.6325, 310.32
81.6393, 310.32
81.6427, 310.32
81.6751, 310.32
81.7016, 310.32
81.7452, 310.32
81.786, 310.319
81.7944, 310.319
81.8008, 310.319
81.8338, 310.319
81.8631, 310.319
81.911, 310.319
81.9272, 310.319
81.9488, 310.319
81.9793, 310.319
81.9977, 310.319
82.0015, 310.319
82.0103, 310.319
82.042, 310.319
82.0459, 310.319
82.063, 310.319
82.0811, 310.319
82.0859, 310.319
82.1197, 310.319
82.1595, 310.319
82.1617, 310.319
82.2067, 310.319
82.2162, 310.319
82.2533, 310.319
82.312, 310.319
82.3481, 310.319
82.3537, 310.319
82.3567, 310.319
82.4002, 310.319
82.4428, 310.319
82.4759, 310.319
82.4859, 310.319
82.5666, 310.319
82.6008, 310.319
82.6155, 310.319
82.652, 310.319
82.6619, 310.319
82.6678, 310.319
82.7305, 310.319
82.7343, 310.319
82.7715, 310.319
82.7876, 310.319
82.8245, 310.319
82.8517, 310.319
82.8691, 310.319
82.9221, 310.319
82.9463, 310.319
82.967, 310.319
82.9809, 310.319
83.0073, 310.319
83.0531, 310.319
83.0923, 310.319
83.0993, 310.318
83.1485, 310.318
83.1851, 310.318
83.1902, 310.318
83.1944, 310.318
83.2471, 310.318
83.2603, 310.318
83.3088, 310.318
83.3132, 310.318
83.3235, 310.318
83.3652, 310.318
83.4001, 310.318
83.41, 310.318
83.4182, 310.318
83.4422, 310.318
83.457, 310.318
83.5153, 310.318
83.5169, 310.318
83.5176, 310.318
83.5181, 310.318
83.5702, 310.318
83.5807, 310.318
83.6249, 310.318
83.6313, 310.318
83.6368, 310.318
83.6416, 310.318
83.697, 310.318
83.7557, 310.318
83.7572, 310.318
83.7583, 310.318
83.7694, 310.318
83.8082, 310.318
83.8235, 310.318
83.8686, 310.318
83.8981, 310.318
83.9022, 310.318
83.9523, 310.318
83.9574, 310.318
84.0189, 310.318
84.0507, 310.318
84.0747, 310.318
84.1039, 310.318
84.1208, 310.318
84.1773, 310.318
84.1872, 310.318
84.2106, 310.318
84.2223, 310.318
84.2535, 310.318
84.2713, 310.318
84.3091, 310.318
84.3649, 310.317
84.3726, 310.317
84.378, 310.317
84.3976, 310.317
84.4224, 310.317
84.4475, 310.317
84.5055, 310.317
84.5067, 310.317
84.5444, 310.317
84.5762, 310.317
84.5845, 310.317
84.6398, 310.317
84.6648, 310.317
84.6887, 310.317
84.74, 310.317
84.7705, 310.317
84.7788, 310.317
84.7887, 310.317
84.8044, 310.317
84.834, 310.317
84.8482, 310.317
84.856, 310.317
84.8726, 310.317
84.9264, 310.317
84.9383, 310.317
84.9872, 310.317
84.9915, 310.317
85.0703, 310.317
85.0801, 310.317
85.0824, 310.317
85.0852, 310.317
85.1419, 310.317
85.1531, 310.317
85.1941, 310.317
85.2235, 310.317
85.2436, 310.317
85.2662, 310.317
85.2972, 310.317
85.3174, 310.317
85.3658, 310.317
85.3927, 310.317
85.4374, 310.317
85.4445, 310.317
85.4799, 310.317
85.4834, 310.317
85.4838, 310.317
85.484, 310.317
85.5161, 310.316
85.5298, 310.316
85.5633, 310.316
85.5878, 310.316
85.6023, 310.316
85.6132, 310.316
85.6474, 310.316
85.6763, 310.316
85.6799, 310.316
85.7098, 310.316
85.7495, 310.316
85.7567, 310.316
85.7977, 310.316
85.821, 310.316
85.825, 310.316
85.8433, 310.316
85.8553, 310.316
85.8941, 310.316
85.9395, 310.316
85.9398, 310.316
85.9403, 310.316
85.9663, 310.316
85.987, 310.316
86.0192, 310.316
86.0537, 310.316
86.0874, 310.316
86.1262, 310.316
86.1488, 310.316
86.1624, 310.316
86.2209, 310.316
86.2441, 310.316
86.2692, 310.316
86.2843, 310.316
86.3388, 310.316
86.3463, 310.316
86.39, 310.316
86.4289, 310.316
86.472, 310.316
86.4824, 310.316
86.525, 310.316
86.5339, 310.316
86.5369, 310.316
86.5852, 310.316
86.6166, 310.316
86.6386, 310.315
86.6719, 310.315
86.6978, 310.315
86.7126, 310.315
86.7359, 310.315
86.7458, 310.315
86.7562, 310.315
86.7831, 310.315
86.8034, 310.315
86.8466, 310.315
86.8994, 310.315
86.9039, 310.315
86.9602, 310.315
86.9936, 310.315
87.008, 310.315
87.0355, 310.315
87.0761, 310.315
87.0924, 310.315
87.1035, 310.315
87.14, 310.315
87.1512, 310.315
87.1542, 310.315
87.168, 310.315
87.2093, 310.315
87.2459, 310.315
87.2662, 310.315
87.2836, 310.315
87.2847, 310.315
87.3523, 310.315
87.3681, 310.315
87.4031, 310.315
87.4441, 310.315
87.4618, 310.315
87.493, 310.315
87.5051, 310.315
87.5451, 310.315
87.562, 310.315
87.6044, 310.315
87.6064, 310.315
87.642, 310.315
87.665, 310.315
87.6828, 310.315
87.7249, 310.314
87.748, 310.314
87.7985, 310.314
87.8007, 310.314
87.8094, 310.314
87.8431, 310.314
87.8503, 310.314
87.8951, 310.314
87.9063, 310.314
87.926, 310.314
87.9375, 310.314
87.9746, 310.314
88.0061, 310.314
88.0125, 310.314
88.0482, 310.314
88.0684, 310.314
88.1319, 310.314
88.1669, 310.314
88.1848, 310.314
88.241, 310.314
88.2438, 310.314
88.272, 310.314
88.2898, 310.314
88.3059, 310.314
88.3224, 310.314
88.358, 310.314
88.3737, 310.314
88.4039, 310.314
88.4495, 310.314
88.4792, 310.314
88.4902, 310.314
88.4984, 310.314
88.5397, 310.314
88.5855, 310.314
88.6371, 310.314
88.641, 310.314
88.6926, 310.314
88.7137, 310.314
88.7816, 310.313
88.7853, 310.313
88.7872, 310.313
88.836, 310.313
88.8797, 310.313
88.9025, 310.313
88.9501, 310.313
88.9734, 310.313
89.0045, 310.313
89.0449, 310.313
89.0529, 310.313
89.0848, 310.313
89.1163, 310.313
89.1369, 310.313
89.1732, 310.313
89.1745, 310.313
89.2022, 310.313
89.2239, 310.313
89.2686, 310.313
89.269, 310.313
89.2907, 310.313
89.2926, 310.313
89.3453, 310.313
89.3483, 310.313
89.3497, 310.313
89.399, 310.313
89.4509, 310.313
89.4838, 310.313
89.5061, 310.313
89.5124, 310.313
89.5534, 310.313
89.5606, 310.313
89.6043, 310.313
89.6073, 310.313
89.6091, 310.313
89.6102, 310.313
89.6513, 310.313
89.7196, 310.313
89.7659, 310.312
89.7759, 310.312
89.8088, 310.312
89.8339, 310.312
89.8755, 310.312
89.8952, 310.312
89.8982, 310.312
89.9053, 310.312
89.9455, 310.312
89.9931, 310.312
90.0051, 310.312
90.0298, 310.312
90.0531, 310.312
90.0652, 310.312
90.0816, 310.312
90.1437, 310.312
90.1481, 310.312
90.1545, 310.312
90.1618, 310.312
90.2206, 310.312
90.2616, 310.312
90.2835, 310.312
90.326, 310.312
90.3796, 310.312
90.4112, 310.312
90.44, 310.312
90.4598, 310.312
90.4866, 310.312
90.4966, 310.312
90.514, 310.312
90.5478, 310.312
90.5549, 310.312
90.5605, 310.312
90.5976, 310.312
90.6235, 310.312
90.625, 310.312
90.6879, 310.312
90.7148, 310.311
90.7593, 310.311
90.8089, 310.311
90.8119, 310.311
90.8153, 310.311
90.8782, 310.311
90.8905, 310.311
90.9013, 310.311
90.9324, 310.311
91.0019, 310.311
91.0093, 310.311
91.036, 310.311
91.0538, 310.311
91.1111, 310.311
91.1153, 310.311
91.1251, 310.311
91.1487, 310.311
91.1577, 310.311
91.1914, 310.311
91.2442, 310.311
91.254, 310.311
91.2966, 310.311
91.351, 310.311
91.3881, 310.311
91.4056, 310.311
91.411, 310.311
91.4135, 310.311
91.4458, 310.311
91.4545, 310.311
91.4988, 310.311
91.5104, 310.311
91.5259, 310.311
91.5927, 310.311
91.5936, 310.311
91.5982, 310.311
91.6587, 310.31
91.6672, 310.31
91.6979, 310.31
91.7042, 310.31
91.7489, 310.31
91.768, 310.31
91.7872, 310.31
91.8038, 310.31
91.8401, 310.31
91.8433, 310.31
91.8446, 310.31
91.884, 310.31
91.9188, 310.31
91.9556, 310.31
91.9874, 310.31
92.0067, 310.31
92.0423, 310.31
92.0501, 310.31
92.1081, 310.31
92.1506, 310.31
92.1882, 310.31
92.1979, 310.31
92.2096, 310.31
92.2314, 310.31
92.2583, 310.31
92.3125, 310.31
92.3175, 310.31
92.3292, 310.31
92.3563, 310.31
92.3806, 310.31
92.3983, 310.31
92.4329, 310.31
92.4417, 310.31
92.4799, 310.31
92.5293, 310.31
92.5496, 310.309
92.6096, 310.309
92.6346, 310.309
92.6591, 310.309
92.683, 310.309
92.7039, 310.309
92.7121, 310.309
92.724, 310.309
92.8127, 310.309
92.8277, 310.309
92.8332, 310.309
92.8412, 310.309
92.8585, 310.309
92.8833, 310.309
92.9158, 310.309
92.9256, 310.309
92.9427, 310.309
92.9762, 310.309
93.0382, 310.309
93.0472, 310.309
93.0692, 310.309
93.0835, 310.309
93.1151, 310.309
93.1385, 310.309
93.1455, 310.309
93.1639, 310.309
93.1894, 310.309
93.2063, 310.309
93.2396, 310.309
93.2815, 310.309
93.3027, 310.309
93.3122, 310.309
93.3186, 310.309
93.3495, 310.309
93.3534, 310.309
93.3672, 310.309
93.4167, 310.309
93.4515, 310.308
93.4607, 310.308
93.4713, 310.308
93.5052, 310.308
93.5453, 310.308
93.5474, 310.308
93.5482, 310.308
93.5978, 310.308
93.6048, 310.308
93.6738, 310.308
93.6814, 310.308
93.6879, 310.308
93.6971, 310.308
93.7272, 310.308
93.7324, 310.308
93.7433, 310.308
93.7721, 310.308
93.777, 310.308
93.7925, 310.308
93.8398, 310.308
93.8666, 310.308
93.8928, 310.308
93.9449, 310.308
93.9457, 310.308
93.9466, 310.308
93.9877, 310.308
94.0128, 310.308
94.043, 310.308
94.1186, 310.308
94.1314, 310.308
94.1637, 310.308
94.1668, 310.308
94.1855, 310.308
94.2085, 310.308
94.2478, 310.308
94.276, 310.308
94.3096, 310.307
94.3465, 310.307
94.3712, 310.307
94.4039, 310.307
94.4241, 310.307
94.4344, 310.307
94.4797, 310.307
94.4951, 310.307
94.5, 310.307
94.5305, 310.307
94.5524, 310.307
94.5755, 310.307
94.5878, 310.307
94.6207, 310.307
94.644, 310.307
94.6857, 310.307
94.7096, 310.307
94.725, 310.307
94.7581, 310.307
94.7763, 310.307
94.7995, 310.307
94.816, 310.307
94.8255, 310.307
94.8871, 310.307
94.9149, 310.307
94.9324, 310.307
94.9459, 310.307
94.9976, 310.307
95.0141, 310.307
95.021, 310.307
95.0284, 310.307
95.0394, 310.307
95.1008, 310.307
95.111, 310.307
95.1294, 310.306
95.1518, 310.306
95.1728, 310.306
95.2159, 310.306
95.2329, 310.306
95.2522, 310.306
95.2582, 310.306
95.2712, 310.306
95.3221, 310.306
95.3267, 310.306
95.348, 310.306
95.3865, 310.306
95.4298, 310.306
95.4473, 310.306
95.521, 310.306
95.5604, 310.306
95.5714, 310.306
95.6206, 310.306
95.6456, 310.306
95.7115, 310.306
95.7133, 310.306
95.7342, 310.306
95.7711, 310.306
95.7976, 310.306
95.8259, 310.306
95.8464, 310.306
95.8761, 310.306
95.9326, 310.306
95.9557, 310.305
96.0136, 310.305
96.0209, 310.305
96.0733, 310.305
96.107, 310.305
96.1156, 310.305
96.127, 310.305
96.153, 310.305
96.1688, 310.305
96.2017, 310.305
96.2457, 310.305
96.2618, 310.305
96.3133, 310.305
96.3214, 310.305
96.3491, 310.305
96.3582, 310.305
96.3757, 310.305
96.3826, 310.305
96.421, 310.305
96.4323, 310.305
96.4716, 310.305
96.4844, 310.305
96.486, 310.305
96.5497, 310.305
96.5704, 310.305
96.601, 310.305
96.6053, 310.305
96.6434, 310.305
96.6718, 310.305
96.6997, 310.305
96.7052, 310.305
96.734, 310.305
96.7438, 310.304
96.7575, 310.304
96.7754, 310.304
96.8108, 310.304
96.8472, 310.304
96.8678, 310.304
96.8922, 310.304
96.9224, 310.304
96.9376, 310.304
96.9693, 310.304
96.9766, 310.304
97.0035, 310.304
97.0151, 310.304
97.0762, 310.304
97.1038, 310.304
97.1293, 310.304
97.1465, 310.304
97.1856, 310.304
97.211, 310.304
97.2135, 310.304
97.2237, 310.304
97.2491, 310.304
97.2548, 310.304
97.2569, 310.304
97.2976, 310.304
97.3143, 310.304
97.3293, 310.304
97.3566, 310.304
97.3669, 310.304
97.379, 310.304
97.3989, 310.304
97.4029, 310.304
97.4272, 310.304
97.4541, 310.304
97.4616, 310.304
97.4982, 310.304
97.4987, 310.304
97.5006, 310.304
97.5613, 310.303
97.5929, 310.303
97.6046, 310.303
97.6551, 310.303
97.658, 310.303
97.7016, 310.303
97.7326, 310.303
97.7853, 310.303
97.7869, 310.303
97.7887, 310.303
97.7892, 310.303
97.8214, 310.303
97.8357, 310.303
97.8416, 310.303
97.8772, 310.303
97.882, 310.303
97.8887, 310.303
97.9523, 310.303
97.9693, 310.303
97.9898, 310.303
98.053, 310.303
98.0531, 310.303
98.0546, 310.303
98.1384, 310.303
98.1445, 310.303
98.1553, 310.303
98.2272, 310.303
98.2379, 310.303
98.2429, 310.303
98.2768, 310.303
98.2909, 310.302
98.3345, 310.302
98.3811, 310.302
98.3842, 310.302
98.4016, 310.302
98.4113, 310.302
98.4487, 310.302
98.468, 310.302
98.4821, 310.302
98.5295, 310.302
98.5479, 310.302
98.5688, 310.302
98.587, 310.302
98.6082, 310.302
98.6204, 310.302
98.6515, 310.302
98.6707, 310.302
98.6822, 310.302
98.6884, 310.302
98.6944, 310.302
98.7277, 310.302
98.7446, 310.302
98.7523, 310.302
98.8087, 310.302
98.8827, 310.302
98.8874, 310.302
98.9028, 310.302
98.9168, 310.302
98.9815, 310.302
98.9847, 310.302
99.0308, 310.302
99.053, 310.301
99.0564, 310.301
99.0641, 310.301
99.0748, 310.301
99.117, 310.301
99.1418, 310.301
99.182, 310.301
99.2036, 310.301
99.2234, 310.301
99.2574, 310.301
99.2842, 310.301
99.3072, 310.301
99.3462, 310.301
99.3515, 310.301
99.4054, 310.301
99.4301, 310.301
99.4394, 310.301
99.456, 310.301
99.4774, 310.301
99.4942, 310.301
99.5229, 310.301
99.5433, 310.301
99.5988, 310.301
99.6189, 310.301
99.6494, 310.301
99.6629, 310.301
99.672, 310.301
99.6902, 310.301
99.7216, 310.301
99.7583, 310.301
99.7701, 310.301
99.8082, 310.3
99.858, 310.3
99.8647, 310.3
99.8683, 310.3
99.8839, 310.3
99.9215, 310.3
99.9568, 310.3
99.9749, 310.3
100.02, 310.3
100.03, 310.3
100.078, 310.3
100.088, 310.3
100.094, 310.3
100.137, 310.3
100.151, 310.3
100.186, 310.3
100.198, 310.3
100.229, 310.3
100.23, 310.3
100.249, 310.3
100.291, 310.3
100.292, 310.3
100.311, 310.3
100.355, 310.3
100.383, 310.3
100.436, 310.3
100.486, 310.3
100.488, 310.3
100.533, 310.299
100.546, 310.299
100.593, 310.299
100.622, 310.299
100.669, 310.299
100.681, 310.299
100.697, 310.299
100.742, 310.299
100.773, 310.299
100.79, 310.299
100.801, 310.299
100.817, 310.299
100.878, 310.299
100.915, 310.299
100.918, 310.299
100.921, 310.299
100.97, 310.299
100.982, 310.299
101.022, 310.299
101.039, 310.299
101.065, 310.299
101.072, 310.299
101.078, 310.299
101.121, 310.299
101.199, 310.299
101.204, 310.299
101.247, 310.298
101.299, 310.298
101.322, 310.298
101.356, 310.298
101.399, 310.298
101.413, 310.298
101.419, 310.298
101.439, 310.298
101.457, 310.298
101.502, 310.298
101.521, 310.298
101.554, 310.298
101.564, 310.298
101.573, 310.298
101.612, 310.298
101.661, 310.298
101.671, 310.298
101.714, 310.298
101.736, 310.298
101.756, 310.298
101.786, 310.298
101.8, 310.298
101.807, 310.298
101.869, 310.298
101.92, 310.298
101.93, 310.298
101.966, 310.297
102.012, 310.297
102.027, 310.297
102.067, 310.297
102.074, 310.297
102.12, 310.297
102.152, 310.297
102.181, 310.297
102.22, 310.297
102.249, 310.297
102.267, 310.297
102.306, 310.297
102.344, 310.297
102.357, 310.297
102.362, 310.297
102.41, 310.297
102.451, 310.297
102.457, 310.297
102.463, 310.297
102.511, 310.297
102.526, 310.297
102.577, 310.297
102.594, 310.297
102.632, 310.297
102.634, 310.297
102.634, 310.297
102.689, 310.296
102.698, 310.296
102.74, 310.296
102.756, 310.296
102.77, 310.296
102.806, 310.296
102.841, 310.296
102.842, 310.296
102.85, 310.296
102.868, 310.296
102.877, 310.296
102.906, 310.296
102.914, 310.296
102.927, 310.296
102.948, 310.296
102.977, 310.296
102.992, 310.296
103.007, 310.296
103.036, 310.296
103.045, 310.296
103.088, 310.296
103.119, 310.296
103.143, 310.296
103.194, 310.296
103.21, 310.296
103.217, 310.296
103.266, 310.296
103.289, 310.296
103.348, 310.295
103.357, 310.295
103.377, 310.295
103.381, 310.295
103.402, 310.295
103.417, 310.295
103.422, 310.295
103.468, 310.295
103.501, 310.295
103.511, 310.295
103.522, 310.295
103.587, 310.295
103.628, 310.295
103.655, 310.295
103.658, 310.295
103.684, 310.295
103.697, 310.295
103.728, 310.295
103.747, 310.295
103.786, 310.295
103.807, 310.295
103.83, 310.295
103.859, 310.295
103.886, 310.295
103.921, 310.295
103.936, 310.295
103.937, 310.295
104.005, 310.295
104.022, 310.295
104.061, 310.294
104.097, 310.294
104.1, 310.294
104.156, 310.294
104.161, 310.294
104.179, 310.294
104.195, 310.294
104.225, 310.294
104.266, 310.294
104.314, 310.294
104.341, 310.294
104.369, 310.294
104.371, 310.294
104.376, 310.294
104.421, 310.294
104.475, 310.294
104.518, 310.294
104.537, 310.294
104.552, 310.294
104.592, 310.294
104.628, 310.294
104.633, 310.294
104.692, 310.294
104.706, 310.294
104.729, 310.294
104.762, 310.293
104.788, 310.293
104.802, 310.293
104.828, 310.293
104.851, 310.293
104.908, 310.293
104.911, 310.293
104.963, 310.293
104.975, 310.293
104.976, 310.293
104.978, 310.293
105.034, 310.293
105.084, 310.293
105.093, 310.293
105.145, 310.293
105.16, 310.293
105.246, 310.293
105.306, 310.293
105.32, 310.293
105.354, 310.293
105.401, 310.293
105.405, 310.293
105.442, 310.293
105.467, 310.292
105.489, 310.292
105.526, 310.292
105.534, 310.292
105.575, 310.292
105.623, 310.292
105.624, 310.292
105.626, 310.292
105.668, 310.292
105.719, 310.292
105.738, 310.292
105.776, 310.292
105.787, 310.292
105.813, 310.292
105.831, 310.292
105.862, 310.292
105.904, 310.292
105.928, 310.292
105.978, 310.292
105.988, 310.292
106.047, 310.292
106.066, 310.292
106.07, 310.292
106.1, 310.292
106.115, 310.292
106.169, 310.292
106.182, 310.291
106.217, 310.291
106.271, 310.291
106.306, 310.291
106.318, 310.291
106.357, 310.291
106.37, 310.291
106.405, 310.291
106.423, 310.291
106.455, 310.291
106.494, 310.291
106.496, 310.291
106.534, 310.291
106.58, 310.291
106.597, 310.291
106.631, 310.291
106.649, 310.291
106.674, 310.291
106.692, 310.291
106.718, 310.291
106.764, 310.291
106.78, 310.291
106.793, 310.291
106.807, 310.291
106.87, 310.291
106.882, 310.291
106.892, 310.291
106.934, 310.29
106.951, 310.29
106.985, 310.29
107.032, 310.29
107.05, 310.29
107.059, 310.29
107.09, 310.29
107.134, 310.29
107.223, 310.29
107.239, 310.29
107.302, 310.29
107.327, 310.29
107.355, 310.29
107.385, 310.29
107.415, 310.29
107.438, 310.29
107.451, 310.29
107.484, 310.29
107.548, 310.29
107.572, 310.29
107.595, 310.29
107.62, 310.29
107.622, 310.29
107.622, 310.29
107.674, 310.29
107.68, 310.289
107.713, 310.289
107.741, 310.289
107.77, 310.289
107.782, 310.289
107.815, 310.289
107.861, 310.289
107.914, 310.289
107.922, 310.289
107.939, 310.289
107.973, 310.289
107.978, 310.289
107.98, 310.289
108.028, 310.289
108.067, 310.289
108.112, 310.289
108.134, 310.289
108.156, 310.289
108.178, 310.289
108.222, 310.289
108.243, 310.289
108.273, 310.289
108.309, 310.289
108.359, 310.289
108.384, 310.289
108.428, 310.289
108.435, 310.289
108.455, 310.289
108.475, 310.289
108.485, 310.289
108.535, 310.288
108.565, 310.288
108.594, 310.288
108.596, 310.288
108.599, 310.288
108.638, 310.288
108.678, 310.288
108.695, 310.288
108.739, 310.288
108.745, 310.288
108.756, 310.288
108.804, 310.288
108.852, 310.288
108.869, 310.288
108.879, 310.288
108.888, 310.288
108.903, 310.288
108.929, 310.288
108.972, 310.288
108.987, 310.288
109.018, 310.288
109.044, 310.288
109.072, 310.288
109.09, 310.288
109.116, 310.288
109.139, 310.288
109.145, 310.288
109.148, 310.288
109.184, 310.288
109.188, 310.288
109.188, 310.288
109.238, 310.288
109.256, 310.288
109.29, 310.288
109.319, 310.288
109.344, 310.288
109.348, 310.288
109.376, 310.288
109.393, 310.288
109.422, 310.288
109.435, 310.288
109.482, 310.288
109.509, 310.287
109.516, 310.287
109.521, 310.287
109.54, 310.287
109.561, 310.287
109.564, 310.287
109.588, 310.287
109.609, 310.287
109.653, 310.287
109.678, 310.287
109.702, 310.287
109.751, 310.287
109.806, 310.287
109.807, 310.287
109.808, 310.287
109.854, 310.287
109.861, 310.287
109.897, 310.287
109.912, 310.287
109.957, 310.287
109.961, 310.287
110, 310.287
110.067, 310.286
110.092, 310.285
110.099, 310.285
110.178, 310.283
110.242, 310.282
110.344, 310.281
110.481, 310.279
110.562, 310.278
110.744, 310.277
111, 310.275


