X,T
3.97047e-17, 310.15
0.12006, 310.15
0.207367, 310.15
0.679696, 310.15
0.797376, 310.15
0.947812, 310.15
1.37309, 310.15
1.54543, 310.15
1.84011, 310.15
2.06749, 310.15
2.37504, 310.15
2.59902, 310.15
3.01122, 310.15
3.03747, 310.15
3.60501, 310.15
3.6369, 310.15
3.94334, 310.15
4.14407, 310.15
4.37448, 310.15
4.88118, 310.15
5.06844, 310.15
5.25458, 310.15
5.58198, 310.15
5.60462, 310.15
6.20808, 310.15
6.50162, 310.15
6.57679, 310.15
7.02824, 310.15
7.30993, 310.15
7.35425, 310.15
7.42682, 310.15
7.73719, 310.15
7.94065, 310.15
8.04053, 310.15
8.16513, 310.15
8.45737, 310.15
8.51973, 310.15
8.85635, 310.15
9.04383, 310.15
9.0779, 310.15
9.09806, 310.15
9.14676, 310.15
9.97053, 310.15
9.98204, 310.15
10.0106, 310.15
10.6405, 310.15
10.6527, 310.15
10.6624, 310.15
10.6999, 310.15
11.1517, 310.15
11.2067, 310.15
11.2824, 310.15
11.3777, 310.15
11.4761, 310.15
11.496, 310.15
11.5106, 310.15
11.9618, 310.15
12.4879, 310.15
12.5075, 310.15
12.6581, 310.15
12.7726, 310.15
12.9012, 310.15
13.1064, 310.15
13.415, 310.15
13.6629, 310.15
13.9181, 310.15
14.3125, 310.15
14.537, 310.15
14.5857, 310.15
14.8514, 310.15
15.1474, 310.15
15.3596, 310.15
15.7918, 310.15
15.8215, 310.15
15.8499, 310.15
16.031, 310.15
16.4615, 310.15
16.5545, 310.15
16.8212, 310.15
17.0969, 310.15
17.2769, 310.15
17.5742, 310.15
17.6504, 310.15
17.7093, 310.15
17.9143, 310.15
18.014, 310.15
18.2834, 310.15
18.6242, 310.15
18.8551, 310.15
18.9001, 310.15
19.2076, 310.15
19.2269, 310.15
19.6277, 310.15
20.0387, 310.15
20.0722, 310.15
20.418, 310.15
20.6509, 310.15
20.9962, 310.15
21.1999, 310.15
21.4517, 310.15
21.6553, 310.15
21.7523, 310.15
22.09, 310.15
22.3778, 310.15
22.5294, 310.15
22.6584, 310.15
22.784, 310.15
23.1088, 310.15
23.3132, 310.15
23.4958, 310.15
23.7258, 310.15
23.9692, 310.15
24.1419, 310.15
24.3392, 310.15
24.8288, 310.15
24.8461, 310.15
25.2731, 310.15
25.4219, 310.15
25.5156, 310.15
25.656, 310.15
25.7703, 310.15
26.2092, 310.15
26.3299, 310.15
26.6146, 310.15
26.7542, 310.15
26.784, 310.15
26.7885, 310.15
27.1114, 310.15
27.6215, 310.15
27.6858, 310.15
28.3441, 310.15
28.4526, 310.15
28.5333, 310.15
28.5921, 310.15
28.6973, 310.15
29.0334, 310.15
29.2225, 310.15
29.3995, 310.15
29.5241, 310.15
29.9554, 310.15
30.1755, 310.15
30.2662, 310.15
30.3154, 310.15
30.3864, 310.15
30.4231, 310.15
30.7686, 310.15
30.968, 310.15
31.0104, 310.15
31.2725, 310.15
31.7624, 310.15
31.7891, 310.15
32.0576, 310.15
32.3508, 310.15
32.5425, 310.15
32.7216, 310.15
32.7824, 310.15
33.3815, 310.15
33.4142, 310.15
33.4437, 310.15
33.5308, 310.15
33.6461, 310.15
33.8427, 310.15
34.154, 310.15
34.3311, 310.15
34.6449, 310.15
34.6513, 310.15
34.9288, 310.15
35.1024, 310.15
35.4019, 310.15
35.8567, 310.15
35.8964, 310.15
36.1956, 310.15
36.3664, 310.15
36.9615, 310.15
37.0866, 310.15
37.1882, 310.15
37.5277, 310.15
37.6758, 310.15
38.1766, 310.15
38.4417, 310.15
38.447, 310.15
38.4589, 310.15
38.7019, 310.15
38.79, 310.15
39.12, 310.15
39.3664, 310.15
39.455, 310.15
39.7698, 310.15
39.9622, 310.15
40.191, 310.15
40.351, 310.15
40.3922, 310.15
40.7344, 310.15
41.0912, 310.15
41.1857, 310.15
41.3517, 310.15
41.4365, 310.15
41.907, 310.15
42.0138, 310.15
42.0692, 310.15
42.2421, 310.15
42.4058, 310.15
42.7047, 310.15
42.9485, 310.15
43.025, 310.15
43.3373, 310.15
43.5328, 310.15
43.7379, 310.15
43.8724, 310.15
44.5258, 310.15
44.536, 310.15
44.5384, 310.15
44.5552, 310.15
44.7772, 310.15
45.1989, 310.15
45.4453, 310.15
45.5047, 310.151
45.5528, 310.151
45.6635, 310.151
45.7089, 310.151
45.9024, 310.151
46.5347, 310.151
46.5938, 310.151
46.882, 310.151
47.0552, 310.151
47.1743, 310.151
47.5334, 310.151
47.6953, 310.151
47.8654, 310.151
47.9731, 310.151
48.0325, 310.151
48.1305, 310.151
48.5888, 310.152
49.1012, 310.152
49.1493, 310.152
49.2034, 310.152
49.2897, 310.152
49.3038, 310.152
49.7805, 310.153
50.0216, 310.153
50.0449, 310.153
50.0892, 310.153
50.5725, 310.154
50.8597, 310.154
50.9147, 310.154
51.0476, 310.155
51.4153, 310.156
51.7314, 310.156
52.0506, 310.157
52.2816, 310.158
52.4905, 310.159
52.5973, 310.159
52.8075, 310.16
52.8333, 310.16
53.1119, 310.162
53.3595, 310.163
53.3881, 310.163
53.5692, 310.164
53.8374, 310.166
53.9746, 310.167
54.3261, 310.17
54.6233, 310.173
54.7111, 310.173
54.8007, 310.174
55.2784, 310.18
55.3879, 310.182
55.9033, 310.191
55.9448, 310.191
56.0815, 310.194
56.5307, 310.205
56.6792, 310.208
56.7063, 310.209
56.7412, 310.21
57.3324, 310.228
57.3715, 310.23
57.4123, 310.232
57.6837, 310.243
57.7258, 310.245
57.8478, 310.251
57.8796, 310.253
57.9349, 310.257
58, 310.261
58.0467, 310.261
58.1088, 310.261
58.1299, 310.261
58.1665, 310.261
58.1736, 310.261
58.2225, 310.261
58.2254, 310.261
58.2347, 310.261
58.2543, 310.261
58.2591, 310.261
58.2613, 310.261
58.3167, 310.261
58.3174, 310.261
58.3192, 310.261
58.3438, 310.261
58.4035, 310.261
58.421, 310.261
58.4724, 310.261
58.4821, 310.261
58.4881, 310.261
58.5329, 310.261
58.5448, 310.261
58.5843, 310.262
58.6116, 310.262
58.6662, 310.262
58.6878, 310.262
58.7039, 310.262
58.7342, 310.262
58.7408, 310.262
58.7849, 310.262
58.8181, 310.262
58.8346, 310.262
58.8636, 310.262
58.8755, 310.262
58.8955, 310.262
58.9488, 310.262
58.9648, 310.262
59.0078, 310.262
59.0154, 310.262
59.025, 310.262
59.0623, 310.262
59.0705, 310.262
59.086, 310.262
59.1191, 310.262
59.1321, 310.262
59.1555, 310.262
59.1813, 310.263
59.2036, 310.263
59.2338, 310.263
59.2595, 310.263
59.2752, 310.263
59.2858, 310.263
59.3431, 310.263
59.3472, 310.263
59.3863, 310.263
59.3931, 310.263
59.4391, 310.263
59.4633, 310.263
59.4812, 310.263
59.5227, 310.263
59.5228, 310.263
59.5561, 310.263
59.5775, 310.263
59.5899, 310.263
59.6178, 310.263
59.6396, 310.263
59.6807, 310.263
59.6967, 310.263
59.7012, 310.263
59.7431, 310.263
59.757, 310.263
59.7662, 310.263
59.8291, 310.264
59.8426, 310.264
59.8746, 310.264
59.8936, 310.264
59.9042, 310.264
59.9178, 310.264
59.9476, 310.264
59.9657, 310.264
60.0039, 310.264
60.0242, 310.264
60.068, 310.264
60.087, 310.264
60.0999, 310.264
60.1349, 310.264
60.1783, 310.264
60.1884, 310.264
60.2342, 310.264
60.24, 310.264
60.2447, 310.264
60.2693, 310.264
60.2917, 310.264
60.2978, 310.264
60.3205, 310.264
60.3634, 310.264
60.3879, 310.264
60.4374, 310.264
60.4391, 310.264
60.4402, 310.264
60.4757, 310.265
60.503, 310.265
60.5271, 310.265
60.5339, 310.265
60.5349, 310.265
60.5492, 310.265
60.5711, 310.265
60.5909, 310.265
60.6144, 310.265
60.6289, 310.265
60.6591, 310.265
60.6994, 310.265
60.7002, 310.265
60.7384, 310.265
60.7533, 310.265
60.8062, 310.265
60.8208, 310.265
60.8427, 310.265
60.8684, 310.265
60.8871, 310.265
60.9072, 310.265
60.9422, 310.265
60.9557, 310.265
61.005, 310.265
61.0208, 310.265
61.0476, 310.265
61.0881, 310.265
61.097, 310.265
61.1289, 310.265
61.1453, 310.265
61.1657, 310.265
61.1999, 310.265
61.2006, 310.265
61.2422, 310.266
61.2717, 310.266
61.3246, 310.266
61.3251, 310.266
61.3253, 310.266
61.3267, 310.266
61.3685, 310.266
61.386, 310.266
61.4097, 310.266
61.4278, 310.266
61.4786, 310.266
61.4807, 310.266
61.514, 310.266
61.5183, 310.266
61.5668, 310.266
61.5952, 310.266
61.6403, 310.266
61.656, 310.266
61.6657, 310.266
61.7102, 310.266
61.7483, 310.266
61.7813, 310.266
61.8064, 310.266
61.8161, 310.266
61.8261, 310.266
61.862, 310.266
61.8993, 310.266
61.9086, 310.266
61.9361, 310.266
61.9537, 310.266
61.9882, 310.266
62.0057, 310.266
62.0349, 310.266
62.0534, 310.266
62.0716, 310.266
62.0853, 310.266
62.0998, 310.267
62.1286, 310.267
62.1655, 310.267
62.1733, 310.267
62.1786, 310.267
62.2421, 310.267
62.2463, 310.267
62.247, 310.267
62.3078, 310.267
62.3164, 310.267
62.3482, 310.267
62.3898, 310.267
62.4127, 310.267
62.4668, 310.267
62.4719, 310.267
62.5104, 310.267
62.5298, 310.267
62.5609, 310.267
62.5956, 310.267
62.6107, 310.267
62.6408, 310.267
62.6711, 310.267
62.677, 310.267
62.7078, 310.267
62.711, 310.267
62.774, 310.267
62.7768, 310.267
62.8638, 310.267
62.875, 310.267
62.887, 310.267
62.9267, 310.267
62.9474, 310.267
62.9728, 310.267
63.0201, 310.267
63.0614, 310.267
63.0722, 310.267
63.092, 310.267
63.1302, 310.268
63.1455, 310.268
63.212, 310.268
63.2124, 310.268
63.2126, 310.268
63.2127, 310.268
63.2138, 310.268
63.255, 310.268
63.3029, 310.268
63.3331, 310.268
63.3447, 310.268
63.3936, 310.268
63.4064, 310.268
63.4306, 310.268
63.4526, 310.268
63.482, 310.268
63.4931, 310.268
63.5371, 310.268
63.573, 310.268
63.6205, 310.268
63.6418, 310.268
63.6674, 310.268
63.6987, 310.268
63.741, 310.268
63.7424, 310.268
63.7865, 310.268
63.8157, 310.268
63.8276, 310.268
63.83, 310.268
63.834, 310.268
63.9224, 310.268
63.9439, 310.268
63.9499, 310.268
63.959, 310.268
63.996, 310.268
64.0097, 310.268
64.0389, 310.268
64.051, 310.268
64.1162, 310.268
64.1407, 310.268
64.1528, 310.268
64.2012, 310.268
64.2096, 310.268
64.2174, 310.268
64.2633, 310.268
64.2857, 310.268
64.3124, 310.268
64.3441, 310.268
64.3599, 310.268
64.3799, 310.268
64.3913, 310.268
64.4026, 310.268
64.4393, 310.269
64.4579, 310.269
64.5021, 310.269
64.5148, 310.269
64.5301, 310.269
64.5508, 310.269
64.565, 310.269
64.6361, 310.269
64.664, 310.269
64.6879, 310.269
64.7125, 310.269
64.7207, 310.269
64.7493, 310.269
64.7771, 310.269
64.8247, 310.269
64.8409, 310.269
64.8867, 310.269
64.9257, 310.269
64.9313, 310.269
64.9706, 310.269
64.9895, 310.269
65.0536, 310.269
65.057, 310.269
65.0592, 310.269
65.0877, 310.269
65.1061, 310.269
65.1316, 310.269
65.1518, 310.269
65.1603, 310.269
65.1618, 310.269
65.1728, 310.269
65.204, 310.269
65.2124, 310.269
65.2519, 310.269
65.2608, 310.269
65.2632, 310.269
65.2704, 310.269
65.3123, 310.269
65.363, 310.269
65.3791, 310.269
65.4134, 310.269
65.422, 310.269
65.4589, 310.269
65.4926, 310.269
65.4992, 310.269
65.5172, 310.269
65.5443, 310.269
65.5824, 310.269
65.5978, 310.269
65.631, 310.269
65.6614, 310.269
65.6849, 310.269
65.6941, 310.269
65.7171, 310.269
65.7488, 310.269
65.7607, 310.269
65.7963, 310.269
65.8154, 310.269
65.854, 310.269
65.8693, 310.269
65.8961, 310.269
65.8966, 310.269
65.9746, 310.269
65.9826, 310.269
66.0013, 310.269
66.008, 310.269
66.0644, 310.269
66.0668, 310.269
66.072, 310.269
66.0854, 310.269
66.1384, 310.269
66.1528, 310.269
66.1697, 310.269
66.1926, 310.269
66.2477, 310.269
66.2626, 310.269
66.2886, 310.269
66.3097, 310.269
66.3313, 310.27
66.3532, 310.27
66.3821, 310.27
66.4145, 310.27
66.4423, 310.27
66.4478, 310.27
66.5048, 310.27
66.5347, 310.27
66.5423, 310.27
66.5695, 310.27
66.5827, 310.27
66.5869, 310.27
66.5969, 310.27
66.6312, 310.27
66.6437, 310.27
66.7267, 310.27
66.7431, 310.27
66.7816, 310.27
66.8208, 310.27
66.8783, 310.27
66.8828, 310.27
66.885, 310.27
66.8856, 310.27
66.8938, 310.27
66.9229, 310.27
66.972, 310.27
66.9947, 310.27
67.0259, 310.27
67.0424, 310.27
67.0507, 310.27
67.0611, 310.27
67.0988, 310.27
67.141, 310.27
67.1516, 310.27
67.1656, 310.27
67.2041, 310.27
67.2107, 310.27
67.2503, 310.27
67.2849, 310.27
67.2968, 310.27
67.3074, 310.27
67.3834, 310.27
67.3872, 310.27
67.3914, 310.27
67.406, 310.27
67.435, 310.27
67.4469, 310.27
67.4587, 310.27
67.4817, 310.27
67.5028, 310.27
67.5342, 310.27
67.5568, 310.27
67.5779, 310.27
67.5914, 310.27
67.6509, 310.27
67.6739, 310.27
67.7101, 310.27
67.7417, 310.27
67.7758, 310.27
67.7771, 310.27
67.8182, 310.27
67.8627, 310.27
67.8686, 310.27
67.8695, 310.27
67.8718, 310.27
67.8786, 310.27
67.9033, 310.27
67.9199, 310.27
67.9638, 310.27
67.9861, 310.27
68.0454, 310.27
68.0463, 310.27
68.1133, 310.27
68.1719, 310.27
68.1727, 310.27
68.1731, 310.27
68.2341, 310.27
68.2803, 310.27
68.2887, 310.27
68.3152, 310.27
68.3375, 310.27
68.3679, 310.27
68.4101, 310.27
68.4277, 310.27
68.4595, 310.27
68.4704, 310.27
68.5172, 310.27
68.5642, 310.27
68.5795, 310.27
68.6352, 310.27
68.6357, 310.27
68.6836, 310.27
68.7286, 310.27
68.7397, 310.27
68.7426, 310.27
68.7528, 310.27
68.798, 310.27
68.8237, 310.27
68.842, 310.27
68.8692, 310.27
68.8761, 310.27
68.8823, 310.27
68.9325, 310.27
68.9339, 310.27
68.9408, 310.27
68.9587, 310.27
68.9798, 310.27
68.9858, 310.27
69.0101, 310.27
69.0445, 310.27
69.0487, 310.27
69.0528, 310.27
69.0945, 310.27
69.0973, 310.27
69.0976, 310.27
69.1326, 310.27
69.1521, 310.27
69.2285, 310.27
69.2539, 310.27
69.262, 310.27
69.2867, 310.27
69.299, 310.27
69.3375, 310.27
69.3406, 310.27
69.3717, 310.27
69.3949, 310.27
69.4484, 310.27
69.4699, 310.27
69.5123, 310.27
69.5258, 310.27
69.5676, 310.27
69.5967, 310.27
69.6515, 310.27
69.6525, 310.27
69.6986, 310.27
69.7074, 310.27
69.7569, 310.27
69.7699, 310.27
69.8189, 310.27
69.8252, 310.27
69.8769, 310.27
69.8938, 310.27
69.9227, 310.27
69.9626, 310.27
70.0001, 310.27
70.0168, 310.27
70.0606, 310.27
70.1059, 310.27
70.1248, 310.27
70.1883, 310.27
70.2332, 310.27
70.2341, 310.27
70.235, 310.27
70.2761, 310.27
70.2949, 310.27
70.3147, 310.27
70.3512, 310.27
70.3782, 310.27
70.4072, 310.27
70.4644, 310.27
70.4646, 310.27
70.4977, 310.27
70.55, 310.27
70.5595, 310.27
70.5814, 310.27
70.5997, 310.27
70.611, 310.27
70.6401, 310.27
70.6615, 310.27
70.6867, 310.27
70.7161, 310.27
70.7474, 310.27
70.7798, 310.27
70.801, 310.27
70.8096, 310.27
70.8534, 310.27
70.8806, 310.27
70.8873, 310.27
70.8908, 310.27
70.943, 310.27
70.9507, 310.27
70.9863, 310.27
70.9877, 310.27
70.9899, 310.27
70.9948, 310.27
71.0449, 310.27
71.0662, 310.27
71.094, 310.27
71.1431, 310.27
71.155, 310.27
71.1839, 310.27
71.2218, 310.27
71.2238, 310.27
71.2258, 310.27
71.2566, 310.27
71.2858, 310.27
71.2913, 310.27
71.306, 310.27
71.3139, 310.27
71.3406, 310.27
71.3707, 310.27
71.4008, 310.27
71.4217, 310.27
71.4364, 310.27
71.4921, 310.27
71.4978, 310.27
71.5545, 310.27
71.5843, 310.27
71.5953, 310.27
71.645, 310.27
71.6868, 310.27
71.7083, 310.27
71.7349, 310.27
71.7443, 310.27
71.7659, 310.27
71.81, 310.27
71.8319, 310.27
71.8582, 310.27
71.8619, 310.27
71.8927, 310.27
71.9316, 310.27
71.9343, 310.27
71.9397, 310.27
71.981, 310.27
72.0167, 310.27
72.0271, 310.27
72.0389, 310.27
72.0566, 310.27
72.0738, 310.27
72.1029, 310.27
72.1276, 310.27
72.1897, 310.27
72.1974, 310.27
72.2045, 310.27
72.2528, 310.27
72.3112, 310.27
72.3239, 310.27
72.33, 310.27
72.3523, 310.27
72.3922, 310.27
72.4075, 310.27
72.429, 310.27
72.4312, 310.27
72.4549, 310.27
72.4597, 310.27
72.4982, 310.27
72.5203, 310.27
72.5563, 310.27
72.5996, 310.27
72.6101, 310.27
72.6437, 310.27
72.6981, 310.27
72.7162, 310.27
72.7417, 310.27
72.7564, 310.27
72.7888, 310.27
72.7946, 310.27
72.8299, 310.27
72.8567, 310.27
72.8795, 310.27
72.9315, 310.27
72.9445, 310.27
72.9622, 310.27
72.9986, 310.27
73.0313, 310.27
73.0755, 310.27
73.1009, 310.27
73.1162, 310.27
73.1385, 310.27
73.1729, 310.27
73.1942, 310.27
73.2263, 310.27
73.2436, 310.27
73.3007, 310.27
73.327, 310.27
73.3422, 310.27
73.3572, 310.27
73.3692, 310.27
73.3857, 310.27
73.4004, 310.27
73.4046, 310.27
73.4467, 310.27
73.4895, 310.27
73.4962, 310.27
73.5053, 310.27
73.5457, 310.27
73.569, 310.27
73.5815, 310.27
73.6239, 310.27
73.6301, 310.27
73.6343, 310.27
73.6695, 310.27
73.7057, 310.27
73.718, 310.27
73.7252, 310.27
73.7867, 310.27
73.8096, 310.27
73.8279, 310.27
73.8281, 310.27
73.8308, 310.27
73.8657, 310.27
73.8764, 310.27
73.8996, 310.27
73.913, 310.27
73.9934, 310.27
74.0339, 310.27
74.0525, 310.27
74.0629, 310.27
74.0745, 310.27
74.1209, 310.27
74.1543, 310.27
74.1684, 310.27
74.1944, 310.27
74.2308, 310.27
74.2545, 310.27
74.3031, 310.27
74.3253, 310.27
74.3557, 310.27
74.3746, 310.27
74.3964, 310.27
74.4096, 310.27
74.4171, 310.27
74.4319, 310.27
74.4381, 310.27
74.4523, 310.27
74.4804, 310.27
74.511, 310.27
74.5291, 310.27
74.5397, 310.27
74.5764, 310.27
74.6184, 310.27
74.6522, 310.27
74.672, 310.27
74.6879, 310.27
74.7151, 310.27
74.7323, 310.27
74.778, 310.27
74.8004, 310.27
74.8194, 310.27
74.8275, 310.27
74.8395, 310.27
74.867, 310.27
74.8894, 310.27
74.9053, 310.27
74.916, 310.27
74.9633, 310.27
74.9747, 310.27
75.0192, 310.27
75.0562, 310.27
75.0713, 310.27
75.0726, 310.27
75.095, 310.27
75.1204, 310.27
75.1219, 310.27
75.188, 310.27
75.2171, 310.27
75.2341, 310.27
75.2716, 310.27
75.283, 310.27
75.3034, 310.27
75.3341, 310.27
75.3851, 310.27
75.4177, 310.27
75.4487, 310.27
75.4757, 310.27
75.505, 310.27
75.5257, 310.27
75.5556, 310.27
75.5824, 310.27
75.5973, 310.27
75.6438, 310.27
75.6491, 310.27
75.6518, 310.27
75.6798, 310.27
75.7214, 310.27
75.7751, 310.27
75.7828, 310.27
75.814, 310.27
75.8325, 310.27
75.8698, 310.27
75.8732, 310.27
75.8756, 310.27
75.9317, 310.27
75.9521, 310.27
75.9818, 310.27
76.0452, 310.27
76.0492, 310.27
76.0589, 310.27
76.0763, 310.269
76.0858, 310.269
76.1054, 310.269
76.135, 310.269
76.1704, 310.269
76.1805, 310.269
76.2388, 310.269
76.2532, 310.269
76.2875, 310.269
76.3096, 310.269
76.335, 310.269
76.3645, 310.269
76.4141, 310.269
76.436, 310.269
76.4771, 310.269
76.5107, 310.269
76.5319, 310.269
76.5427, 310.269
76.5511, 310.269
76.599, 310.269
76.6238, 310.269
76.6574, 310.269
76.6669, 310.269
76.6882, 310.269
76.7144, 310.269
76.7191, 310.269
76.74, 310.269
76.7589, 310.269
76.7775, 310.269
76.7942, 310.269
76.8449, 310.269
76.8509, 310.269
76.8689, 310.269
76.8746, 310.269
76.9191, 310.269
76.9234, 310.269
76.9574, 310.269
76.9828, 310.269
76.9849, 310.269
76.9863, 310.269
77.0101, 310.269
77.0418, 310.269
77.0692, 310.269
77.0791, 310.269
77.1027, 310.269
77.1303, 310.269
77.1876, 310.269
77.2124, 310.269
77.2527, 310.269
77.2664, 310.269
77.335, 310.269
77.3742, 310.269
77.4285, 310.269
77.4305, 310.269
77.4306, 310.269
77.4321, 310.269
77.462, 310.269
77.519, 310.269
77.5691, 310.269
77.5785, 310.269
77.5838, 310.269
77.5961, 310.269
77.6265, 310.269
77.6745, 310.269
77.7004, 310.269
77.7246, 310.269
77.7458, 310.269
77.7665, 310.269
77.7884, 310.269
77.8047, 310.269
77.816, 310.269
77.8465, 310.269
77.8655, 310.269
77.8782, 310.269
77.9029, 310.269
77.9126, 310.269
77.9441, 310.269
77.9552, 310.269
77.9952, 310.269
78.013, 310.269
78.0173, 310.269
78.0334, 310.269
78.1011, 310.269
78.1224, 310.269
78.134, 310.269
78.1631, 310.269
78.1791, 310.269
78.2528, 310.269
78.2612, 310.269
78.2763, 310.269
78.3027, 310.269
78.3319, 310.269
78.342, 310.269
78.3729, 310.269
78.3793, 310.269
78.4191, 310.269
78.4364, 310.269
78.4449, 310.269
78.4582, 310.269
78.5204, 310.269
78.5454, 310.269
78.6101, 310.269
78.6351, 310.269
78.6668, 310.269
78.6746, 310.269
78.7053, 310.269
78.7497, 310.269
78.7757, 310.269
78.8266, 310.269
78.8567, 310.269
78.8909, 310.269
78.9061, 310.269
78.9342, 310.269
78.9665, 310.269
78.9825, 310.269
79.0194, 310.269
79.0696, 310.269
79.0809, 310.269
79.1239, 310.269
79.1554, 310.269
79.1824, 310.268
79.2225, 310.268
79.2311, 310.268
79.2442, 310.268
79.2778, 310.268
79.3075, 310.268
79.3249, 310.268
79.3796, 310.268
79.4245, 310.268
79.4342, 310.268
79.4427, 310.268
79.467, 310.268
79.4843, 310.268
79.5039, 310.268
79.5179, 310.268
79.5596, 310.268
79.5863, 310.268
79.5981, 310.268
79.6078, 310.268
79.6477, 310.268
79.6638, 310.268
79.7211, 310.268
79.7289, 310.268
79.7756, 310.268
79.8353, 310.268
79.8529, 310.268
79.8801, 310.268
79.9498, 310.268
79.9731, 310.268
79.9965, 310.268
80.0105, 310.268
80.0367, 310.268
80.0504, 310.268
80.0578, 310.268
80.0958, 310.268
80.1395, 310.268
80.1508, 310.268
80.2271, 310.268
80.2386, 310.268
80.2833, 310.268
80.3011, 310.268
80.3163, 310.268
80.3362, 310.268
80.3772, 310.268
80.4259, 310.268
80.428, 310.268
80.4291, 310.268
80.4708, 310.268
80.5094, 310.268
80.5133, 310.268
80.559, 310.268
80.563, 310.268
80.61, 310.268
80.6454, 310.268
80.6721, 310.268
80.7314, 310.268
80.7474, 310.268
80.7708, 310.268
80.803, 310.268
80.8338, 310.268
80.8543, 310.268
80.8658, 310.268
80.8961, 310.268
80.9316, 310.268
80.947, 310.268
80.9583, 310.268
80.9962, 310.268
81.0115, 310.268
81.0412, 310.268
81.0437, 310.268
81.0493, 310.268
81.1065, 310.268
81.1268, 310.268
81.1364, 310.268
81.1803, 310.268
81.1934, 310.268
81.2115, 310.268
81.2468, 310.268
81.2871, 310.268
81.312, 310.268
81.3346, 310.268
81.3644, 310.268
81.4088, 310.268
81.4575, 310.268
81.4636, 310.268
81.5066, 310.268
81.5287, 310.268
81.5511, 310.268
81.5958, 310.268
81.6294, 310.268
81.6822, 310.267
81.6862, 310.267
81.6904, 310.267
81.7539, 310.267
81.7592, 310.267
81.7799, 310.267
81.823, 310.267
81.8668, 310.267
81.9025, 310.267
81.9089, 310.267
81.9663, 310.267
81.99, 310.267
82.0289, 310.267
82.0434, 310.267
82.0692, 310.267
82.1064, 310.267
82.1161, 310.267
82.152, 310.267
82.1854, 310.267
82.1921, 310.267
82.2072, 310.267
82.2468, 310.267
82.2791, 310.267
82.2984, 310.267
82.3235, 310.267
82.3461, 310.267
82.3822, 310.267
82.3939, 310.267
82.4502, 310.267
82.463, 310.267
82.5023, 310.267
82.5838, 310.267
82.5921, 310.267
82.6049, 310.267
82.6206, 310.267
82.6608, 310.267
82.6929, 310.267
82.727, 310.267
82.7409, 310.267
82.7571, 310.267
82.7716, 310.267
82.7895, 310.267
82.814, 310.267
82.8581, 310.267
82.8722, 310.267
82.8918, 310.267
82.9321, 310.267
82.9967, 310.267
83.0051, 310.267
83.035, 310.267
83.0623, 310.267
83.0716, 310.267
83.1054, 310.267
83.1185, 310.267
83.1352, 310.267
83.1519, 310.267
83.185, 310.267
83.2297, 310.267
83.2473, 310.267
83.292, 310.267
83.2937, 310.267
83.3501, 310.267
83.3586, 310.267
83.3889, 310.267
83.4667, 310.267
83.4865, 310.267
83.5292, 310.267
83.5355, 310.267
83.5374, 310.267
83.598, 310.267
83.6107, 310.267
83.6221, 310.267
83.6433, 310.267
83.6766, 310.267
83.7336, 310.267
83.7527, 310.267
83.7877, 310.267
83.7981, 310.267
83.8023, 310.267
83.8429, 310.266
83.8907, 310.266
83.893, 310.266
83.9245, 310.266
83.9572, 310.266
83.9707, 310.266
84.0256, 310.266
84.0319, 310.266
84.1062, 310.266
84.1124, 310.266
84.1164, 310.266
84.1225, 310.266
84.1839, 310.266
84.2492, 310.266
84.2595, 310.266
84.305, 310.266
84.3466, 310.266
84.3586, 310.266
84.369, 310.266
84.3815, 310.266
84.4013, 310.266
84.4403, 310.266
84.4467, 310.266
84.4779, 310.266
84.4888, 310.266
84.4915, 310.266
84.495, 310.266
84.541, 310.266
84.5734, 310.266
84.5836, 310.266
84.5993, 310.266
84.6219, 310.266
84.6443, 310.266
84.6589, 310.266
84.6719, 310.266
84.6978, 310.266
84.7106, 310.266
84.7402, 310.266
84.7523, 310.266
84.7762, 310.266
84.7992, 310.266
84.8196, 310.266
84.8387, 310.266
84.886, 310.266
84.9065, 310.266
84.9259, 310.266
84.9417, 310.266
84.9855, 310.266
85.0471, 310.266
85.0534, 310.266
85.0555, 310.266
85.1, 310.266
85.1093, 310.266
85.1477, 310.266
85.1891, 310.266
85.1932, 310.266
85.2368, 310.266
85.2738, 310.266
85.3066, 310.266
85.313, 310.266
85.3352, 310.266
85.3666, 310.266
85.4388, 310.266
85.4477, 310.266
85.4528, 310.266
85.5064, 310.266
85.5456, 310.266
85.5768, 310.266
85.5958, 310.266
85.6321, 310.266
85.6624, 310.266
85.6849, 310.266
85.6944, 310.266
85.7092, 310.266
85.7323, 310.266
85.7421, 310.266
85.7573, 310.266
85.7813, 310.265
85.8051, 310.265
85.8297, 310.265
85.8387, 310.265
85.8458, 310.265
85.8471, 310.265
85.865, 310.265
85.9078, 310.265
85.9273, 310.265
85.9378, 310.265
85.9608, 310.265
85.9948, 310.265
86.0002, 310.265
86.008, 310.265
86.0368, 310.265
86.0478, 310.265
86.0884, 310.265
86.1122, 310.265
86.1531, 310.265
86.1769, 310.265
86.1927, 310.265
86.2403, 310.265
86.2442, 310.265
86.2493, 310.265
86.2887, 310.265
86.306, 310.265
86.3482, 310.265
86.3934, 310.265
86.3943, 310.265
86.4303, 310.265
86.445, 310.265
86.4828, 310.265
86.517, 310.265
86.5274, 310.265
86.5315, 310.265
86.5336, 310.265
86.5423, 310.265
86.6136, 310.265
86.6467, 310.265
86.657, 310.265
86.6788, 310.265
86.6997, 310.265
86.7487, 310.265
86.7736, 310.265
86.8042, 310.265
86.8528, 310.265
86.8669, 310.265
86.9185, 310.265
86.951, 310.265
86.964, 310.265
86.9711, 310.265
87.0032, 310.265
87.022, 310.265
87.0569, 310.265
87.0666, 310.265
87.0894, 310.265
87.1193, 310.265
87.1408, 310.265
87.1871, 310.265
87.1941, 310.265
87.2062, 310.265
87.2368, 310.265
87.2527, 310.265
87.2873, 310.265
87.3102, 310.265
87.3619, 310.265
87.3809, 310.265
87.3942, 310.265
87.4056, 310.265
87.4498, 310.265
87.4513, 310.265
87.4772, 310.265
87.5076, 310.265
87.519, 310.265
87.5666, 310.264
87.6113, 310.264
87.6132, 310.264
87.6136, 310.264
87.6516, 310.264
87.6615, 310.264
87.6745, 310.264
87.7166, 310.264
87.7404, 310.264
87.8057, 310.264
87.8074, 310.264
87.8077, 310.264
87.8107, 310.264
87.8829, 310.264
87.9426, 310.264
88.0032, 310.264
88.0157, 310.264
88.0675, 310.264
88.0789, 310.264
88.0834, 310.264
88.1083, 310.264
88.132, 310.264
88.1768, 310.264
88.2096, 310.264
88.2273, 310.264
88.2713, 310.264
88.2911, 310.264
88.3, 310.264
88.3124, 310.264
88.3723, 310.264
88.3854, 310.264
88.3921, 310.264
88.4305, 310.264
88.4329, 310.264
88.4472, 310.264
88.4618, 310.264
88.4685, 310.264
88.4734, 310.264
88.5565, 310.264
88.5581, 310.264
88.5655, 310.264
88.617, 310.264
88.6347, 310.264
88.6509, 310.264
88.6613, 310.264
88.67, 310.264
88.7274, 310.264
88.7503, 310.264
88.7731, 310.264
88.781, 310.264
88.7902, 310.264
88.8185, 310.264
88.8494, 310.264
88.8636, 310.264
88.8893, 310.264
88.902, 310.264
88.9178, 310.264
88.9284, 310.264
88.9668, 310.264
89.0069, 310.264
89.033, 310.264
89.0571, 310.264
89.0839, 310.264
89.0992, 310.264
89.1333, 310.264
89.1666, 310.264
89.1693, 310.264
89.1707, 310.264
89.1734, 310.264
89.2164, 310.263
89.266, 310.263
89.2898, 310.263
89.3131, 310.263
89.3413, 310.263
89.3445, 310.263
89.365, 310.263
89.3676, 310.263
89.4282, 310.263
89.47, 310.263
89.4784, 310.263
89.5011, 310.263
89.5132, 310.263
89.537, 310.263
89.5596, 310.263
89.5665, 310.263
89.6297, 310.263
89.6298, 310.263
89.6817, 310.263
89.7132, 310.263
89.7267, 310.263
89.7754, 310.263
89.806, 310.263
89.8208, 310.263
89.8681, 310.263
89.8863, 310.263
89.8988, 310.263
89.9685, 310.263
90.0196, 310.263
90.0233, 310.263
90.0743, 310.263
90.1031, 310.263
90.1753, 310.263
90.1791, 310.263
90.214, 310.263
90.2681, 310.263
90.3092, 310.263
90.33, 310.263
90.3553, 310.263
90.3748, 310.263
90.3997, 310.263
90.4109, 310.263
90.4424, 310.263
90.4674, 310.263
90.4851, 310.263
90.5412, 310.263
90.5421, 310.263
90.5857, 310.263
90.6251, 310.263
90.6606, 310.263
90.6752, 310.263
90.6837, 310.263
90.7147, 310.263
90.7654, 310.262
90.7715, 310.262
90.8251, 310.262
90.8711, 310.262
90.8823, 310.262
90.8887, 310.262
90.9304, 310.262
90.9573, 310.262
90.9785, 310.262
91.0028, 310.262
91.0887, 310.262
91.104, 310.262
91.1096, 310.262
91.1328, 310.262
91.1663, 310.262
91.1996, 310.262
91.2163, 310.262
91.2832, 310.262
91.289, 310.262
91.3259, 310.262
91.3758, 310.262
91.381, 310.262
91.3847, 310.262
91.4436, 310.262
91.4658, 310.262
91.4725, 310.262
91.5009, 310.262
91.5217, 310.262
91.5328, 310.262
91.5728, 310.262
91.5816, 310.262
91.6145, 310.262
91.6192, 310.262
91.6484, 310.262
91.6856, 310.262
91.7129, 310.262
91.7213, 310.262
91.7322, 310.262
91.7664, 310.262
91.7996, 310.262
91.8138, 310.262
91.8606, 310.262
91.8892, 310.262
91.9063, 310.262
91.969, 310.262
91.9857, 310.262
92.0271, 310.262
92.0669, 310.262
92.0868, 310.262
92.1357, 310.262
92.1491, 310.262
92.1878, 310.261
92.1951, 310.261
92.2143, 310.261
92.2528, 310.261
92.2535, 310.261
92.2557, 310.261
92.3085, 310.261
92.3369, 310.261
92.3571, 310.261
92.422, 310.261
92.4421, 310.261
92.4701, 310.261
92.476, 310.261
92.4921, 310.261
92.5376, 310.261
92.5818, 310.261
92.6034, 310.261
92.6078, 310.261
92.6577, 310.261
92.6617, 310.261
92.6651, 310.261
92.6959, 310.261
92.7207, 310.261
92.7561, 310.261
92.7825, 310.261
92.8195, 310.261
92.8363, 310.261
92.8536, 310.261
92.8664, 310.261
92.8807, 310.261
92.9173, 310.261
92.9315, 310.261
92.9705, 310.261
93.0121, 310.261
93.0217, 310.261
93.0575, 310.261
93.0717, 310.261
93.1215, 310.261
93.1221, 310.261
93.1584, 310.261
93.2015, 310.261
93.2152, 310.261
93.2362, 310.261
93.2811, 310.261
93.305, 310.261
93.3295, 310.261
93.3868, 310.261
93.419, 310.261
93.4358, 310.261
93.4695, 310.261
93.4919, 310.261
93.5098, 310.261
93.5238, 310.261
93.5675, 310.26
93.6326, 310.26
93.642, 310.26
93.664, 310.26
93.6964, 310.26
93.7046, 310.26
93.7152, 310.26
93.7477, 310.26
93.7673, 310.26
93.7777, 310.26
93.8014, 310.26
93.815, 310.26
93.8544, 310.26
93.8642, 310.26
93.9024, 310.26
93.9117, 310.26
93.9454, 310.26
93.9632, 310.26
93.9804, 310.26
94.0179, 310.26
94.0285, 310.26
94.0769, 310.26
94.0969, 310.26
94.0981, 310.26
94.0992, 310.26
94.1428, 310.26
94.1587, 310.26
94.1764, 310.26
94.1812, 310.26
94.197, 310.26
94.2174, 310.26
94.2248, 310.26
94.2638, 310.26
94.3095, 310.26
94.3171, 310.26
94.3196, 310.26
94.3336, 310.26
94.3869, 310.26
94.3898, 310.26
94.3961, 310.26
94.4258, 310.26
94.4439, 310.26
94.4709, 310.26
94.4759, 310.26
94.5002, 310.26
94.5463, 310.26
94.5655, 310.26
94.5834, 310.26
94.5976, 310.26
94.6389, 310.26
94.6864, 310.26
94.7303, 310.26
94.7451, 310.26
94.7893, 310.26
94.8498, 310.259
94.8566, 310.259
94.8867, 310.259
94.8968, 310.259
94.9367, 310.259
94.9516, 310.259
94.9747, 310.259
95.0077, 310.259
95.0608, 310.259
95.0717, 310.259
95.0972, 310.259
95.1409, 310.259
95.1683, 310.259
95.1991, 310.259
95.2386, 310.259
95.2637, 310.259
95.3005, 310.259
95.3107, 310.259
95.3151, 310.259
95.3457, 310.259
95.3714, 310.259
95.3999, 310.259
95.4282, 310.259
95.4337, 310.259
95.4788, 310.259
95.5157, 310.259
95.5273, 310.259
95.5482, 310.259
95.579, 310.259
95.6106, 310.259
95.641, 310.259
95.6636, 310.259
95.6949, 310.259
95.7043, 310.259
95.7622, 310.259
95.7692, 310.259
95.7776, 310.259
95.8078, 310.259
95.8522, 310.259
95.8694, 310.259
95.924, 310.259
95.9298, 310.259
95.932, 310.259
95.9493, 310.259
95.9806, 310.259
96.0127, 310.259
96.0302, 310.259
96.0555, 310.258
96.0923, 310.258
96.1084, 310.258
96.1581, 310.258
96.1899, 310.258
96.233, 310.258
96.2609, 310.258
96.3062, 310.258
96.3307, 310.258
96.3471, 310.258
96.3811, 310.258
96.3892, 310.258
96.3933, 310.258
96.4388, 310.258
96.4429, 310.258
96.4864, 310.258
96.5127, 310.258
96.5452, 310.258
96.5645, 310.258
96.6053, 310.258
96.6416, 310.258
96.6504, 310.258
96.6937, 310.258
96.6982, 310.258
96.7347, 310.258
96.7676, 310.258
96.77, 310.258
96.8107, 310.258
96.8462, 310.258
96.8538, 310.258
96.8843, 310.258
96.8935, 310.258
96.9213, 310.258
96.9321, 310.258
96.938, 310.258
96.946, 310.258
96.9898, 310.258
97.0365, 310.258
97.0442, 310.258
97.0838, 310.258
97.0885, 310.258
97.1399, 310.258
97.1431, 310.258
97.1462, 310.258
97.1823, 310.258
97.2134, 310.258
97.2182, 310.258
97.2387, 310.257
97.2688, 310.257
97.2876, 310.257
97.3038, 310.257
97.3421, 310.257
97.3585, 310.257
97.3996, 310.257
97.4049, 310.257
97.4904, 310.257
97.5233, 310.257
97.5478, 310.257
97.5679, 310.257
97.6301, 310.257
97.6527, 310.257
97.6553, 310.257
97.688, 310.257
97.7045, 310.257
97.7296, 310.257
97.7485, 310.257
97.7772, 310.257
97.7905, 310.257
97.8652, 310.257
97.8813, 310.257
97.9129, 310.257
97.9342, 310.257
97.9598, 310.257
97.9822, 310.257
98.0219, 310.257
98.0493, 310.257
98.0503, 310.257
98.0512, 310.257
98.119, 310.257
98.158, 310.257
98.1692, 310.257
98.1981, 310.257
98.2041, 310.257
98.2389, 310.257
98.2448, 310.257
98.2871, 310.257
98.2896, 310.257
98.3007, 310.257
98.3774, 310.256
98.3919, 310.256
98.4304, 310.256
98.4314, 310.256
98.4917, 310.256
98.5254, 310.256
98.5427, 310.256
98.5932, 310.256
98.6047, 310.256
98.6495, 310.256
98.6775, 310.256
98.7187, 310.256
98.7218, 310.256
98.7298, 310.256
98.7615, 310.256
98.7701, 310.256
98.7992, 310.256
98.8392, 310.256
98.8519, 310.256
98.8646, 310.256
98.8881, 310.256
98.911, 310.256
98.922, 310.256
98.9384, 310.256
99.009, 310.256
99.042, 310.256
99.0931, 310.256
99.1091, 310.256
99.185, 310.256
99.1931, 310.256
99.2331, 310.256
99.2727, 310.256
99.2809, 310.256
99.2927, 310.256
99.3345, 310.256
99.3718, 310.256
99.4148, 310.255
99.4551, 310.255
99.46, 310.255
99.4629, 310.255
99.547, 310.255
99.5507, 310.255
99.5533, 310.255
99.5869, 310.255
99.6185, 310.255
99.6394, 310.255
99.6548, 310.255
99.6758, 310.255
99.6866, 310.255
99.7174, 310.255
99.7714, 310.255
99.8084, 310.255
99.8332, 310.255
99.8657, 310.255
99.9067, 310.255
99.9196, 310.255
99.9221, 310.255
99.985, 310.255
99.9883, 310.255
100.042, 310.255
100.071, 310.255
100.083, 310.255
100.11, 310.255
100.142, 310.255
100.172, 310.255
100.208, 310.255
100.214, 310.255
100.263, 310.255
100.299, 310.255
100.303, 310.255
100.364, 310.255
100.366, 310.255
100.377, 310.255
100.411, 310.255
100.429, 310.255
100.438, 310.255
100.466, 310.254
100.503, 310.254
100.513, 310.254
100.519, 310.254
100.526, 310.254
100.566, 310.254
100.579, 310.254
100.588, 310.254
100.616, 310.254
100.671, 310.254
100.677, 310.254
100.69, 310.254
100.702, 310.254
100.764, 310.254
100.791, 310.254
100.822, 310.254
100.887, 310.254
100.906, 310.254
100.924, 310.254
100.955, 310.254
100.969, 310.254
100.999, 310.254
101.008, 310.254
101.039, 310.254
101.06, 310.254
101.095, 310.254
101.1, 310.254
101.143, 310.254
101.177, 310.254
101.195, 310.254
101.205, 310.254
101.255, 310.254
101.312, 310.254
101.316, 310.254
101.354, 310.254
101.357, 310.254
101.41, 310.254
101.441, 310.253
101.481, 310.253
101.497, 310.253
101.537, 310.253
101.547, 310.253
101.572, 310.253
101.6, 310.253
101.639, 310.253
101.673, 310.253
101.684, 310.253
101.747, 310.253
101.777, 310.253
101.817, 310.253
101.828, 310.253
101.843, 310.253
101.859, 310.253
101.882, 310.253
101.894, 310.253
101.933, 310.253
101.936, 310.253
101.977, 310.253
101.994, 310.253
102.017, 310.253
102.064, 310.253
102.092, 310.253
102.116, 310.253
102.141, 310.253
102.168, 310.253
102.201, 310.253
102.259, 310.253
102.262, 310.253
102.27, 310.253
102.306, 310.253
102.334, 310.253
102.344, 310.253
102.355, 310.253
102.42, 310.252
102.448, 310.252
102.48, 310.252
102.505, 310.252
102.522, 310.252
102.569, 310.252
102.6, 310.252
102.62, 310.252
102.621, 310.252
102.621, 310.252
102.661, 310.252
102.669, 310.252
102.723, 310.252
102.728, 310.252
102.771, 310.252
102.798, 310.252
102.811, 310.252
102.829, 310.252
102.856, 310.252
102.86, 310.252
102.893, 310.252
102.928, 310.252
102.944, 310.252
102.978, 310.252
103.02, 310.252
103.046, 310.252
103.055, 310.252
103.066, 310.252
103.129, 310.252
103.14, 310.252
103.188, 310.252
103.204, 310.252
103.212, 310.252
103.232, 310.252
103.261, 310.252
103.306, 310.252
103.327, 310.252
103.365, 310.251
103.394, 310.251
103.403, 310.251
103.442, 310.251
103.489, 310.251
103.49, 310.251
103.492, 310.251
103.586, 310.251
103.607, 310.251
103.616, 310.251
103.673, 310.251
103.677, 310.251
103.728, 310.251
103.761, 310.251
103.774, 310.251
103.813, 310.251
103.832, 310.251
103.885, 310.251
103.902, 310.251
103.936, 310.251
103.944, 310.251
103.955, 310.251
103.979, 310.251
103.996, 310.251
104.044, 310.251
104.086, 310.251
104.096, 310.251
104.113, 310.251
104.152, 310.251
104.167, 310.251
104.214, 310.251
104.245, 310.251
104.252, 310.251
104.26, 310.251
104.297, 310.25
104.317, 310.25
104.353, 310.25
104.357, 310.25
104.394, 310.25
104.41, 310.25
104.439, 310.25
104.457, 310.25
104.489, 310.25
104.514, 310.25
104.563, 310.25
104.566, 310.25
104.621, 310.25
104.684, 310.25
104.691, 310.25
104.704, 310.25
104.764, 310.25
104.793, 310.25
104.827, 310.25
104.844, 310.25
104.855, 310.25
104.874, 310.25
104.933, 310.25
104.933, 310.25
104.978, 310.25
105.009, 310.25
105.03, 310.25
105.039, 310.25
105.068, 310.25
105.083, 310.25
105.098, 310.25
105.139, 310.25
105.164, 310.25
105.186, 310.25
105.197, 310.249
105.228, 310.249
105.245, 310.249
105.26, 310.249
105.325, 310.249
105.338, 310.249
105.378, 310.249
105.395, 310.249
105.42, 310.249
105.444, 310.249
105.464, 310.249
105.5, 310.249
105.547, 310.249
105.551, 310.249
105.56, 310.249
105.606, 310.249
105.656, 310.249
105.677, 310.249
105.721, 310.249
105.746, 310.249
105.806, 310.249
105.833, 310.249
105.854, 310.249
105.889, 310.249
105.894, 310.249
105.902, 310.249
105.934, 310.249
105.945, 310.249
105.997, 310.249
105.999, 310.249
106.004, 310.249
106.046, 310.249
106.067, 310.249
106.107, 310.248
106.16, 310.248
106.176, 310.248
106.209, 310.248
106.289, 310.248
106.296, 310.248
106.309, 310.248
106.351, 310.248
106.369, 310.248
106.403, 310.248
106.426, 310.248
106.473, 310.248
106.493, 310.248
106.524, 310.248
106.542, 310.248
106.597, 310.248
106.602, 310.248
106.622, 310.248
106.656, 310.248
106.665, 310.248
106.672, 310.248
106.721, 310.248
106.757, 310.248
106.785, 310.248
106.811, 310.248
106.853, 310.248
106.877, 310.248
106.893, 310.248
106.914, 310.248
106.994, 310.248
107.031, 310.247
107.04, 310.247
107.105, 310.247
107.13, 310.247
107.173, 310.247
107.186, 310.247
107.239, 310.247
107.277, 310.247
107.292, 310.247
107.349, 310.247
107.373, 310.247
107.395, 310.247
107.438, 310.247
107.446, 310.247
107.486, 310.247
107.492, 310.247
107.554, 310.247
107.573, 310.247
107.653, 310.247
107.655, 310.247
107.662, 310.247
107.712, 310.247
107.733, 310.247
107.765, 310.247
107.773, 310.247
107.798, 310.247
107.812, 310.247
107.817, 310.247
107.837, 310.247
107.872, 310.247
107.921, 310.247
107.927, 310.247
107.946, 310.246
107.964, 310.246
108.017, 310.246
108.017, 310.246
108.018, 310.246
108.08, 310.246
108.098, 310.246
108.107, 310.246
108.138, 310.246
108.141, 310.246
108.186, 310.246
108.19, 310.246
108.216, 310.246
108.25, 310.246
108.264, 310.246
108.272, 310.246
108.324, 310.246
108.326, 310.246
108.361, 310.246
108.402, 310.246
108.434, 310.246
108.45, 310.246
108.477, 310.246
108.51, 310.246
108.537, 310.246
108.581, 310.246
108.613, 310.246
108.625, 310.246
108.639, 310.246
108.675, 310.246
108.7, 310.246
108.743, 310.246
108.746, 310.246
108.804, 310.246
108.826, 310.246
108.858, 310.246
108.908, 310.246
108.922, 310.246
108.96, 310.245
108.982, 310.245
109.041, 310.245
109.063, 310.245
109.088, 310.245
109.137, 310.245
109.166, 310.245
109.192, 310.245
109.264, 310.245
109.279, 310.245
109.301, 310.245
109.328, 310.245
109.36, 310.245
109.384, 310.245
109.389, 310.245
109.394, 310.245
109.401, 310.245
109.428, 310.245
109.437, 310.245
109.452, 310.245
109.479, 310.245
109.493, 310.245
109.534, 310.245
109.534, 310.245
109.564, 310.245
109.585, 310.245
109.604, 310.245
109.625, 310.245
109.658, 310.245
109.717, 310.245
109.72, 310.245
109.754, 310.245
109.773, 310.245
109.803, 310.245
109.809, 310.245
109.843, 310.245
109.894, 310.245
109.906, 310.245
109.953, 310.245
110, 310.245
110.105, 310.243
110.129, 310.242
110.173, 310.241
110.208, 310.241
110.359, 310.239
110.469, 310.237
110.74, 310.235
110.85, 310.234
111, 310.234


