X,T
2.09262e-17, 310.15
0.0903955, 310.15
0.141265, 310.15
0.229424, 310.15
0.708137, 310.15
0.791492, 310.15
1.05884, 310.15
1.09589, 310.15
1.14179, 310.15
1.4805, 310.15
1.55501, 310.15
1.78486, 310.15
2.18237, 310.15
2.26483, 310.15
2.34107, 310.15
2.6889, 310.15
3.07325, 310.15
3.38317, 310.15
3.39791, 310.15
3.66442, 310.15
3.77039, 310.15
3.77537, 310.15
4.24423, 310.15
4.31313, 310.15
4.3784, 310.15
4.76127, 310.15
5.00961, 310.15
5.1989, 310.15
5.46905, 310.15
5.7167, 310.15
5.87061, 310.15
6.0369, 310.15
6.22547, 310.15
6.32683, 310.15
6.52783, 310.15
7.00819, 310.15
7.19916, 310.15
7.19926, 310.15
7.19935, 310.15
7.19943, 310.15
7.52894, 310.15
7.7942, 310.15
8.17681, 310.15
8.26562, 310.15
8.38741, 310.15
8.40568, 310.15
8.41078, 310.15
8.55214, 310.15
8.67596, 310.15
9.06566, 310.15
9.23281, 310.15
9.39447, 310.15
9.6287, 310.15
9.70503, 310.15
10.1303, 310.15
10.1717, 310.15
10.2596, 310.15
10.5599, 310.15
10.8417, 310.15
10.9348, 310.15
11.1865, 310.15
11.3183, 310.15
11.403, 310.15
11.803, 310.15
11.8234, 310.15
12.187, 310.15
12.342, 310.15
12.545, 310.15
12.8547, 310.15
13.4119, 310.15
13.427, 310.15
13.4433, 310.15
13.7615, 310.15
14.2187, 310.15
14.4168, 310.15
14.7899, 310.15
15.0367, 310.15
15.2229, 310.15
15.795, 310.15
16.0474, 310.15
16.0933, 310.15
16.1218, 310.15
16.6902, 310.15
16.7606, 310.15
17.3317, 310.15
17.337, 310.15
17.3426, 310.15
17.4574, 310.15
17.6384, 310.15
17.7018, 310.15
18.0373, 310.15
18.0477, 310.15
18.0828, 310.15
18.1215, 310.15
18.1441, 310.15
18.6126, 310.15
18.6878, 310.15
18.7968, 310.15
18.8045, 310.15
18.821, 310.15
19.0267, 310.15
19.592, 310.15
19.8821, 310.15
20.0029, 310.15
20.3714, 310.15
20.4658, 310.15
20.9891, 310.15
21.0854, 310.15
21.1437, 310.15
21.7656, 310.15
21.8426, 310.15
21.9858, 310.15
22.235, 310.15
22.2553, 310.15
22.698, 310.15
22.8837, 310.15
23.0547, 310.15
23.3328, 310.15
23.5018, 310.15
23.7313, 310.15
23.8652, 310.15
24.2419, 310.15
24.3731, 310.15
24.4116, 310.15
24.8026, 310.15
25.1311, 310.15
25.2087, 310.15
25.4274, 310.15
25.6986, 310.15
25.7217, 310.15
26.133, 310.15
26.4292, 310.15
26.5086, 310.15
26.5557, 310.15
27.0391, 310.15
27.4219, 310.15
27.7078, 310.15
27.7835, 310.15
27.8546, 310.15
28.2329, 310.15
28.44, 310.15
28.5781, 310.15
28.9577, 310.15
29.0967, 310.15
29.3085, 310.15
29.566, 310.15
29.672, 310.15
29.9659, 310.15
30.0065, 310.15
30.1606, 310.15
30.4722, 310.15
30.7489, 310.15
30.908, 310.15
31.0428, 310.15
31.1105, 310.15
31.4759, 310.15
31.4944, 310.15
31.5441, 310.15
31.9429, 310.15
32.1214, 310.15
32.2993, 310.15
32.4684, 310.15
32.7468, 310.15
32.8015, 310.15
32.8228, 310.15
33.301, 310.15
33.3191, 310.15
33.4529, 310.15
33.9825, 310.15
34.1242, 310.15
34.152, 310.15
34.1937, 310.15
34.3456, 310.15
34.577, 310.15
34.8785, 310.15
35.0135, 310.15
35.4334, 310.15
35.6476, 310.15
36.0695, 310.15
36.3237, 310.15
36.3819, 310.15
36.4311, 310.15
37.0437, 310.15
37.0855, 310.15
37.1178, 310.15
37.1374, 310.15
37.8021, 310.15
37.8567, 310.15
38.0724, 310.15
38.3626, 310.15
38.5125, 310.15
38.7224, 310.15
39.0847, 310.15
39.0964, 310.15
39.3146, 310.15
39.4063, 310.15
39.4082, 310.15
39.6904, 310.15
39.9938, 310.15
40.062, 310.15
40.1912, 310.15
40.3596, 310.15
40.5299, 310.15
40.588, 310.15
40.9933, 310.15
41.0776, 310.15
41.1847, 310.15
41.465, 310.15
41.7133, 310.15
41.7874, 310.15
42.0481, 310.15
42.274, 310.15
42.3664, 310.15
42.3883, 310.15
42.3973, 310.15
42.4565, 310.15
42.4969, 310.15
42.5506, 310.15
42.6038, 310.15
43.0819, 310.15
43.3231, 310.15
43.7691, 310.15
43.8827, 310.15
43.9984, 310.15
44.1968, 310.15
44.5705, 310.15
44.7096, 310.15
44.804, 310.15
44.9452, 310.15
45.4681, 310.15
45.6153, 310.15
45.9118, 310.15
46.1602, 310.15
46.3201, 310.15
46.4781, 310.15
46.6506, 310.15
47.158, 310.15
47.6356, 310.15
47.674, 310.15
47.7769, 310.15
47.8754, 310.15
48.3765, 310.15
48.5892, 310.15
48.7111, 310.15
48.8098, 310.15
48.9427, 310.15
49.0679, 310.15
49.1731, 310.15
49.4676, 310.15
49.5549, 310.15
50.0969, 310.15
50.2496, 310.15
50.3153, 310.15
50.3946, 310.15
50.4517, 310.15
50.8106, 310.15
51.1101, 310.15
51.2417, 310.15
51.4025, 310.15
51.8102, 310.15
52.1665, 310.15
52.2838, 310.15
52.64, 310.15
52.9014, 310.15
52.9145, 310.15
53.4841, 310.15
53.5016, 310.15
53.5151, 310.15
53.6308, 310.15
53.6631, 310.15
54.3206, 310.15
54.4727, 310.15
54.801, 310.15
55.0302, 310.15
55.4036, 310.15
55.6631, 310.15
55.8005, 310.15
55.9446, 310.15
56.197, 310.15
56.5264, 310.15
56.839, 310.15
56.9727, 310.151
57.3604, 310.151
57.6024, 310.151
57.6674, 310.151
57.8469, 310.151
57.8523, 310.151
57.8561, 310.151
57.8621, 310.151
58, 310.151
58.0465, 310.151
58.1119, 310.151
58.1135, 310.151
58.1628, 310.151
58.1748, 310.151
58.1936, 310.151
58.2198, 310.151
58.2534, 310.151
58.2915, 310.151
58.309, 310.151
58.337, 310.151
58.3644, 310.151
58.3882, 310.151
58.418, 310.151
58.456, 310.151
58.4753, 310.151
58.4888, 310.151
58.5199, 310.151
58.5599, 310.151
58.5974, 310.151
58.6299, 310.151
58.6516, 310.151
58.6933, 310.151
58.7634, 310.151
58.7658, 310.151
58.7678, 310.151
58.7695, 310.151
58.8362, 310.151
58.8617, 310.151
58.888, 310.151
58.9138, 310.151
58.9612, 310.151
58.9662, 310.151
59.0222, 310.151
59.0241, 310.151
59.025, 310.151
59.069, 310.151
59.1138, 310.151
59.1283, 310.151
59.1792, 310.151
59.181, 310.151
59.2262, 310.151
59.2293, 310.151
59.2813, 310.151
59.2884, 310.151
59.348, 310.151
59.3938, 310.151
59.407, 310.151
59.4266, 310.151
59.4507, 310.151
59.5014, 310.151
59.519, 310.151
59.5595, 310.151
59.5838, 310.151
59.62, 310.151
59.64, 310.151
59.6595, 310.151
59.6882, 310.151
59.7378, 310.151
59.7611, 310.151
59.7899, 310.151
59.8153, 310.151
59.8283, 310.151
59.8348, 310.151
59.8394, 310.151
59.8765, 310.151
59.8896, 310.151
59.9093, 310.151
59.9351, 310.151
59.9708, 310.151
59.9854, 310.151
60.0186, 310.151
60.0229, 310.151
60.0279, 310.151
60.0588, 310.151
60.09, 310.151
60.1176, 310.151
60.1561, 310.151
60.1831, 310.151
60.208, 310.151
60.2372, 310.151
60.2649, 310.151
60.2888, 310.151
60.3674, 310.151
60.3953, 310.151
60.429, 310.151
60.453, 310.151
60.4925, 310.151
60.5187, 310.151
60.5492, 310.151
60.5625, 310.151
60.6045, 310.151
60.6799, 310.151
60.6816, 310.151
60.7551, 310.151
60.7635, 310.151
60.7674, 310.151
60.7782, 310.151
60.8379, 310.151
60.8812, 310.151
60.9022, 310.151
60.9153, 310.151
60.9646, 310.151
60.9711, 310.151
61.0118, 310.151
61.0383, 310.151
61.0631, 310.151
61.0933, 310.151
61.1051, 310.151
61.1454, 310.151
61.1642, 310.151
61.1911, 310.151
61.2081, 310.151
61.2135, 310.151
61.2246, 310.151
61.2482, 310.151
61.2598, 310.151
61.2787, 310.151
61.2889, 310.151
61.3283, 310.151
61.3614, 310.151
61.3683, 310.151
61.406, 310.151
61.4587, 310.151
61.4672, 310.151
61.4749, 310.151
61.5028, 310.151
61.5506, 310.151
61.5526, 310.151
61.5544, 310.151
61.6148, 310.151
61.6271, 310.151
61.6788, 310.151
61.6922, 310.151
61.7097, 310.151
61.7288, 310.151
61.7665, 310.151
61.7897, 310.151
61.8136, 310.151
61.8375, 310.151
61.847, 310.151
61.8481, 310.151
61.8578, 310.151
61.9687, 310.151
61.9703, 310.151
61.9714, 310.151
61.9742, 310.151
62.0445, 310.151
62.0768, 310.151
62.127, 310.151
62.1359, 310.151
62.1615, 310.151
62.1955, 310.151
62.2009, 310.151
62.2475, 310.151
62.2624, 310.151
62.3204, 310.151
62.3247, 310.151
62.3354, 310.151
62.3867, 310.151
62.4337, 310.151
62.4611, 310.151
62.4851, 310.151
62.5113, 310.151
62.5387, 310.151
62.5821, 310.151
62.5964, 310.151
62.6394, 310.151
62.677, 310.151
62.7208, 310.151
62.7303, 310.151
62.7472, 310.151
62.7812, 310.151
62.8126, 310.151
62.8234, 310.151
62.8566, 310.151
62.8604, 310.151
62.9071, 310.151
62.9244, 310.152
62.9532, 310.152
62.9981, 310.152
63.0354, 310.152
63.0607, 310.152
63.0934, 310.152
63.1238, 310.152
63.1616, 310.152
63.1773, 310.152
63.2028, 310.152
63.2507, 310.152
63.2774, 310.152
63.3091, 310.152
63.3322, 310.152
63.3638, 310.152
63.4031, 310.152
63.4546, 310.152
63.468, 310.152
63.5132, 310.152
63.5173, 310.152
63.5608, 310.152
63.5786, 310.152
63.6083, 310.152
63.658, 310.152
63.6989, 310.152
63.7139, 310.152
63.7476, 310.152
63.7845, 310.152
63.7894, 310.152
63.7976, 310.152
63.8338, 310.152
63.8753, 310.152
63.8778, 310.152
63.9196, 310.152
63.9592, 310.152
63.9746, 310.152
63.9765, 310.152
64.0203, 310.152
64.0332, 310.152
64.1037, 310.152
64.1213, 310.152
64.1502, 310.152
64.1673, 310.152
64.2101, 310.152
64.22, 310.152
64.2472, 310.152
64.2665, 310.152
64.2927, 310.152
64.3407, 310.152
64.3499, 310.152
64.397, 310.152
64.4215, 310.152
64.4436, 310.152
64.4725, 310.152
64.4892, 310.152
64.538, 310.152
64.5423, 310.152
64.6306, 310.152
64.6454, 310.152
64.6691, 310.152
64.6835, 310.152
64.6895, 310.152
64.699, 310.152
64.7449, 310.152
64.7698, 310.152
64.7819, 310.152
64.8139, 310.152
64.8342, 310.152
64.8772, 310.152
64.8957, 310.152
64.9459, 310.152
64.9533, 310.152
64.9702, 310.152
64.9987, 310.152
65.0116, 310.152
65.0761, 310.152
65.0788, 310.152
65.0799, 310.152
65.0818, 310.152
65.1502, 310.152
65.1543, 310.152
65.2009, 310.152
65.2055, 310.152
65.2263, 310.152
65.2531, 310.152
65.2631, 310.152
65.2935, 310.152
65.3118, 310.152
65.3572, 310.152
65.4084, 310.152
65.4211, 310.152
65.4842, 310.152
65.5249, 310.152
65.5383, 310.152
65.5438, 310.152
65.5515, 310.152
65.6139, 310.152
65.6269, 310.152
65.63, 310.152
65.6408, 310.152
65.7151, 310.152
65.7333, 310.152
65.7387, 310.152
65.7437, 310.152
65.7984, 310.152
65.8177, 310.152
65.8483, 310.152
65.8987, 310.152
65.8992, 310.152
65.9561, 310.152
65.9739, 310.152
66.0089, 310.152
66.0266, 310.152
66.0468, 310.152
66.091, 310.152
66.1127, 310.152
66.1291, 310.152
66.1362, 310.152
66.184, 310.152
66.2452, 310.152
66.2716, 310.152
66.2861, 310.152
66.3133, 310.152
66.334, 310.152
66.3674, 310.152
66.3834, 310.152
66.3985, 310.152
66.4594, 310.152
66.4654, 310.152
66.4761, 310.152
66.4839, 310.152
66.51, 310.152
66.5319, 310.152
66.5401, 310.152
66.563, 310.152
66.5783, 310.152
66.5922, 310.152
66.6297, 310.152
66.641, 310.152
66.6601, 310.152
66.7512, 310.152
66.7793, 310.152
66.8426, 310.152
66.8484, 310.152
66.8625, 310.152
66.896, 310.152
66.9067, 310.152
66.9559, 310.152
67.0142, 310.153
67.0158, 310.153
67.0173, 310.153
67.0703, 310.153
67.0768, 310.153
67.1445, 310.153
67.1508, 310.153
67.1564, 310.153
67.1756, 310.153
67.2008, 310.153
67.2273, 310.153
67.2473, 310.153
67.2922, 310.153
67.2988, 310.153
67.3132, 310.153
67.3285, 310.153
67.3376, 310.153
67.3637, 310.153
67.4102, 310.153
67.4574, 310.153
67.4805, 310.153
67.4985, 310.153
67.53, 310.153
67.5781, 310.153
67.5901, 310.153
67.5956, 310.153
67.6078, 310.153
67.6636, 310.153
67.6905, 310.153
67.7286, 310.153
67.7329, 310.153
67.7349, 310.153
67.7641, 310.153
67.7752, 310.153
67.7774, 310.153
67.8123, 310.153
67.8296, 310.153
67.8356, 310.153
67.8801, 310.153
67.8985, 310.153
67.9447, 310.153
67.9674, 310.153
67.9827, 310.153
68.0193, 310.153
68.0394, 310.153
68.0763, 310.153
68.1116, 310.153
68.1513, 310.153
68.156, 310.153
68.1592, 310.153
68.2078, 310.153
68.2425, 310.153
68.2675, 310.153
68.283, 310.153
68.3283, 310.153
68.3549, 310.153
68.3593, 310.153
68.3641, 310.153
68.4035, 310.153
68.4081, 310.153
68.4279, 310.153
68.461, 310.153
68.5068, 310.153
68.5084, 310.153
68.5119, 310.153
68.5828, 310.153
68.6254, 310.153
68.6521, 310.153
68.6859, 310.153
68.729, 310.153
68.7757, 310.153
68.7888, 310.153
68.8211, 310.153
68.8657, 310.153
68.8852, 310.153
68.9437, 310.153
68.9601, 310.153
69.0092, 310.153
69.0245, 310.153
69.0536, 310.153
69.0826, 310.153
69.0934, 310.153
69.1295, 310.153
69.1677, 310.153
69.1813, 310.153
69.2124, 310.153
69.2614, 310.153
69.2933, 310.153
69.3313, 310.153
69.3378, 310.154
69.3802, 310.154
69.4021, 310.154
69.4502, 310.154
69.4688, 310.154
69.5191, 310.154
69.5313, 310.154
69.5608, 310.154
69.5748, 310.154
69.6077, 310.154
69.6402, 310.154
69.6853, 310.154
69.7033, 310.154
69.7288, 310.154
69.7517, 310.154
69.797, 310.154
69.8113, 310.154
69.8409, 310.154
69.8594, 310.154
69.8694, 310.154
69.9269, 310.154
69.9549, 310.154
69.9958, 310.154
70.0078, 310.154
70.0217, 310.154
70.0691, 310.154
70.0865, 310.154
70.1295, 310.154
70.1889, 310.154
70.2325, 310.154
70.2424, 310.154
70.2437, 310.154
70.299, 310.154
70.3361, 310.154
70.3461, 310.154
70.42, 310.154
70.4418, 310.154
70.47, 310.154
70.479, 310.154
70.5059, 310.154
70.5246, 310.154
70.5385, 310.154
70.5632, 310.154
70.6066, 310.154
70.6342, 310.154
70.6417, 310.154
70.6837, 310.154
70.7156, 310.154
70.7267, 310.154
70.7373, 310.154
70.7644, 310.154
70.7782, 310.154
70.8133, 310.154
70.8332, 310.154
70.8675, 310.154
70.8809, 310.154
70.9385, 310.154
70.9393, 310.154
70.9955, 310.154
71.0188, 310.154
71.0626, 310.155
71.0681, 310.155
71.1128, 310.155
71.1205, 310.155
71.153, 310.155
71.1882, 310.155
71.2131, 310.155
71.2192, 310.155
71.2363, 310.155
71.2566, 310.155
71.2975, 310.155
71.3038, 310.155
71.3808, 310.155
71.3863, 310.155
71.4521, 310.155
71.4594, 310.155
71.527, 310.155
71.529, 310.155
71.5771, 310.155
71.5867, 310.155
71.6265, 310.155
71.6461, 310.155
71.6638, 310.155
71.6945, 310.155
71.7167, 310.155
71.7346, 310.155
71.7721, 310.155
71.7815, 310.155
71.816, 310.155
71.8608, 310.155
71.8679, 310.155
71.9034, 310.155
71.9264, 310.155
71.985, 310.155
72.0005, 310.155
72.0058, 310.155
72.0399, 310.155
72.0781, 310.155
72.0965, 310.155
72.1041, 310.155
72.1316, 310.155
72.1457, 310.155
72.1527, 310.155
72.1809, 310.155
72.2115, 310.155
72.2149, 310.155
72.2547, 310.155
72.2592, 310.155
72.2996, 310.155
72.3281, 310.155
72.3386, 310.155
72.3737, 310.155
72.4261, 310.156
72.4362, 310.156
72.4619, 310.156
72.4881, 310.156
72.5146, 310.156
72.536, 310.156
72.567, 310.156
72.6584, 310.156
72.683, 310.156
72.7201, 310.156
72.7514, 310.156
72.7687, 310.156
72.7809, 310.156
72.8191, 310.156
72.8489, 310.156
72.851, 310.156
72.8583, 310.156
72.9121, 310.156
72.933, 310.156
72.9628, 310.156
72.9815, 310.156
73.0192, 310.156
73.0348, 310.156
73.0786, 310.156
73.1376, 310.156
73.1452, 310.156
73.146, 310.156
73.1471, 310.156
73.1876, 310.156
73.2378, 310.156
73.2594, 310.156
73.2783, 310.156
73.2858, 310.156
73.3173, 310.156
73.3404, 310.156
73.3768, 310.156
73.3915, 310.156
73.4731, 310.156
73.4918, 310.156
73.5074, 310.157
73.5129, 310.157
73.5358, 310.157
73.5587, 310.157
73.6371, 310.157
73.6439, 310.157
73.6495, 310.157
73.6819, 310.157
73.7155, 310.157
73.7238, 310.157
73.7502, 310.157
73.7823, 310.157
73.7941, 310.157
73.8274, 310.157
73.8371, 310.157
73.8525, 310.157
73.8859, 310.157
73.9232, 310.157
73.9315, 310.157
73.9739, 310.157
74.0072, 310.157
74.0187, 310.157
74.0462, 310.157
74.0557, 310.157
74.0593, 310.157
74.0806, 310.157
74.1304, 310.157
74.137, 310.157
74.1776, 310.157
74.224, 310.157
74.2277, 310.157
74.2741, 310.157
74.3148, 310.157
74.3162, 310.157
74.3763, 310.157
74.3823, 310.157
74.3996, 310.157
74.4346, 310.157
74.4666, 310.158
74.4894, 310.158
74.4934, 310.158
74.5327, 310.158
74.5713, 310.158
74.5898, 310.158
74.5939, 310.158
74.6443, 310.158
74.6665, 310.158
74.7039, 310.158
74.736, 310.158
74.7574, 310.158
74.7918, 310.158
74.8137, 310.158
74.8493, 310.158
74.8882, 310.158
74.9075, 310.158
74.9417, 310.158
74.9683, 310.158
74.9784, 310.158
74.9959, 310.158
75.0203, 310.158
75.061, 310.158
75.085, 310.158
75.1114, 310.158
75.1332, 310.158
75.1544, 310.158
75.198, 310.158
75.2052, 310.158
75.2396, 310.158
75.2953, 310.159
75.3614, 310.159
75.3625, 310.159
75.3632, 310.159
75.4282, 310.159
75.4724, 310.159
75.5278, 310.159
75.5658, 310.159
75.5874, 310.159
75.6293, 310.159
75.6516, 310.159
75.6634, 310.159
75.6828, 310.159
75.7226, 310.159
75.7564, 310.159
75.7864, 310.159
75.8117, 310.159
75.8615, 310.159
75.8677, 310.159
75.8788, 310.159
75.9064, 310.159
75.9362, 310.159
75.9834, 310.159
76.0044, 310.16
76.0105, 310.16
76.0613, 310.16
76.0676, 310.16
76.0805, 310.16
76.1403, 310.16
76.1576, 310.16
76.1676, 310.16
76.1996, 310.16
76.2574, 310.16
76.3005, 310.16
76.3214, 310.16
76.3355, 310.16
76.4001, 310.16
76.4057, 310.16
76.4512, 310.16
76.4523, 310.16
76.4524, 310.16
76.4532, 310.16
76.5034, 310.16
76.5098, 310.16
76.5337, 310.16
76.5599, 310.16
76.5692, 310.16
76.5935, 310.16
76.6215, 310.16
76.671, 310.161
76.6848, 310.161
76.7365, 310.161
76.7522, 310.161
76.7773, 310.161
76.8013, 310.161
76.8244, 310.161
76.8701, 310.161
76.8891, 310.161
76.919, 310.161
76.9639, 310.161
76.9988, 310.161
77.0331, 310.161
77.0617, 310.161
77.091, 310.161
77.1382, 310.161
77.1466, 310.161
77.1867, 310.161
77.2584, 310.162
77.2632, 310.162
77.2679, 310.162
77.3209, 310.162
77.323, 310.162
77.33, 310.162
77.3821, 310.162
77.3903, 310.162
77.4214, 310.162
77.4308, 310.162
77.4479, 310.162
77.4886, 310.162
77.5116, 310.162
77.5345, 310.162
77.5429, 310.162
77.5461, 310.162
77.5777, 310.162
77.6328, 310.162
77.6547, 310.162
77.7002, 310.162
77.7018, 310.162
77.7339, 310.162
77.762, 310.162
77.7773, 310.162
77.792, 310.163
77.8172, 310.163
77.8733, 310.163
77.8842, 310.163
77.8916, 310.163
77.9099, 310.163
77.9466, 310.163
77.9824, 310.163
78.0403, 310.163
78.0528, 310.163
78.0972, 310.163
78.106, 310.163
78.1422, 310.163
78.1468, 310.163
78.1833, 310.163
78.1865, 310.163
78.2253, 310.163
78.2475, 310.163
78.2922, 310.164
78.3174, 310.164
78.3521, 310.164
78.3984, 310.164
78.4504, 310.164
78.4614, 310.164
78.4666, 310.164
78.4941, 310.164
78.5004, 310.164
78.5127, 310.164
78.5456, 310.164
78.5495, 310.164
78.5803, 310.164
78.5923, 310.164
78.6294, 310.164
78.6478, 310.164
78.6965, 310.164
78.727, 310.164
78.7461, 310.164
78.7634, 310.165
78.7923, 310.165
78.8158, 310.165
78.8491, 310.165
78.8775, 310.165
78.8853, 310.165
78.8946, 310.165
78.9195, 310.165
78.9442, 310.165
78.9761, 310.165
79.0191, 310.165
79.0322, 310.165
79.0506, 310.165
79.0671, 310.165
79.1132, 310.165
79.1549, 310.165
79.1877, 310.166
79.2052, 310.166
79.2329, 310.166
79.2414, 310.166
79.2989, 310.166
79.3067, 310.166
79.3124, 310.166
79.3556, 310.166
79.4036, 310.166
79.4353, 310.166
79.4652, 310.166
79.4758, 310.166
79.4974, 310.166
79.5281, 310.166
79.58, 310.166
79.5905, 310.167
79.6358, 310.167
79.6529, 310.167
79.7133, 310.167
79.7178, 310.167
79.7234, 310.167
79.7399, 310.167
79.7537, 310.167
79.7817, 310.167
79.8044, 310.167
79.817, 310.167
79.8429, 310.167
79.8625, 310.167
79.8711, 310.167
79.8919, 310.167
79.9222, 310.167
79.9396, 310.167
80.0011, 310.168
80.012, 310.168
80.032, 310.168
80.0543, 310.168
80.0634, 310.168
80.1146, 310.168
80.1548, 310.168
80.1681, 310.168
80.1704, 310.168
80.174, 310.168
80.2428, 310.168
80.2708, 310.168
80.2925, 310.168
80.3219, 310.168
80.3635, 310.169
80.3763, 310.169
80.4201, 310.169
80.4415, 310.169
80.471, 310.169
80.487, 310.169
80.5132, 310.169
80.5147, 310.169
80.5663, 310.169
80.5865, 310.169
80.6208, 310.169
80.6559, 310.169
80.6632, 310.169
80.6639, 310.169
80.6675, 310.17
80.698, 310.17
80.7318, 310.17
80.7342, 310.17
80.7615, 310.17
80.7921, 310.17
80.8198, 310.17
80.8709, 310.17
80.8889, 310.17
80.9146, 310.17
80.9705, 310.17
80.9905, 310.171
81.0376, 310.171
81.0707, 310.171
81.0867, 310.171
81.1002, 310.171
81.1134, 310.171
81.1454, 310.171
81.1575, 310.171
81.163, 310.171
81.2008, 310.171
81.256, 310.171
81.2685, 310.171
81.2978, 310.172
81.3137, 310.172
81.3382, 310.172
81.3821, 310.172
81.4085, 310.172
81.4309, 310.172
81.4467, 310.172
81.4904, 310.172
81.495, 310.172
81.5144, 310.172
81.5378, 310.172
81.5442, 310.172
81.603, 310.173
81.638, 310.173
81.6659, 310.173
81.6994, 310.173
81.7298, 310.173
81.7433, 310.173
81.8103, 310.173
81.8453, 310.173
81.8641, 310.174
81.8867, 310.174
81.9194, 310.174
81.9521, 310.174
81.9659, 310.174
82.0048, 310.174
82.0099, 310.174
82.0189, 310.174
82.0922, 310.174
82.1427, 310.175
82.1449, 310.175
82.1475, 310.175
82.1895, 310.175
82.2375, 310.175
82.242, 310.175
82.2809, 310.175
82.3192, 310.175
82.3249, 310.175
82.3375, 310.175
82.3515, 310.175
82.39, 310.176
82.4305, 310.176
82.4351, 310.176
82.4385, 310.176
82.4997, 310.176
82.5265, 310.176
82.529, 310.176
82.5715, 310.176
82.5988, 310.176
82.6113, 310.176
82.6617, 310.177
82.6947, 310.177
82.7046, 310.177
82.7096, 310.177
82.768, 310.177
82.8, 310.177
82.863, 310.177
82.8633, 310.177
82.8637, 310.177
82.9233, 310.178
82.9311, 310.178
82.973, 310.178
82.984, 310.178
82.9947, 310.178
83.0389, 310.178
83.1007, 310.179
83.1085, 310.179
83.1107, 310.179
83.143, 310.179
83.1724, 310.179
83.1742, 310.179
83.2186, 310.179
83.2559, 310.179
83.2618, 310.179
83.2994, 310.179
83.3267, 310.18
83.3514, 310.18
83.3759, 310.18
83.4169, 310.18
83.4253, 310.18
83.4357, 310.18
83.4595, 310.18
83.4818, 310.18
83.5412, 310.181
83.5526, 310.181
83.6057, 310.181
83.6248, 310.181
83.6553, 310.181
83.6679, 310.181
83.7062, 310.181
83.7152, 310.181
83.7606, 310.182
83.7743, 310.182
83.7871, 310.182
83.8105, 310.182
83.8415, 310.182
83.8602, 310.182
83.8697, 310.182
83.8777, 310.182
83.8981, 310.182
83.9403, 310.183
83.9442, 310.183
83.9465, 310.183
83.9604, 310.183
84.0373, 310.183
84.0468, 310.183
84.0484, 310.183
84.0959, 310.183
84.1056, 310.183
84.1403, 310.184
84.1639, 310.184
84.1959, 310.184
84.2131, 310.184
84.2533, 310.184
84.2548, 310.184
84.3011, 310.184
84.3034, 310.184
84.3035, 310.184
84.3035, 310.184
84.3559, 310.185
84.3812, 310.185
84.3948, 310.185
84.4135, 310.185
84.4601, 310.185
84.4683, 310.185
84.4713, 310.185
84.5138, 310.186
84.5387, 310.186
84.5606, 310.186
84.5893, 310.186
84.6207, 310.186
84.6252, 310.186
84.6393, 310.186
84.6911, 310.187
84.7005, 310.187
84.7105, 310.187
84.7732, 310.187
84.7812, 310.187
84.7878, 310.187
84.8126, 310.187
84.8263, 310.187
84.8724, 310.188
84.9139, 310.188
84.9244, 310.188
85.0066, 310.189
85.0372, 310.189
85.0502, 310.189
85.081, 310.189
85.1041, 310.189
85.1148, 310.189
85.1499, 310.189
85.1817, 310.19
85.209, 310.19
85.2557, 310.19
85.2752, 310.19
85.3036, 310.19
85.3153, 310.19
85.3485, 310.191
85.3533, 310.191
85.3887, 310.191
85.4024, 310.191
85.4402, 310.191
85.45, 310.191
85.4685, 310.191
85.5137, 310.192
85.5527, 310.192
85.5567, 310.192
85.5584, 310.192
85.5598, 310.192
85.5968, 310.192
85.6242, 310.192
85.6731, 310.193
85.6896, 310.193
85.6996, 310.193
85.7229, 310.193
85.7738, 310.194
85.7762, 310.194
85.815, 310.194
85.8212, 310.194
85.8404, 310.194
85.8706, 310.194
85.886, 310.194
85.9136, 310.194
85.9614, 310.195
86.0144, 310.195
86.0269, 310.195
86.0785, 310.196
86.0936, 310.196
86.112, 310.196
86.1291, 310.196
86.1756, 310.196
86.1947, 310.197
86.2134, 310.197
86.2352, 310.197
86.2449, 310.197
86.285, 310.197
86.3225, 310.197
86.3308, 310.198
86.3643, 310.198
86.3766, 310.198
86.379, 310.198
86.4267, 310.198
86.437, 310.198
86.4782, 310.199
86.4933, 310.199
86.5014, 310.199
86.5378, 310.199
86.5686, 310.199
86.6194, 310.2
86.6446, 310.2
86.6767, 310.2
86.7139, 310.201
86.751, 310.201
86.7761, 310.201
86.8012, 310.201
86.8446, 310.202
86.8532, 310.202
86.8924, 310.202
86.9221, 310.202
86.9466, 310.202
86.9504, 310.202
86.9603, 310.203
86.9934, 310.203
87.0539, 310.203
87.092, 310.204
87.0926, 310.204
87.095, 310.204
87.1537, 310.204
87.1757, 310.204
87.1841, 310.204
87.1967, 310.205
87.2164, 310.205
87.2743, 310.205
87.3146, 310.206
87.327, 310.206
87.3825, 310.206
87.4031, 310.206
87.4389, 310.207
87.4496, 310.207
87.4907, 310.207
87.5376, 310.208
87.5506, 310.208
87.5852, 310.208
87.6179, 310.208
87.6245, 310.208
87.6838, 310.209
87.6997, 310.209
87.722, 310.209
87.7465, 310.21
87.7895, 310.21
87.8025, 310.21
87.8162, 310.21
87.8329, 310.21
87.8547, 310.211
87.8633, 310.211
87.882, 310.211
87.9092, 310.211
87.931, 310.211
87.9498, 310.212
87.9879, 310.212
88.0276, 310.212
88.0598, 310.213
88.076, 310.213
88.1335, 310.213
88.1395, 310.213
88.1811, 310.214
88.1922, 310.214
88.2079, 310.214
88.2329, 310.214
88.2807, 310.215
88.2839, 310.215
88.3133, 310.215
88.3461, 310.216
88.3666, 310.216
88.3756, 310.216
88.427, 310.216
88.4379, 310.217
88.4974, 310.217
88.4978, 310.217
88.4992, 310.217
88.5544, 310.218
88.5694, 310.218
88.6209, 310.219
88.6291, 310.219
88.6373, 310.219
88.7044, 310.22
88.712, 310.22
88.7172, 310.22
88.7673, 310.22
88.8044, 310.221
88.816, 310.221
88.8511, 310.221
88.8558, 310.221
88.8635, 310.221
88.9235, 310.222
88.9483, 310.222
88.9562, 310.222
88.9676, 310.223
88.9959, 310.223
89.0266, 310.223
89.0351, 310.223
89.0539, 310.224
89.0691, 310.224
89.0835, 310.224
89.1009, 310.224
89.1317, 310.224
89.174, 310.225
89.2045, 310.225
89.2321, 310.226
89.2386, 310.226
89.2485, 310.226
89.2918, 310.226
89.3144, 310.227
89.3219, 310.227
89.3304, 310.227
89.3871, 310.228
89.4262, 310.228
89.4392, 310.228
89.4437, 310.228
89.4626, 310.229
89.4835, 310.229
89.5351, 310.23
89.5589, 310.23
89.5811, 310.23
89.6141, 310.231
89.6722, 310.231
89.6784, 310.231
89.7505, 310.232
89.7559, 310.232
89.7986, 310.233
89.8055, 310.233
89.8231, 310.233
89.8697, 310.234
89.9029, 310.234
89.9172, 310.235
89.9311, 310.235
89.974, 310.235
90.0081, 310.236
90.0546, 310.236
90.0593, 310.237
90.1189, 310.237
90.177, 310.238
90.1843, 310.238
90.1909, 310.238
90.2492, 310.239
90.2573, 310.239
90.2698, 310.24
90.3102, 310.24
90.3684, 310.241
90.3874, 310.241
90.4325, 310.242
90.4843, 310.243
90.4865, 310.243
90.4891, 310.243
90.5398, 310.244
90.5503, 310.244
90.5791, 310.244
90.6211, 310.245
90.6547, 310.245
90.6715, 310.246
90.7128, 310.246
90.713, 310.246
90.7139, 310.246
90.7656, 310.247
90.8006, 310.248
90.8058, 310.248
90.8151, 310.248
90.8596, 310.249
90.8729, 310.249
90.9387, 310.25
90.9524, 310.25
91.0067, 310.251
91.0088, 310.251
91.0498, 310.252
91.0668, 310.252
91.1267, 310.253
91.1317, 310.253
91.1349, 310.253
91.1386, 310.253
91.1878, 310.254
91.2471, 310.255
91.2575, 310.255
91.2926, 310.256
91.3411, 310.257
91.355, 310.257
91.3803, 310.257
91.4135, 310.258
91.4205, 310.258
91.434, 310.258
91.4633, 310.259
91.4887, 310.259
91.511, 310.26
91.5335, 310.26
91.5641, 310.261
91.5704, 310.261
91.5785, 310.261
91.6256, 310.262
91.6303, 310.262
91.6567, 310.262
91.6677, 310.263
91.6691, 310.263
91.7158, 310.263
91.7372, 310.264
91.7653, 310.264
91.797, 310.265
91.83, 310.266
91.8355, 310.266
91.8425, 310.266
91.8781, 310.267
91.9242, 310.267
91.9258, 310.267
91.9472, 310.268
91.9541, 310.268
91.9704, 310.268
91.9717, 310.268
92.0141, 310.269
92.0285, 310.27
92.0458, 310.27
92.0728, 310.27
92.0798, 310.271
92.0886, 310.271
92.1062, 310.271
92.1281, 310.271
92.1626, 310.272
92.2219, 310.273
92.2222, 310.273
92.2225, 310.273
92.2579, 310.274
92.2972, 310.275
92.3322, 310.276
92.3702, 310.276
92.3812, 310.277
92.4011, 310.277
92.4378, 310.278
92.4524, 310.278
92.4563, 310.278
92.4914, 310.279
92.4987, 310.279
92.5343, 310.28
92.5728, 310.281
92.5898, 310.281
92.6017, 310.281
92.6532, 310.283
92.6778, 310.283
92.7207, 310.284
92.7668, 310.285
92.7942, 310.286
92.8368, 310.287
92.8468, 310.287
92.8933, 310.288
92.9432, 310.289
92.9448, 310.289
92.9884, 310.29
93.0154, 310.291
93.0579, 310.292
93.0686, 310.292
93.1238, 310.293
93.124, 310.293
93.1244, 310.293
93.1631, 310.294
93.2159, 310.296
93.2526, 310.296
93.258, 310.297
93.2593, 310.297
93.2629, 310.297
93.2964, 310.297
93.3012, 310.298
93.3027, 310.298
93.3373, 310.298
93.3765, 310.299
93.3913, 310.3
93.4311, 310.301
93.4549, 310.301
93.4841, 310.302
93.5036, 310.303
93.5497, 310.304
93.5669, 310.304
93.6003, 310.305
93.6232, 310.306
93.6559, 310.307
93.6774, 310.307
93.6875, 310.307
93.7343, 310.309
93.7755, 310.31
93.7787, 310.31
93.822, 310.311
93.8229, 310.311
93.8674, 310.312
93.8686, 310.312
93.8711, 310.312
93.927, 310.314
93.9492, 310.315
93.9609, 310.315
93.9838, 310.315
94.0237, 310.317
94.0316, 310.317
94.0911, 310.318
94.1121, 310.319
94.1422, 310.32
94.1726, 310.321
94.1918, 310.321
94.2022, 310.322
94.2281, 310.322
94.2532, 310.323
94.2993, 310.325
94.3095, 310.325
94.3792, 310.327
94.3875, 310.327
94.4205, 310.328
94.45, 310.329
94.4912, 310.33
94.4945, 310.33
94.4963, 310.33
94.5027, 310.331
94.5424, 310.332
94.5587, 310.332
94.5781, 310.333
94.6009, 310.334
94.611, 310.334
94.6146, 310.334
94.6687, 310.336
94.7006, 310.337
94.718, 310.337
94.7746, 310.339
94.802, 310.34
94.8112, 310.34
94.8196, 310.341
94.8582, 310.342
94.9154, 310.344
94.9158, 310.344
94.9526, 310.345
94.9893, 310.346
95.0402, 310.348
95.0441, 310.348
95.0475, 310.348
95.0519, 310.348
95.0991, 310.35
95.1528, 310.352
95.1586, 310.352
95.2068, 310.354
95.2355, 310.355
95.2638, 310.356
95.2817, 310.356
95.3003, 310.357
95.3141, 310.357
95.3654, 310.359
95.3659, 310.359
95.4073, 310.361
95.4204, 310.361
95.457, 310.362
95.5054, 310.364
95.5069, 310.364
95.5657, 310.366
95.606, 310.368
95.6256, 310.369
95.6776, 310.371
95.6818, 310.371
95.7489, 310.373
95.7719, 310.374
95.7848, 310.375
95.8472, 310.377
95.866, 310.378
95.885, 310.379
95.9058, 310.379
95.9425, 310.381
95.9605, 310.382
95.9906, 310.383
96.0224, 310.384
96.0379, 310.385
96.0527, 310.385
96.0709, 310.386
96.0822, 310.387
96.1392, 310.389
96.1503, 310.389
96.1734, 310.39
96.207, 310.392
96.23, 310.393
96.273, 310.395
96.332, 310.397
96.3337, 310.397
96.3671, 310.399
96.3835, 310.399
96.4136, 310.401
96.4498, 310.402
96.4751, 310.403
96.4854, 310.404
96.5131, 310.405
96.5161, 310.405
96.5285, 310.406
96.5445, 310.406
96.5778, 310.408
96.5874, 310.408
96.6072, 310.409
96.6485, 310.411
96.6915, 310.413
96.741, 310.415
96.7594, 310.416
96.8032, 310.418
96.8295, 310.419
96.866, 310.421
96.8771, 310.421
96.904, 310.423
96.9101, 310.423
96.9119, 310.423
96.9144, 310.423
96.9862, 310.427
97.0241, 310.429
97.0683, 310.431
97.0797, 310.431
97.0911, 310.432
97.128, 310.434
97.1443, 310.434
97.1786, 310.436
97.1913, 310.437
97.1937, 310.437
97.1979, 310.437
97.2361, 310.439
97.2483, 310.44
97.2585, 310.44
97.3009, 310.442
97.3148, 310.443
97.3181, 310.443
97.3813, 310.446
97.3845, 310.446
97.4336, 310.449
97.4341, 310.449
97.4725, 310.451
97.4753, 310.451
97.4947, 310.452
97.5133, 310.453
97.5198, 310.454
97.5422, 310.455
97.5584, 310.456
97.5677, 310.456
97.5979, 310.458
97.6125, 310.458
97.6177, 310.459
97.6318, 310.46
97.661, 310.461
97.6813, 310.462
97.7066, 310.464
97.7076, 310.464
97.7129, 310.464
97.7439, 310.466
97.8061, 310.469
97.8346, 310.471
97.8458, 310.471
97.8847, 310.473
97.9052, 310.475
97.9393, 310.477
97.9761, 310.479
97.9914, 310.48
98.0346, 310.482
98.0681, 310.484
98.1157, 310.487
98.1176, 310.487
98.1303, 310.488
98.1656, 310.49
98.1689, 310.49
98.1833, 310.491
98.2041, 310.492
98.2074, 310.492
98.2469, 310.494
98.2901, 310.497
98.2986, 310.498
98.3032, 310.498
98.3312, 310.5
98.3901, 310.503
98.3906, 310.503
98.3911, 310.503
98.4214, 310.505
98.4418, 310.506
98.485, 310.509
98.4942, 310.51
98.5317, 310.512
98.5402, 310.512
98.6212, 310.518
98.6402, 310.519
98.6915, 310.522
98.7056, 310.523
98.7556, 310.526
98.8566, 310.533
98.8895, 310.535
98.9163, 310.537
98.9467, 310.539
98.9861, 310.541
98.9954, 310.542
99.0307, 310.544
99.0468, 310.546
99.0717, 310.547
99.1065, 310.55
99.1187, 310.551
99.1381, 310.552
99.1649, 310.554
99.194, 310.556
99.2342, 310.559
99.2551, 310.56
99.3, 310.563
99.3311, 310.565
99.3392, 310.566
99.3829, 310.569
99.3917, 310.57
99.4501, 310.574
99.4587, 310.575
99.4713, 310.575
99.5029, 310.578
99.5208, 310.579
99.5439, 310.581
99.5564, 310.582
99.5839, 310.584
99.6074, 310.585
99.6126, 310.586
99.651, 310.589
99.6547, 310.589
99.6626, 310.59
99.6838, 310.591
99.7357, 310.595
99.7641, 310.597
99.7828, 310.599
99.8227, 310.602
99.8231, 310.602
99.8666, 310.605
99.8945, 310.607
99.8947, 310.607
99.9362, 310.61
99.9538, 310.612
100.009, 310.616
100.013, 310.616
100.042, 310.619
100.075, 310.621
100.097, 310.623
100.145, 310.627
100.174, 310.629
100.222, 310.633
100.26, 310.636
100.264, 310.637
100.322, 310.641
100.353, 310.644
100.365, 310.645
100.395, 310.647
100.398, 310.648
100.453, 310.652
100.483, 310.655
100.504, 310.657
100.54, 310.66
100.587, 310.664
100.594, 310.664
100.63, 310.667
100.661, 310.67
100.667, 310.67
100.679, 310.672
100.701, 310.673
100.714, 310.675
100.74, 310.677
100.753, 310.678
100.763, 310.679
100.794, 310.682
100.805, 310.682
100.871, 310.688
100.875, 310.689
100.924, 310.693
100.97, 310.697
100.974, 310.697
100.977, 310.698
101.028, 310.702
101.048, 310.704
101.083, 310.707
101.131, 310.712
101.161, 310.714
101.202, 310.718
101.215, 310.719
101.247, 310.722
101.294, 310.727
101.353, 310.732
101.358, 310.733
101.423, 310.739
101.431, 310.74
101.448, 310.741
101.493, 310.745
101.508, 310.747
101.566, 310.752
101.57, 310.753
101.622, 310.758
101.655, 310.761
101.67, 310.762
101.701, 310.765
101.71, 310.766
101.735, 310.769
101.808, 310.776
101.826, 310.777
101.859, 310.781
101.875, 310.782
101.906, 310.785
101.92, 310.787
101.934, 310.788
101.948, 310.789
101.969, 310.791
102.001, 310.794
102.037, 310.798
102.054, 310.8
102.091, 310.803
102.121, 310.806
102.147, 310.809
102.167, 310.811
102.208, 310.815
102.241, 310.818
102.257, 310.82
102.267, 310.821
102.3, 310.824
102.304, 310.825
102.34, 310.828
102.344, 310.829
102.385, 310.833
102.402, 310.834
102.426, 310.837
102.481, 310.842
102.481, 310.842
102.516, 310.846
102.52, 310.846
102.559, 310.85
102.569, 310.851
102.607, 310.855
102.623, 310.856
102.666, 310.861
102.687, 310.863
102.718, 310.866
102.757, 310.87
102.774, 310.871
102.779, 310.872
102.804, 310.874
102.829, 310.877
102.866, 310.881
102.886, 310.883
102.915, 310.885
102.969, 310.891
102.976, 310.892
102.991, 310.893
103.012, 310.895
103.024, 310.896
103.076, 310.901
103.096, 310.903
103.107, 310.904
103.178, 310.911
103.186, 310.912
103.203, 310.914
103.222, 310.916
103.231, 310.917
103.264, 310.92
103.307, 310.924
103.335, 310.927
103.351, 310.928
103.387, 310.932
103.406, 310.933
103.437, 310.936
103.47, 310.939
103.492, 310.942
103.517, 310.944
103.539, 310.946
103.573, 310.949
103.575, 310.949
103.598, 310.952
103.613, 310.953
103.614, 310.953
103.616, 310.953
103.68, 310.959
103.754, 310.966
103.762, 310.967
103.793, 310.969
103.805, 310.971
103.813, 310.971
103.838, 310.973
103.878, 310.977
103.885, 310.978
103.936, 310.982
103.972, 310.985
104.03, 310.99
104.04, 310.991
104.074, 310.994
104.088, 310.995
104.131, 310.999
104.139, 311
104.178, 311.003
104.226, 311.007
104.227, 311.007
104.229, 311.007
104.311, 311.014
104.326, 311.015
104.34, 311.017
104.358, 311.018
104.418, 311.023
104.44, 311.024
104.476, 311.027
104.479, 311.028
104.508, 311.03
104.567, 311.034
104.592, 311.036
104.606, 311.037
104.645, 311.04
104.678, 311.043
104.722, 311.046
104.745, 311.048
104.801, 311.052
104.829, 311.054
104.87, 311.056
104.871, 311.056
104.903, 311.059
104.928, 311.06
104.978, 311.064
104.989, 311.064
105.012, 311.066
105.03, 311.067
105.047, 311.068
105.071, 311.07
105.108, 311.072
105.151, 311.075
105.171, 311.076
105.21, 311.078
105.227, 311.079
105.244, 311.08
105.271, 311.082
105.316, 311.085
105.332, 311.085
105.381, 311.088
105.426, 311.091
105.442, 311.092
105.459, 311.093
105.47, 311.093
105.522, 311.096
105.554, 311.098
105.575, 311.099
105.603, 311.1
105.616, 311.101
105.648, 311.102
105.679, 311.104
105.702, 311.105
105.727, 311.106
105.751, 311.107
105.78, 311.108
105.841, 311.111
105.845, 311.111
105.907, 311.114
105.921, 311.115
105.948, 311.116
105.952, 311.116
105.961, 311.116
106.003, 311.118
106.017, 311.118
106.054, 311.12
106.093, 311.121
106.152, 311.123
106.157, 311.124
106.16, 311.124
106.22, 311.126
106.261, 311.127
106.294, 311.128
106.298, 311.128
106.308, 311.128
106.364, 311.13
106.407, 311.131
106.416, 311.132
106.443, 311.132
106.452, 311.133
106.457, 311.133
106.515, 311.134
106.545, 311.135
106.564, 311.135
106.604, 311.136
106.659, 311.138
106.668, 311.138
106.713, 311.139
106.724, 311.139
106.762, 311.139
106.781, 311.14
106.812, 311.14
106.85, 311.141
106.861, 311.141
106.862, 311.141
106.865, 311.141
106.896, 311.142
106.921, 311.142
106.942, 311.142
106.961, 311.142
107.001, 311.143
107.004, 311.143
107.063, 311.144
107.077, 311.144
107.117, 311.144
107.161, 311.145
107.195, 311.145
107.213, 311.145
107.246, 311.145
107.25, 311.145
107.272, 311.145
107.275, 311.145
107.301, 311.145
107.314, 311.146
107.36, 311.146
107.366, 311.146
107.408, 311.146
107.422, 311.146
107.453, 311.146
107.478, 311.146
107.485, 311.146
107.55, 311.146
107.579, 311.146
107.6, 311.146
107.64, 311.146
107.695, 311.146
107.701, 311.146
107.714, 311.146
107.736, 311.146
107.761, 311.145
107.802, 311.145
107.817, 311.145
107.842, 311.145
107.904, 311.144
107.932, 311.144
107.944, 311.144
107.955, 311.144
107.98, 311.144
108.004, 311.144
108.038, 311.143
108.056, 311.143
108.061, 311.143
108.11, 311.142
108.119, 311.142
108.141, 311.142
108.169, 311.142
108.239, 311.141
108.248, 311.141
108.25, 311.141
108.258, 311.141
108.302, 311.14
108.347, 311.139
108.351, 311.139
108.393, 311.139
108.401, 311.139
108.457, 311.138
108.459, 311.138
108.461, 311.138
108.527, 311.137
108.538, 311.136
108.562, 311.136
108.573, 311.136
108.578, 311.136
108.59, 311.136
108.626, 311.135
108.644, 311.135
108.662, 311.134
108.672, 311.134
108.736, 311.133
108.755, 311.133
108.787, 311.132
108.804, 311.132
108.847, 311.131
108.89, 311.13
108.923, 311.13
108.932, 311.129
108.998, 311.128
109.006, 311.128
109.031, 311.127
109.051, 311.127
109.086, 311.126
109.099, 311.126
109.111, 311.126
109.157, 311.125
109.179, 311.125
109.223, 311.124
109.253, 311.123
109.266, 311.123
109.308, 311.122
109.329, 311.122
109.345, 311.121
109.361, 311.121
109.384, 311.121
109.419, 311.12
109.431, 311.12
109.479, 311.119
109.494, 311.119
109.538, 311.118
109.544, 311.118
109.549, 311.118
109.589, 311.117
109.632, 311.117
109.643, 311.116
109.698, 311.116
109.699, 311.116
109.7, 311.116
109.772, 311.115
109.774, 311.115
109.816, 311.114
109.852, 311.114
109.87, 311.114
109.893, 311.113
109.902, 311.113
109.959, 311.113
110, 311.113
110.074, 311.084
110.144, 311.053
110.231, 311.026
110.264, 311.016
110.384, 310.994
110.499, 310.973
110.559, 310.966
110.795, 310.932
110.946, 310.91
111, 310.904


