X,T
1.19114e-16, 310.154
0.151876, 310.154
0.200186, 310.154
0.292295, 310.154
0.690158, 310.154
0.933406, 310.154
1.13882, 310.154
1.27213, 310.154
1.52163, 310.154
1.65827, 310.154
1.86314, 310.154
1.92701, 310.154
2.1356, 310.154
2.26358, 310.154
2.39809, 310.154
2.61738, 310.155
2.88296, 310.155
2.96968, 310.155
3.00026, 310.155
3.08011, 310.155
3.19475, 310.155
3.80813, 310.155
3.91968, 310.155
4.13726, 310.155
4.62827, 310.155
4.72102, 310.155
4.84622, 310.155
4.86376, 310.155
5.16499, 310.155
5.42993, 310.155
5.60831, 310.155
5.75057, 310.155
6.0222, 310.155
6.28694, 310.155
6.40291, 310.155
6.75215, 310.155
6.89153, 310.155
7.12029, 310.155
7.14631, 310.155
7.44397, 310.155
7.95865, 310.155
8.28502, 310.155
8.31945, 310.155
8.32419, 310.155
8.33647, 310.155
8.67397, 310.155
9.15912, 310.155
9.25517, 310.155
9.45816, 310.156
9.50848, 310.156
9.95746, 310.156
9.97758, 310.156
10.5191, 310.156
10.5882, 310.156
10.9416, 310.156
11.0883, 310.156
11.3461, 310.156
11.4345, 310.156
11.6514, 310.156
12.0176, 310.156
12.1446, 310.156
12.2573, 310.156
12.2994, 310.156
12.3095, 310.156
12.3743, 310.156
12.5564, 310.156
12.7053, 310.156
13.0584, 310.157
13.2322, 310.157
13.4674, 310.157
13.5214, 310.157
13.9366, 310.157
14.4907, 310.157
14.6964, 310.157
14.7671, 310.157
14.8148, 310.157
14.9029, 310.157
15.2869, 310.157
15.6606, 310.158
15.6778, 310.158
15.7477, 310.158
15.8539, 310.158
16.3149, 310.158
16.8879, 310.158
16.9041, 310.158
16.9194, 310.158
17.0178, 310.158
17.0557, 310.158
17.147, 310.158
17.7485, 310.159
17.7696, 310.159
17.9613, 310.159
18.1318, 310.159
18.5464, 310.159
18.6882, 310.159
18.9333, 310.159
19.2085, 310.159
19.4633, 310.159
19.5729, 310.16
19.8936, 310.16
20.08, 310.16
20.2302, 310.16
20.4938, 310.16
20.5896, 310.16
20.6937, 310.16
21.0081, 310.16
21.3495, 310.161
21.4026, 310.161
21.5146, 310.161
21.7577, 310.161
22.2466, 310.161
22.2977, 310.161
22.5636, 310.161
22.6133, 310.162
22.6415, 310.162
22.6818, 310.162
23.1922, 310.162
23.4491, 310.162
23.6217, 310.162
23.89, 310.163
24.0823, 310.163
24.4532, 310.163
24.7688, 310.163
24.9507, 310.163
25.2366, 310.164
25.4946, 310.164
25.7679, 310.164
25.7983, 310.164
26.1035, 310.164
26.2451, 310.165
26.634, 310.165
26.7327, 310.165
26.7984, 310.165
26.8033, 310.165
26.9521, 310.165
27.0259, 310.165
27.3177, 310.166
27.651, 310.166
27.9096, 310.166
28.098, 310.167
28.1612, 310.167
28.4648, 310.167
28.7, 310.167
28.9256, 310.168
29.195, 310.168
29.3648, 310.168
29.6772, 310.168
29.9088, 310.169
30.0695, 310.169
30.3495, 310.169
30.7105, 310.17
30.8498, 310.17
30.8983, 310.17
31.3023, 310.171
31.4411, 310.171
31.7928, 310.171
31.9612, 310.172
32.1866, 310.172
32.4965, 310.172
32.7001, 310.173
32.897, 310.173
33.0601, 310.173
33.5318, 310.174
33.6383, 310.174
34.1579, 310.175
34.2843, 310.176
34.4734, 310.176
34.6073, 310.176
34.8658, 310.177
35.1309, 310.177
35.4322, 310.178
35.6095, 310.178
35.724, 310.178
36.0752, 310.179
36.276, 310.18
36.3748, 310.18
36.5425, 310.18
36.8843, 310.181
36.9659, 310.181
37.4842, 310.182
37.5084, 310.182
37.7958, 310.183
38.052, 310.184
38.2654, 310.185
38.7037, 310.186
38.9568, 310.186
39.0192, 310.187
39.3508, 310.188
39.6683, 310.189
39.777, 310.189
39.8474, 310.189
40.2036, 310.19
40.6434, 310.192
40.7116, 310.192
41.0731, 310.194
41.0892, 310.194
41.1226, 310.194
41.447, 310.195
41.7557, 310.196
41.9817, 310.197
42.102, 310.198
42.2451, 310.198
42.5939, 310.2
42.6599, 310.2
42.9322, 310.201
43.1616, 310.202
43.4701, 310.204
43.6428, 310.205
43.8255, 310.206
44.247, 310.208
44.3833, 310.209
44.4897, 310.209
44.8966, 310.212
45.2672, 310.214
45.4095, 310.215
45.5486, 310.216
45.7172, 310.217
45.722, 310.217
45.7323, 310.217
45.7665, 310.218
46.3795, 310.222
46.6372, 310.224
46.7049, 310.224
46.762, 310.225
47.0672, 310.227
47.2874, 310.229
47.5053, 310.231
47.8383, 310.234
48.0369, 310.236
48.4117, 310.24
48.5912, 310.242
48.8577, 310.244
49.0153, 310.246
49.4082, 310.251
49.4315, 310.251
49.9007, 310.257
49.9793, 310.258
50.2882, 310.262
50.6312, 310.267
50.6416, 310.267
50.656, 310.268
51.0264, 310.273
51.1058, 310.274
51.2748, 310.277
51.5061, 310.281
51.8616, 310.288
51.9211, 310.289
52.1475, 310.293
52.3833, 310.297
52.6145, 310.302
52.7048, 310.304
52.7078, 310.304
53.0277, 310.311
53.3328, 310.318
53.5163, 310.323
53.5765, 310.325
53.7765, 310.33
54.0959, 310.338
54.1007, 310.338
54.103, 310.338
54.4432, 310.348
54.5898, 310.353
55.0787, 310.369
55.17, 310.372
55.2453, 310.375
55.3152, 310.378
55.3785, 310.38
55.4922, 310.385
56.065, 310.407
56.34, 310.42
56.3782, 310.422
56.5755, 310.432
56.7948, 310.445
57.0075, 310.457
57.3447, 310.478
57.5856, 310.495
57.7111, 310.505
57.7298, 310.506
57.8365, 310.517
58, 310.536
58.1184, 310.536
58.1266, 310.536
58.128, 310.536
58.1329, 310.536
58.2402, 310.536
58.2484, 310.536
58.2519, 310.536
58.2606, 310.536
58.2959, 310.536
58.334, 310.536
58.353, 310.536
58.4022, 310.536
58.4028, 310.536
58.4097, 310.537
58.4688, 310.537
58.4709, 310.537
58.4766, 310.537
58.5243, 310.537
58.5504, 310.537
58.5678, 310.537
58.5986, 310.537
58.644, 310.537
58.6573, 310.537
58.6694, 310.537
58.702, 310.537
58.7066, 310.537
58.7121, 310.537
58.7594, 310.537
58.7843, 310.538
58.799, 310.538
58.8564, 310.538
58.8755, 310.538
58.9056, 310.538
58.9322, 310.538
58.9937, 310.538
59.0023, 310.538
59.0393, 310.538
59.049, 310.538
59.0529, 310.538
59.0957, 310.538
59.105, 310.538
59.1228, 310.539
59.147, 310.539
59.1997, 310.539
59.2271, 310.539
59.2499, 310.539
59.2791, 310.539
59.2996, 310.539
59.3529, 310.539
59.3722, 310.539
59.4098, 310.539
59.425, 310.539
59.4668, 310.54
59.5142, 310.54
59.5334, 310.54
59.5678, 310.54
59.6028, 310.54
59.6054, 310.54
59.6091, 310.54
59.6494, 310.54
59.6644, 310.54
59.6814, 310.54
59.6962, 310.54
59.7277, 310.54
59.7604, 310.54
59.7717, 310.54
59.7791, 310.541
59.7867, 310.541
59.8426, 310.541
59.9002, 310.541
59.9167, 310.541
59.9645, 310.541
60.0193, 310.541
60.0292, 310.541
60.0661, 310.541
60.0944, 310.541
60.146, 310.542
60.1702, 310.542
60.2343, 310.542
60.2501, 310.542
60.2671, 310.542
60.2912, 310.542
60.3262, 310.542
60.3296, 310.542
60.331, 310.542
60.3776, 310.542
60.4075, 310.542
60.4174, 310.542
60.4412, 310.542
60.5063, 310.543
60.5144, 310.543
60.5232, 310.543
60.5309, 310.543
60.5423, 310.543
60.5719, 310.543
60.6314, 310.543
60.674, 310.543
60.6825, 310.543
60.6952, 310.543
60.7334, 310.543
60.7773, 310.543
60.7992, 310.543
60.8438, 310.543
60.8544, 310.543
60.9016, 310.544
60.9215, 310.544
60.9703, 310.544
60.9722, 310.544
60.9743, 310.544
60.9991, 310.544
61.0068, 310.544
61.0225, 310.544
61.0546, 310.544
61.0814, 310.544
61.1324, 310.544
61.1539, 310.544
61.178, 310.544
61.1842, 310.544
61.2224, 310.544
61.2289, 310.544
61.2586, 310.544
61.2794, 310.545
61.2994, 310.545
61.3376, 310.545
61.3493, 310.545
61.3637, 310.545
61.3948, 310.545
61.4427, 310.545
61.4546, 310.545
61.48, 310.545
61.5016, 310.545
61.5134, 310.545
61.5522, 310.545
61.5661, 310.545
61.6422, 310.545
61.6796, 310.545
61.7093, 310.546
61.7753, 310.546
61.8179, 310.546
61.8293, 310.546
61.8372, 310.546
61.8656, 310.546
61.8656, 310.546
61.8659, 310.546
61.916, 310.546
61.9164, 310.546
61.9521, 310.546
61.9697, 310.546
62.0069, 310.546
62.0518, 310.546
62.1015, 310.546
62.1037, 310.546
62.1518, 310.547
62.1751, 310.547
62.2119, 310.547
62.2441, 310.547
62.2963, 310.547
62.3058, 310.547
62.3452, 310.547
62.3828, 310.547
62.3885, 310.547
62.4293, 310.547
62.4719, 310.547
62.4842, 310.547
62.4898, 310.547
62.5099, 310.547
62.5296, 310.547
62.5448, 310.547
62.5638, 310.547
62.5937, 310.547
62.6031, 310.547
62.6243, 310.547
62.65, 310.548
62.6534, 310.548
62.6617, 310.548
62.6809, 310.548
62.6913, 310.548
62.7401, 310.548
62.7418, 310.548
62.7584, 310.548
62.7609, 310.548
62.8037, 310.548
62.8277, 310.548
62.8377, 310.548
62.8942, 310.548
62.9295, 310.548
62.9518, 310.548
63.0126, 310.548
63.0163, 310.548
63.0477, 310.548
63.061, 310.548
63.088, 310.548
63.1097, 310.548
63.163, 310.548
63.1985, 310.549
63.2439, 310.549
63.2557, 310.549
63.2687, 310.549
63.3135, 310.549
63.3231, 310.549
63.3316, 310.549
63.3649, 310.549
63.3891, 310.549
63.431, 310.549
63.4328, 310.549
63.4336, 310.549
63.4845, 310.549
63.5131, 310.549
63.5184, 310.549
63.558, 310.549
63.5956, 310.549
63.6048, 310.549
63.7106, 310.549
63.7331, 310.549
63.7482, 310.549
63.7614, 310.549
63.7818, 310.549
63.819, 310.549
63.8614, 310.55
63.8716, 310.55
63.8768, 310.55
63.9312, 310.55
63.9671, 310.55
63.9989, 310.55
64.0368, 310.55
64.0463, 310.55
64.0889, 310.55
64.1196, 310.55
64.1367, 310.55
64.1759, 310.55
64.185, 310.55
64.188, 310.55
64.2248, 310.55
64.2309, 310.55
64.2743, 310.55
64.297, 310.55
64.3566, 310.55
64.3802, 310.55
64.434, 310.55
64.4558, 310.55
64.4867, 310.55
64.5172, 310.55
64.5736, 310.551
64.6104, 310.551
64.646, 310.551
64.6962, 310.551
64.6999, 310.551
64.7091, 310.551
64.7831, 310.551
64.797, 310.551
64.8011, 310.551
64.8458, 310.551
64.8529, 310.551
64.8679, 310.551
64.9033, 310.551
64.9237, 310.551
64.9407, 310.551
64.9846, 310.551
65.0166, 310.551
65.0207, 310.551
65.0226, 310.551
65.0588, 310.551
65.0925, 310.551
65.1128, 310.551
65.1463, 310.551
65.1695, 310.551
65.2134, 310.551
65.265, 310.551
65.2668, 310.551
65.3269, 310.551
65.3305, 310.551
65.339, 310.551
65.3518, 310.551
65.3823, 310.551
65.3846, 310.551
65.3857, 310.551
65.427, 310.551
65.4667, 310.551
65.4761, 310.551
65.4941, 310.551
65.5214, 310.552
65.5309, 310.552
65.5725, 310.552
65.6134, 310.552
65.6226, 310.552
65.6588, 310.552
65.6982, 310.552
65.7019, 310.552
65.7103, 310.552
65.7839, 310.552
65.8211, 310.552
65.8356, 310.552
65.8522, 310.552
65.8596, 310.552
65.8777, 310.552
65.916, 310.552
65.9335, 310.552
65.9599, 310.552
65.9989, 310.552
66.0487, 310.552
66.0602, 310.552
66.0722, 310.552
66.1149, 310.552
66.158, 310.552
66.1765, 310.552
66.2197, 310.552
66.2497, 310.552
66.2805, 310.552
66.3378, 310.552
66.3815, 310.552
66.4185, 310.552
66.4219, 310.552
66.4259, 310.552
66.4671, 310.552
66.5025, 310.552
66.5161, 310.552
66.5409, 310.552
66.5617, 310.552
66.5759, 310.552
66.603, 310.552
66.6173, 310.552
66.6463, 310.552
66.6815, 310.552
66.6999, 310.552
66.7405, 310.552
66.7513, 310.552
66.7981, 310.552
66.8091, 310.552
66.8126, 310.552
66.8415, 310.552
66.8455, 310.552
66.8573, 310.552
66.8981, 310.552
66.9665, 310.552
66.9832, 310.552
67.0256, 310.553
67.0338, 310.553
67.0415, 310.553
67.0767, 310.553
67.1089, 310.553
67.1118, 310.553
67.1632, 310.553
67.1851, 310.553
67.2249, 310.553
67.2423, 310.553
67.2893, 310.553
67.3233, 310.553
67.3346, 310.553
67.3892, 310.553
67.4177, 310.553
67.4349, 310.553
67.4607, 310.553
67.4635, 310.553
67.5041, 310.553
67.5162, 310.553
67.5538, 310.553
67.5589, 310.553
67.6045, 310.553
67.6279, 310.553
67.6426, 310.553
67.6649, 310.553
67.6895, 310.553
67.7129, 310.553
67.7223, 310.553
67.7257, 310.553
67.7505, 310.553
67.761, 310.553
67.7835, 310.553
67.8248, 310.553
67.8547, 310.553
67.9073, 310.553
67.9136, 310.553
67.9411, 310.553
67.9564, 310.553
67.9776, 310.553
67.9997, 310.553
68.0375, 310.553
68.043, 310.553
68.0619, 310.553
68.0936, 310.553
68.1207, 310.553
68.1656, 310.553
68.1694, 310.553
68.2095, 310.553
68.2443, 310.553
68.2749, 310.553
68.2889, 310.553
68.3207, 310.553
68.3623, 310.553
68.3688, 310.553
68.4187, 310.553
68.4697, 310.553
68.4824, 310.553
68.4864, 310.553
68.5046, 310.553
68.5303, 310.553
68.5502, 310.553
68.5585, 310.553
68.5786, 310.553
68.5841, 310.553
68.5969, 310.553
68.6011, 310.553
68.6138, 310.553
68.6191, 310.553
68.645, 310.553
68.6542, 310.553
68.695, 310.553
68.6956, 310.553
68.7399, 310.553
68.7574, 310.553
68.7793, 310.553
68.813, 310.553
68.825, 310.553
68.8612, 310.553
68.9, 310.553
68.9111, 310.553
68.9682, 310.553
68.9701, 310.553
69.0237, 310.553
69.03, 310.553
69.059, 310.553
69.0954, 310.553
69.1147, 310.553
69.1542, 310.553
69.1577, 310.553
69.1952, 310.553
69.2095, 310.553
69.2349, 310.553
69.2745, 310.553
69.3069, 310.553
69.3375, 310.553
69.3435, 310.553
69.3899, 310.553
69.4325, 310.553
69.4374, 310.553
69.4398, 310.553
69.5026, 310.553
69.5097, 310.553
69.5799, 310.553
69.5909, 310.553
69.654, 310.553
69.656, 310.553
69.6799, 310.553
69.6853, 310.553
69.728, 310.553
69.7715, 310.553
69.79, 310.553
69.8548, 310.553
69.8577, 310.553
69.9029, 310.553
69.9254, 310.553
69.9724, 310.553
69.9919, 310.553
70.0404, 310.553
70.0508, 310.553
70.0778, 310.553
70.1033, 310.553
70.1184, 310.553
70.1391, 310.553
70.1687, 310.553
70.1923, 310.553
70.2259, 310.553
70.2273, 310.553
70.2283, 310.553
70.2956, 310.553
70.3087, 310.553
70.3121, 310.553
70.3721, 310.553
70.3859, 310.553
70.4147, 310.553
70.4485, 310.553
70.4738, 310.553
70.4973, 310.552
70.505, 310.552
70.5323, 310.552
70.5815, 310.552
70.5881, 310.552
70.6325, 310.552
70.6875, 310.552
70.7113, 310.552
70.7623, 310.552
70.7628, 310.552
70.8071, 310.552
70.8144, 310.552
70.8363, 310.552
70.851, 310.552
70.8713, 310.552
70.902, 310.552
70.9346, 310.552
70.9365, 310.552
70.9966, 310.552
70.9973, 310.552
70.9973, 310.552
70.9974, 310.552
71.0484, 310.552
71.0948, 310.552
71.1106, 310.552
71.1485, 310.552
71.1558, 310.552
71.1886, 310.552
71.2216, 310.552
71.2246, 310.552
71.2265, 310.552
71.2327, 310.552
71.2766, 310.552
71.3499, 310.552
71.3521, 310.552
71.3962, 310.552
71.4396, 310.552
71.4398, 310.552
71.44, 310.552
71.4918, 310.552
71.568, 310.552
71.5814, 310.552
71.6375, 310.552
71.6522, 310.552
71.6813, 310.552
71.7355, 310.552
71.7359, 310.552
71.7726, 310.552
71.8013, 310.552
71.8221, 310.552
71.8523, 310.552
71.8744, 310.552
71.914, 310.552
71.917, 310.552
71.9375, 310.552
71.9382, 310.552
71.9497, 310.552
71.9508, 310.552
71.9771, 310.552
71.9946, 310.552
72.015, 310.552
72.0449, 310.552
72.0696, 310.552
72.1192, 310.552
72.1337, 310.552
72.1558, 310.552
72.2034, 310.552
72.2161, 310.552
72.2668, 310.551
72.2742, 310.551
72.3229, 310.551
72.3748, 310.551
72.4061, 310.551
72.4484, 310.551
72.4501, 310.551
72.4617, 310.551
72.5112, 310.551
72.521, 310.551
72.5273, 310.551
72.5589, 310.551
72.6191, 310.551
72.6381, 310.551
72.673, 310.551
72.676, 310.551
72.715, 310.551
72.7363, 310.551
72.7565, 310.551
72.7854, 310.551
72.7922, 310.551
72.8371, 310.551
72.8585, 310.551
72.8719, 310.551
72.8878, 310.551
72.9197, 310.551
72.9421, 310.551
72.9865, 310.551
72.9911, 310.551
73.0668, 310.551
73.0716, 310.551
73.0755, 310.551
73.1183, 310.551
73.1492, 310.551
73.1534, 310.551
73.2072, 310.551
73.2345, 310.551
73.2395, 310.551
73.2791, 310.551
73.3218, 310.551
73.344, 310.551
73.3631, 310.551
73.3813, 310.551
73.4271, 310.55
73.48, 310.55
73.4871, 310.55
73.5159, 310.55
73.5527, 310.55
73.5731, 310.55
73.5974, 310.55
73.6353, 310.55
73.6774, 310.55
73.6955, 310.55
73.7278, 310.55
73.7443, 310.55
73.7962, 310.55
73.8345, 310.55
73.8485, 310.55
73.9416, 310.55
73.9586, 310.55
73.9688, 310.55
74.0017, 310.55
74.0269, 310.55
74.0513, 310.55
74.0687, 310.55
74.0844, 310.55
74.1117, 310.55
74.1473, 310.55
74.1626, 310.55
74.1813, 310.55
74.2195, 310.55
74.236, 310.55
74.2496, 310.55
74.2749, 310.55
74.3165, 310.55
74.3376, 310.55
74.3736, 310.55
74.3939, 310.549
74.416, 310.549
74.4429, 310.549
74.4816, 310.549
74.4914, 310.549
74.5156, 310.549
74.544, 310.549
74.64, 310.549
74.6411, 310.549
74.6419, 310.549
74.7022, 310.549
74.7075, 310.549
74.7379, 310.549
74.7802, 310.549
74.7892, 310.549
74.8259, 310.549
74.8768, 310.549
74.8844, 310.549
74.9349, 310.549
74.938, 310.549
74.9388, 310.549
74.9468, 310.549
75.0024, 310.549
75.0274, 310.549
75.0501, 310.549
75.0712, 310.549
75.1113, 310.549
75.1513, 310.549
75.1893, 310.549
75.2, 310.549
75.218, 310.549
75.2536, 310.548
75.2774, 310.548
75.3238, 310.548
75.3301, 310.548
75.3579, 310.548
75.3697, 310.548
75.3944, 310.548
75.4684, 310.548
75.4768, 310.548
75.482, 310.548
75.516, 310.548
75.5685, 310.548
75.5944, 310.548
75.6151, 310.548
75.6876, 310.548
75.691, 310.548
75.724, 310.548
75.7508, 310.548
75.7601, 310.548
75.7648, 310.548
75.7721, 310.548
75.8053, 310.548
75.8314, 310.548
75.8445, 310.548
75.859, 310.548
75.9199, 310.548
75.9322, 310.548
75.9441, 310.548
75.9877, 310.548
76.0112, 310.548
76.0261, 310.548
76.0689, 310.547
76.0997, 310.547
76.1227, 310.547
76.137, 310.547
76.1807, 310.547
76.2145, 310.547
76.2277, 310.547
76.2434, 310.547
76.2744, 310.547
76.3011, 310.547
76.3409, 310.547
76.3673, 310.547
76.3963, 310.547
76.4047, 310.547
76.4656, 310.547
76.4917, 310.547
76.5246, 310.547
76.5531, 310.547
76.5651, 310.547
76.6084, 310.547
76.6303, 310.547
76.6624, 310.547
76.7149, 310.547
76.7308, 310.547
76.7461, 310.547
76.7904, 310.546
76.8235, 310.546
76.8347, 310.546
76.8793, 310.546
76.9025, 310.546
76.9171, 310.546
76.9587, 310.546
76.9641, 310.546
76.9752, 310.546
77.0101, 310.546
77.0289, 310.546
77.0554, 310.546
77.0733, 310.546
77.1075, 310.546
77.1307, 310.546
77.1761, 310.546
77.2195, 310.546
77.2284, 310.546
77.234, 310.546
77.2943, 310.546
77.3091, 310.546
77.3478, 310.546
77.3502, 310.546
77.355, 310.546
77.4262, 310.546
77.4631, 310.545
77.4768, 310.545
77.4963, 310.545
77.5031, 310.545
77.5654, 310.545
77.5741, 310.545
77.6405, 310.545
77.6661, 310.545
77.6827, 310.545
77.7206, 310.545
77.7213, 310.545
77.7723, 310.545
77.7803, 310.545
77.8578, 310.545
77.8737, 310.545
77.9095, 310.545
77.912, 310.545
77.9441, 310.545
77.9558, 310.545
77.9627, 310.545
77.9786, 310.545
78.0087, 310.545
78.0364, 310.545
78.0502, 310.545
78.0803, 310.545
78.1141, 310.544
78.1482, 310.544
78.1698, 310.544
78.2021, 310.544
78.2133, 310.544
78.2313, 310.544
78.2578, 310.544
78.2755, 310.544
78.303, 310.544
78.3204, 310.544
78.3578, 310.544
78.3633, 310.544
78.372, 310.544
78.3944, 310.544
78.4208, 310.544
78.43, 310.544
78.4575, 310.544
78.4922, 310.544
78.5515, 310.544
78.5677, 310.544
78.573, 310.544
78.6143, 310.544
78.6264, 310.544
78.6386, 310.544
78.6604, 310.544
78.7236, 310.544
78.7269, 310.544
78.7283, 310.544
78.7653, 310.543
78.787, 310.543
78.7883, 310.543
78.8144, 310.543
78.8353, 310.543
78.836, 310.543
78.8758, 310.543
78.8836, 310.543
78.9022, 310.543
78.9406, 310.543
78.9865, 310.543
79.0191, 310.543
79.0493, 310.543
79.07, 310.543
79.081, 310.543
79.1073, 310.543
79.1547, 310.543
79.1627, 310.543
79.1976, 310.543
79.2025, 310.543
79.2136, 310.543
79.2597, 310.543
79.2803, 310.543
79.2975, 310.543
79.3479, 310.542
79.3584, 310.542
79.3751, 310.542
79.4042, 310.542
79.4278, 310.542
79.4536, 310.542
79.4616, 310.542
79.4983, 310.542
79.5165, 310.542
79.5457, 310.542
79.5667, 310.542
79.5938, 310.542
79.6253, 310.542
79.6458, 310.542
79.6813, 310.542
79.6983, 310.542
79.7261, 310.542
79.742, 310.542
79.7494, 310.542
79.7928, 310.542
79.8406, 310.542
79.8728, 310.542
79.873, 310.542
79.8736, 310.542
79.8749, 310.542
79.9288, 310.541
79.9548, 310.541
79.9987, 310.541
80.0148, 310.541
80.0399, 310.541
80.1024, 310.541
80.1528, 310.541
80.1537, 310.541
80.1546, 310.541
80.1552, 310.541
80.2164, 310.541
80.2735, 310.541
80.3013, 310.541
80.3153, 310.541
80.327, 310.541
80.3664, 310.541
80.3925, 310.541
80.4141, 310.541
80.4524, 310.541
80.4772, 310.541
80.4955, 310.54
80.5415, 310.54
80.5518, 310.54
80.6033, 310.54
80.6331, 310.54
80.6542, 310.54
80.6867, 310.54
80.7164, 310.54
80.8081, 310.54
80.8309, 310.54
80.858, 310.54
80.8737, 310.54
80.9309, 310.54
80.9569, 310.54
80.9842, 310.54
81.0158, 310.54
81.0184, 310.54
81.0268, 310.539
81.0574, 310.539
81.0647, 310.539
81.1367, 310.539
81.1698, 310.539
81.1884, 310.539
81.2089, 310.539
81.2191, 310.539
81.2324, 310.539
81.256, 310.539
81.2727, 310.539
81.285, 310.539
81.3003, 310.539
81.3222, 310.539
81.3598, 310.539
81.3926, 310.539
81.414, 310.539
81.4651, 310.539
81.4696, 310.539
81.5151, 310.539
81.5167, 310.539
81.5176, 310.539
81.5269, 310.539
81.5743, 310.538
81.5888, 310.538
81.6341, 310.538
81.6549, 310.538
81.6904, 310.538
81.7044, 310.538
81.7494, 310.538
81.7681, 310.538
81.7909, 310.538
81.8146, 310.538
81.8534, 310.538
81.8793, 310.538
81.9097, 310.538
81.9173, 310.538
81.9304, 310.538
81.9595, 310.538
82.0082, 310.538
82.0083, 310.538
82.0085, 310.538
82.0427, 310.538
82.0764, 310.538
82.0819, 310.537
82.1045, 310.537
82.127, 310.537
82.1797, 310.537
82.1876, 310.537
82.1946, 310.537
82.2406, 310.537
82.2764, 310.537
82.2947, 310.537
82.3007, 310.537
82.3312, 310.537
82.3736, 310.537
82.3751, 310.537
82.3767, 310.537
82.4008, 310.537
82.5078, 310.537
82.5079, 310.537
82.5081, 310.537
82.509, 310.537
82.5612, 310.537
82.5684, 310.537
82.6263, 310.536
82.6678, 310.536
82.6727, 310.536
82.6743, 310.536
82.715, 310.536
82.7503, 310.536
82.7627, 310.536
82.7998, 310.536
82.8123, 310.536
82.8369, 310.536
82.871, 310.536
82.8769, 310.536
82.9009, 310.536
82.9329, 310.536
82.9574, 310.536
82.9876, 310.536
83.0235, 310.536
83.0394, 310.536
83.0618, 310.536
83.1044, 310.535
83.1457, 310.535
83.1624, 310.535
83.2171, 310.535
83.2485, 310.535
83.2783, 310.535
83.2997, 310.535
83.3112, 310.535
83.3353, 310.535
83.3984, 310.535
83.4125, 310.535
83.4171, 310.535
83.4573, 310.535
83.4928, 310.535
83.5127, 310.535
83.5859, 310.534
83.6208, 310.534
83.6499, 310.534
83.6615, 310.534
83.6771, 310.534
83.7421, 310.534
83.7773, 310.534
83.8256, 310.534
83.8355, 310.534
83.8787, 310.534
83.9037, 310.534
83.9183, 310.534
83.9488, 310.534
83.9536, 310.534
83.9568, 310.534
83.9584, 310.534
83.9999, 310.534
84.0361, 310.534
84.0579, 310.534
84.1023, 310.533
84.1563, 310.533
84.2018, 310.533
84.2214, 310.533
84.2849, 310.533
84.3412, 310.533
84.3508, 310.533
84.388, 310.533
84.3988, 310.533
84.4241, 310.533
84.4453, 310.533
84.459, 310.533
84.4892, 310.533
84.5038, 310.533
84.5451, 310.532
84.5535, 310.532
84.5869, 310.532
84.6076, 310.532
84.6229, 310.532
84.6479, 310.532
84.6665, 310.532
84.7316, 310.532
84.734, 310.532
84.7426, 310.532
84.7846, 310.532
84.8041, 310.532
84.8261, 310.532
84.8601, 310.532
84.9044, 310.532
84.9409, 310.532
84.9647, 310.532
84.9854, 310.532
85.0071, 310.531
85.0296, 310.531
85.0616, 310.531
85.0985, 310.531
85.1542, 310.531
85.1566, 310.531
85.1668, 310.531
85.1972, 310.531
85.2022, 310.531
85.2145, 310.531
85.2375, 310.531
85.2477, 310.531
85.305, 310.531
85.3143, 310.531
85.3163, 310.531
85.3196, 310.531
85.375, 310.531
85.3892, 310.531
85.405, 310.531
85.4277, 310.531
85.4763, 310.53
85.5037, 310.53
85.5267, 310.53
85.5841, 310.53
85.604, 310.53
85.636, 310.53
85.6503, 310.53
85.6696, 310.53
85.7078, 310.53
85.731, 310.53
85.7556, 310.53
85.7833, 310.53
85.8066, 310.53
85.8381, 310.53
85.8774, 310.53
85.8915, 310.53
85.902, 310.53
85.9281, 310.529
85.9317, 310.529
85.9748, 310.529
85.9909, 310.529
86.0207, 310.529
86.031, 310.529
86.0593, 310.529
86.1114, 310.529
86.1326, 310.529
86.1504, 310.529
86.1914, 310.529
86.2149, 310.529
86.2392, 310.529
86.2457, 310.529
86.2558, 310.529
86.2861, 310.529
86.3082, 310.529
86.333, 310.529
86.3394, 310.529
86.3549, 310.529
86.3997, 310.528
86.416, 310.528
86.4232, 310.528
86.4368, 310.528
86.4681, 310.528
86.4932, 310.528
86.5201, 310.528
86.5314, 310.528
86.5385, 310.528
86.5641, 310.528
86.5844, 310.528
86.6054, 310.528
86.624, 310.528
86.6504, 310.528
86.6842, 310.528
86.7092, 310.528
86.7377, 310.528
86.7387, 310.528
86.7396, 310.528
86.7895, 310.528
86.8005, 310.528
86.8201, 310.527
86.8481, 310.527
86.8584, 310.527
86.9136, 310.527
86.9495, 310.527
86.9722, 310.527
86.9927, 310.527
87.0469, 310.527
87.073, 310.527
87.1549, 310.527
87.1789, 310.527
87.2063, 310.527
87.26, 310.526
87.2604, 310.526
87.2752, 310.526
87.3329, 310.526
87.3503, 310.526
87.3902, 310.526
87.4128, 310.526
87.4441, 310.526
87.4522, 310.526
87.5142, 310.526
87.5332, 310.526
87.5536, 310.526
87.6213, 310.526
87.6398, 310.526
87.6472, 310.526
87.681, 310.525
87.6903, 310.525
87.7231, 310.525
87.7329, 310.525
87.7863, 310.525
87.8071, 310.525
87.8212, 310.525
87.8489, 310.525
87.8681, 310.525
87.8858, 310.525
87.9187, 310.525
87.9607, 310.525
87.9744, 310.525
87.9813, 310.525
87.9895, 310.525
88.029, 310.525
88.0334, 310.525
88.0639, 310.525
88.0831, 310.525
88.109, 310.524
88.1285, 310.524
88.1637, 310.524
88.195, 310.524
88.2002, 310.524
88.2049, 310.524
88.241, 310.524
88.2701, 310.524
88.2895, 310.524
88.3033, 310.524
88.3338, 310.524
88.3663, 310.524
88.3765, 310.524
88.3871, 310.524
88.4403, 310.524
88.4516, 310.524
88.4869, 310.524
88.5356, 310.523
88.5448, 310.523
88.556, 310.523
88.5777, 310.523
88.6085, 310.523
88.634, 310.523
88.6807, 310.523
88.7191, 310.523
88.7198, 310.523
88.7594, 310.523
88.7594, 310.523
88.7603, 310.523
88.8448, 310.523
88.8832, 310.523
88.8943, 310.523
88.9016, 310.523
88.9245, 310.523
88.9594, 310.522
88.989, 310.522
89.0268, 310.522
89.0312, 310.522
89.0405, 310.522
89.098, 310.522
89.1192, 310.522
89.1289, 310.522
89.152, 310.522
89.1728, 310.522
89.228, 310.522
89.2389, 310.522
89.2741, 310.522
89.295, 310.522
89.319, 310.522
89.3502, 310.522
89.3979, 310.521
89.4039, 310.521
89.4189, 310.521
89.463, 310.521
89.4853, 310.521
89.4927, 310.521
89.5421, 310.521
89.5465, 310.521
89.6156, 310.521
89.6196, 310.521
89.6218, 310.521
89.6279, 310.521
89.6942, 310.521
89.7212, 310.521
89.7568, 310.521
89.7746, 310.52
89.796, 310.52
89.8176, 310.52
89.8375, 310.52
89.8853, 310.52
89.928, 310.52
89.9508, 310.52
89.9599, 310.52
90.0094, 310.52
90.0188, 310.52
90.0643, 310.52
90.0917, 310.52
90.1301, 310.52
90.165, 310.52
90.1762, 310.519
90.2148, 310.519
90.253, 310.519
90.2873, 310.519
90.3214, 310.519
90.3237, 310.519
90.3769, 310.519
90.4067, 310.519
90.41, 310.519
90.45, 310.519
90.4842, 310.519
90.4929, 310.519
90.5378, 310.519
90.5398, 310.519
90.5413, 310.519
90.5746, 310.518
90.6026, 310.518
90.6572, 310.518
90.6625, 310.518
90.6637, 310.518
90.6926, 310.518
90.7096, 310.518
90.734, 310.518
90.7477, 310.518
90.7658, 310.518
90.7884, 310.518
90.7922, 310.518
90.7938, 310.518
90.8282, 310.518
90.8924, 310.518
90.9577, 310.518
90.9651, 310.518
90.9664, 310.518
90.9683, 310.518
90.993, 310.517
91.0083, 310.517
91.0427, 310.517
91.0641, 310.517
91.0938, 310.517
91.1237, 310.517
91.1686, 310.517
91.1985, 310.517
91.2118, 310.517
91.2506, 310.517
91.2594, 310.517
91.2668, 310.517
91.3187, 310.517
91.3272, 310.517
91.3767, 310.516
91.3875, 310.516
91.4346, 310.516
91.4714, 310.516
91.4833, 310.516
91.4923, 310.516
91.5237, 310.516
91.575, 310.516
91.5983, 310.516
91.6097, 310.516
91.6568, 310.516
91.6571, 310.516
91.6663, 310.516
91.699, 310.516
91.6999, 310.516
91.7017, 310.516
91.7597, 310.516
91.7795, 310.515
91.8044, 310.515
91.85, 310.515
91.851, 310.515
91.8528, 310.515
91.9017, 310.515
91.928, 310.515
91.9593, 310.515
91.9732, 310.515
91.9902, 310.515
92.0075, 310.515
92.0463, 310.515
92.0581, 310.515
92.0609, 310.515
92.0774, 310.515
92.0924, 310.515
92.1081, 310.515
92.138, 310.515
92.1782, 310.514
92.1792, 310.514
92.2219, 310.514
92.2427, 310.514
92.2586, 310.514
92.3025, 310.514
92.318, 310.514
92.3332, 310.514
92.3598, 310.514
92.3899, 310.514
92.3949, 310.514
92.4257, 310.514
92.4309, 310.514
92.4388, 310.514
92.463, 310.514
92.4945, 310.514
92.5297, 310.514
92.5402, 310.514
92.592, 310.513
92.6074, 310.513
92.6639, 310.513
92.6667, 310.513
92.7151, 310.513
92.7632, 310.513
92.7667, 310.513
92.8235, 310.513
92.8263, 310.513
92.8347, 310.513
92.8728, 310.513
92.8862, 310.513
92.892, 310.513
92.9221, 310.513
92.9525, 310.512
92.9551, 310.512
92.9942, 310.512
93.011, 310.512
93.0336, 310.512
93.057, 310.512
93.0617, 310.512
93.069, 310.512
93.0892, 310.512
93.151, 310.512
93.1817, 310.512
93.2233, 310.512
93.2245, 310.512
93.2268, 310.512
93.286, 310.512
93.332, 310.511
93.3502, 310.511
93.3752, 310.511
93.3905, 310.511
93.4169, 310.511
93.4247, 310.511
93.4338, 310.511
93.4744, 310.511
93.5197, 310.511
93.5327, 310.511
93.546, 310.511
93.6214, 310.511
93.6283, 310.511
93.6348, 310.511
93.6771, 310.511
93.6975, 310.511
93.7178, 310.51
93.7249, 310.51
93.7523, 310.51
93.7943, 310.51
93.7948, 310.51
93.7995, 310.51
93.838, 310.51
93.8413, 310.51
93.9156, 310.51
93.9217, 310.51
93.955, 310.51
93.9951, 310.51
93.9998, 310.51
94.0481, 310.51
94.079, 310.51
94.0887, 310.509
94.1381, 310.509
94.1464, 310.509
94.1781, 310.509
94.2177, 310.509
94.2235, 310.509
94.229, 310.509
94.289, 310.509
94.3636, 310.509
94.3908, 310.509
94.4248, 310.509
94.4491, 310.509
94.5016, 310.508
94.5046, 310.508
94.5649, 310.508
94.5692, 310.508
94.5914, 310.508
94.6245, 310.508
94.6588, 310.508
94.6712, 310.508
94.6849, 310.508
94.6977, 310.508
94.7313, 310.508
94.7832, 310.508
94.8199, 310.508
94.8361, 310.508
94.878, 310.507
94.9213, 310.507
94.939, 310.507
94.9896, 310.507
94.9976, 310.507
95.0446, 310.507
95.0805, 310.507
95.0938, 310.507
95.1434, 310.507
95.1588, 310.507
95.1815, 310.507
95.2546, 310.506
95.2582, 310.506
95.2585, 310.506
95.3104, 310.506
95.3121, 310.506
95.3269, 310.506
95.3723, 310.506
95.3792, 310.506
95.4411, 310.506
95.4468, 310.506
95.4837, 310.506
95.5207, 310.506
95.5329, 310.506
95.5657, 310.506
95.586, 310.506
95.6511, 310.505
95.6595, 310.505
95.6921, 310.505
95.7113, 310.505
95.7445, 310.505
95.7868, 310.505
95.7981, 310.505
95.8466, 310.505
95.8927, 310.505
95.934, 310.505
95.955, 310.505
96.0328, 310.504
96.0561, 310.504
96.068, 310.504
96.0873, 310.504
96.1055, 310.504
96.1221, 310.504
96.1475, 310.504
96.1986, 310.504
96.2323, 310.504
96.2541, 310.504
96.2664, 310.504
96.309, 310.504
96.3458, 310.503
96.3713, 310.503
96.3936, 310.503
96.4437, 310.503
96.4633, 310.503
96.4867, 310.503
96.5255, 310.503
96.5361, 310.503
96.5741, 310.503
96.6177, 310.503
96.633, 310.503
96.6424, 310.503
96.6816, 310.503
96.7365, 310.502
96.7481, 310.502
96.7872, 310.502
96.8423, 310.502
96.8617, 310.502
96.9076, 310.502
96.9446, 310.502
96.9663, 310.502
96.9982, 310.502
97.0046, 310.502
97.066, 310.502
97.1071, 310.501
97.1194, 310.501
97.1722, 310.501
97.177, 310.501
97.2174, 310.501
97.257, 310.501
97.2859, 310.501
97.3142, 310.501
97.3435, 310.501
97.3447, 310.501
97.3981, 310.501
97.4282, 310.501
97.4831, 310.5
97.4994, 310.5
97.5528, 310.5
97.567, 310.5
97.6012, 310.5
97.605, 310.5
97.6147, 310.5
97.6402, 310.5
97.6637, 310.5
97.6821, 310.5
97.6908, 310.5
97.7303, 310.5
97.7431, 310.5
97.8083, 310.5
97.8451, 310.499
97.8762, 310.499
97.9295, 310.499
97.9393, 310.499
97.9439, 310.499
97.9479, 310.499
97.9814, 310.499
98.0135, 310.499
98.0865, 310.499
98.0901, 310.499
98.1486, 310.499
98.1587, 310.499
98.1878, 310.499
98.1961, 310.498
98.2551, 310.498
98.2573, 310.498
98.261, 310.498
98.3108, 310.498
98.3634, 310.498
98.3898, 310.498
98.4079, 310.498
98.4564, 310.498
98.4616, 310.498
98.5056, 310.498
98.5763, 310.497
98.603, 310.497
98.6218, 310.497
98.6703, 310.497
98.6835, 310.497
98.7163, 310.497
98.7238, 310.497
98.7432, 310.497
98.7649, 310.497
98.831, 310.497
98.831, 310.497
98.8313, 310.497
98.8829, 310.497
98.8841, 310.497
98.9071, 310.497
98.9255, 310.497
98.9263, 310.497
98.9338, 310.497
98.9852, 310.496
99.0119, 310.496
99.0454, 310.496
99.0751, 310.496
99.0918, 310.496
99.1339, 310.496
99.1892, 310.496
99.1936, 310.496
99.2021, 310.496
99.2281, 310.496
99.2813, 310.496
99.2957, 310.496
99.3047, 310.496
99.3325, 310.495
99.3824, 310.495
99.3855, 310.495
99.3991, 310.495
99.4641, 310.495
99.4797, 310.495
99.4879, 310.495
99.4984, 310.495
99.5266, 310.495
99.5671, 310.495
99.585, 310.495
99.6037, 310.495
99.6419, 310.495
99.6801, 310.494
99.7075, 310.494
99.7401, 310.494
99.7946, 310.494
99.8119, 310.494
99.8176, 310.494
99.8281, 310.494
99.8798, 310.494
99.8971, 310.494
99.9423, 310.494
99.9432, 310.494
99.9436, 310.494
100.002, 310.494
100.027, 310.494
100.086, 310.493
100.09, 310.493
100.143, 310.493
100.185, 310.493
100.203, 310.493
100.233, 310.493
100.272, 310.493
100.306, 310.493
100.352, 310.493
100.363, 310.493
100.405, 310.493
100.455, 310.492
100.475, 310.492
100.498, 310.492
100.512, 310.492
100.554, 310.492
100.595, 310.492
100.628, 310.492
100.647, 310.492
100.673, 310.492
100.712, 310.492
100.753, 310.492
100.773, 310.492
100.797, 310.492
100.856, 310.491
100.865, 310.491
100.873, 310.491
100.926, 310.491
100.951, 310.491
100.995, 310.491
101.01, 310.491
101.04, 310.491
101.097, 310.491
101.12, 310.491
101.174, 310.49
101.19, 310.49
101.196, 310.49
101.226, 310.49
101.268, 310.49
101.271, 310.49
101.301, 310.49
101.336, 310.49
101.357, 310.49
101.406, 310.49
101.428, 310.49
101.438, 310.49
101.464, 310.49
101.475, 310.49
101.523, 310.49
101.542, 310.49
101.572, 310.489
101.624, 310.489
101.669, 310.489
101.671, 310.489
101.716, 310.489
101.733, 310.489
101.775, 310.489
101.779, 310.489
101.783, 310.489
101.816, 310.489
101.864, 310.489
101.895, 310.489
101.923, 310.489
101.942, 310.488
101.974, 310.488
102.005, 310.488
102.027, 310.488
102.041, 310.488
102.086, 310.488
102.102, 310.488
102.157, 310.488
102.16, 310.488
102.169, 310.488
102.208, 310.488
102.264, 310.488
102.303, 310.488
102.305, 310.488
102.306, 310.488
102.363, 310.487
102.403, 310.487
102.423, 310.487
102.452, 310.487
102.507, 310.487
102.522, 310.487
102.563, 310.487
102.572, 310.487
102.617, 310.487
102.627, 310.487
102.689, 310.487
102.698, 310.487
102.722, 310.486
102.731, 310.486
102.744, 310.486
102.786, 310.486
102.83, 310.486
102.84, 310.486
102.888, 310.486
102.915, 310.486
102.935, 310.486
102.957, 310.486
102.983, 310.486
103.025, 310.486
103.03, 310.486
103.068, 310.486
103.101, 310.485
103.11, 310.485
103.139, 310.485
103.158, 310.485
103.217, 310.485
103.221, 310.485
103.273, 310.485
103.31, 310.485
103.325, 310.485
103.376, 310.485
103.376, 310.485
103.402, 310.485
103.439, 310.485
103.487, 310.485
103.5, 310.484
103.504, 310.484
103.507, 310.484
103.542, 310.484
103.569, 310.484
103.625, 310.484
103.626, 310.484
103.679, 310.484
103.681, 310.484
103.715, 310.484
103.726, 310.484
103.728, 310.484
103.769, 310.484
103.817, 310.484
103.825, 310.484
103.858, 310.484
103.884, 310.484
103.894, 310.484
103.931, 310.483
103.964, 310.483
103.985, 310.483
104.022, 310.483
104.043, 310.483
104.049, 310.483
104.068, 310.483
104.102, 310.483
104.14, 310.483
104.152, 310.483
104.184, 310.483
104.24, 310.483
104.286, 310.483
104.294, 310.483
104.34, 310.482
104.372, 310.482
104.375, 310.482
104.383, 310.482
104.416, 310.482
104.449, 310.482
104.474, 310.482
104.512, 310.482
104.547, 310.482
104.579, 310.482
104.619, 310.482
104.657, 310.482
104.664, 310.482
104.697, 310.482
104.717, 310.482
104.725, 310.481
104.772, 310.481
104.795, 310.481
104.842, 310.481
104.844, 310.481
104.87, 310.481
104.904, 310.481
104.949, 310.481
104.958, 310.481
104.965, 310.481
104.973, 310.481
105.013, 310.481
105.029, 310.481
105.04, 310.481
105.059, 310.481
105.067, 310.481
105.09, 310.481
105.116, 310.481
105.137, 310.481
105.188, 310.48
105.233, 310.48
105.241, 310.48
105.279, 310.48
105.3, 310.48
105.36, 310.48
105.387, 310.48
105.434, 310.48
105.44, 310.48
105.442, 310.48
105.443, 310.48
105.508, 310.48
105.509, 310.48
105.57, 310.48
105.578, 310.48
105.591, 310.479
105.629, 310.479
105.67, 310.479
105.682, 310.479
105.725, 310.479
105.736, 310.479
105.786, 310.479
105.802, 310.479
105.831, 310.479
105.86, 310.479
105.868, 310.479
105.894, 310.479
105.916, 310.479
105.979, 310.479
106.012, 310.479
106.027, 310.479
106.046, 310.478
106.066, 310.478
106.077, 310.478
106.093, 310.478
106.115, 310.478
106.146, 310.478
106.192, 310.478
106.196, 310.478
106.234, 310.478
106.255, 310.478
106.268, 310.478
106.288, 310.478
106.3, 310.478
106.31, 310.478
106.351, 310.478
106.379, 310.478
106.413, 310.478
106.457, 310.478
106.492, 310.478
106.501, 310.478
106.541, 310.477
106.558, 310.477
106.624, 310.477
106.664, 310.477
106.673, 310.477
106.722, 310.477
106.76, 310.477
106.776, 310.477
106.785, 310.477
106.82, 310.477
106.856, 310.477
106.886, 310.477
106.933, 310.477
106.945, 310.477
106.969, 310.477
107.013, 310.476
107.073, 310.476
107.081, 310.476
107.131, 310.476
107.149, 310.476
107.206, 310.476
107.211, 310.476
107.243, 310.476
107.248, 310.476
107.27, 310.476
107.28, 310.476
107.327, 310.476
107.365, 310.476
107.386, 310.476
107.419, 310.476
107.433, 310.476
107.452, 310.476
107.485, 310.476
107.508, 310.476
107.559, 310.475
107.588, 310.475
107.605, 310.475
107.615, 310.475
107.639, 310.475
107.642, 310.475
107.688, 310.475
107.722, 310.475
107.746, 310.475
107.769, 310.475
107.788, 310.475
107.831, 310.475
107.842, 310.475
107.893, 310.475
107.921, 310.475
107.947, 310.475
107.961, 310.475
107.976, 310.475
108.02, 310.475
108.028, 310.475
108.081, 310.474
108.12, 310.474
108.135, 310.474
108.143, 310.474
108.194, 310.474
108.214, 310.474
108.259, 310.474
108.266, 310.474
108.308, 310.474
108.31, 310.474
108.338, 310.474
108.377, 310.474
108.396, 310.474
108.432, 310.474
108.468, 310.474
108.494, 310.474
108.522, 310.474
108.534, 310.474
108.591, 310.474
108.597, 310.474
108.605, 310.474
108.644, 310.474
108.678, 310.474
108.698, 310.474
108.727, 310.473
108.728, 310.473
108.728, 310.473
108.764, 310.473
108.787, 310.473
108.805, 310.473
108.818, 310.473
108.841, 310.473
108.869, 310.473
108.882, 310.473
108.918, 310.473
108.953, 310.473
108.979, 310.473
108.987, 310.473
108.999, 310.473
109.029, 310.473
109.037, 310.473
109.066, 310.473
109.079, 310.473
109.123, 310.473
109.135, 310.473
109.174, 310.473
109.177, 310.473
109.183, 310.473
109.239, 310.473
109.253, 310.473
109.304, 310.473
109.358, 310.473
109.358, 310.473
109.36, 310.473
109.417, 310.473
109.424, 310.473
109.465, 310.473
109.476, 310.473
109.496, 310.473
109.542, 310.472
109.569, 310.472
109.599, 310.472
109.621, 310.472
109.648, 310.472
109.659, 310.472
109.667, 310.472
109.703, 310.472
109.735, 310.472
109.796, 310.472
109.799, 310.472
109.803, 310.472
109.862, 310.472
109.899, 310.472
109.946, 310.472
109.951, 310.472
110, 310.472
110.151, 310.469
110.225, 310.468
110.271, 310.467
110.414, 310.465
110.51, 310.464
110.539, 310.464
110.605, 310.463
110.711, 310.463
111, 310.461


