X,T
2.09262e-17, 310.15
0.0903955, 310.15
0.141265, 310.15
0.229424, 310.15
0.708137, 310.15
0.791492, 310.15
1.05884, 310.15
1.09589, 310.15
1.14179, 310.15
1.4805, 310.15
1.55501, 310.15
1.78486, 310.15
2.18237, 310.15
2.26483, 310.15
2.34107, 310.15
2.6889, 310.15
3.07325, 310.15
3.38317, 310.15
3.39791, 310.15
3.66442, 310.15
3.77039, 310.15
3.77537, 310.15
4.24423, 310.15
4.31313, 310.15
4.3784, 310.15
4.76127, 310.15
5.00961, 310.15
5.1989, 310.15
5.46905, 310.15
5.7167, 310.15
5.87061, 310.15
6.0369, 310.15
6.22547, 310.15
6.32683, 310.15
6.52783, 310.15
7.00819, 310.15
7.19916, 310.15
7.19926, 310.15
7.19935, 310.15
7.19943, 310.15
7.52894, 310.15
7.7942, 310.15
8.17681, 310.15
8.26562, 310.15
8.38741, 310.15
8.40568, 310.15
8.41078, 310.15
8.55214, 310.15
8.67596, 310.15
9.06566, 310.15
9.23281, 310.15
9.39447, 310.15
9.6287, 310.15
9.70503, 310.15
10.1303, 310.15
10.1717, 310.15
10.2596, 310.15
10.5599, 310.15
10.8417, 310.15
10.9348, 310.15
11.1865, 310.15
11.3183, 310.15
11.403, 310.15
11.803, 310.15
11.8234, 310.15
12.187, 310.15
12.342, 310.15
12.545, 310.15
12.8547, 310.15
13.4119, 310.15
13.427, 310.15
13.4433, 310.15
13.7615, 310.15
14.2187, 310.15
14.4168, 310.15
14.7899, 310.15
15.0367, 310.15
15.2229, 310.15
15.795, 310.15
16.0474, 310.15
16.0933, 310.15
16.1218, 310.15
16.6902, 310.15
16.7606, 310.15
17.3317, 310.15
17.337, 310.15
17.3426, 310.15
17.4574, 310.15
17.6384, 310.15
17.7018, 310.15
18.0373, 310.15
18.0477, 310.15
18.0828, 310.15
18.1215, 310.15
18.1441, 310.15
18.6126, 310.15
18.6878, 310.15
18.7968, 310.15
18.8045, 310.15
18.821, 310.15
19.0267, 310.15
19.592, 310.15
19.8821, 310.15
20.0029, 310.15
20.3714, 310.15
20.4658, 310.15
20.9891, 310.15
21.0854, 310.15
21.1437, 310.15
21.7656, 310.15
21.8426, 310.15
21.9858, 310.15
22.235, 310.15
22.2553, 310.15
22.698, 310.15
22.8837, 310.15
23.0547, 310.15
23.3328, 310.15
23.5018, 310.15
23.7313, 310.15
23.8652, 310.15
24.2419, 310.15
24.3731, 310.15
24.4116, 310.15
24.8026, 310.15
25.1311, 310.15
25.2087, 310.15
25.4274, 310.15
25.6986, 310.15
25.7217, 310.15
26.133, 310.15
26.4292, 310.15
26.5086, 310.15
26.5557, 310.15
27.0391, 310.15
27.4219, 310.15
27.7078, 310.15
27.7835, 310.15
27.8546, 310.15
28.2329, 310.15
28.44, 310.15
28.5781, 310.15
28.9577, 310.15
29.0967, 310.15
29.3085, 310.15
29.566, 310.15
29.672, 310.15
29.9659, 310.15
30.0065, 310.15
30.1606, 310.15
30.4722, 310.15
30.7489, 310.15
30.908, 310.15
31.0428, 310.15
31.1105, 310.15
31.4759, 310.15
31.4944, 310.15
31.5441, 310.15
31.9429, 310.15
32.1214, 310.15
32.2993, 310.15
32.4684, 310.15
32.7468, 310.15
32.8015, 310.15
32.8228, 310.15
33.301, 310.15
33.3191, 310.15
33.4529, 310.15
33.9825, 310.15
34.1242, 310.15
34.152, 310.15
34.1937, 310.15
34.3456, 310.15
34.577, 310.15
34.8785, 310.15
35.0135, 310.15
35.4334, 310.15
35.6476, 310.15
36.0695, 310.15
36.3237, 310.15
36.3819, 310.15
36.4311, 310.15
37.0437, 310.15
37.0855, 310.15
37.1178, 310.15
37.1374, 310.15
37.8021, 310.15
37.8567, 310.15
38.0724, 310.15
38.3626, 310.15
38.5125, 310.15
38.7224, 310.15
39.0847, 310.15
39.0964, 310.15
39.3146, 310.15
39.4063, 310.15
39.4082, 310.15
39.6904, 310.15
39.9938, 310.15
40.062, 310.15
40.1912, 310.15
40.3596, 310.15
40.5299, 310.15
40.588, 310.15
40.9933, 310.15
41.0776, 310.15
41.1847, 310.15
41.465, 310.15
41.7133, 310.15
41.7874, 310.15
42.0481, 310.15
42.274, 310.15
42.3664, 310.15
42.3883, 310.15
42.3973, 310.15
42.4565, 310.15
42.4969, 310.15
42.5506, 310.15
42.6038, 310.15
43.0819, 310.15
43.3231, 310.15
43.7691, 310.15
43.8827, 310.15
43.9984, 310.15
44.1968, 310.15
44.5705, 310.15
44.7096, 310.15
44.804, 310.15
44.9452, 310.15
45.4681, 310.15
45.6153, 310.15
45.9118, 310.15
46.1602, 310.15
46.3201, 310.15
46.4781, 310.15
46.6506, 310.15
47.158, 310.15
47.6356, 310.15
47.674, 310.15
47.7769, 310.15
47.8754, 310.15
48.3765, 310.15
48.5892, 310.15
48.7111, 310.15
48.8098, 310.15
48.9427, 310.15
49.0679, 310.15
49.1731, 310.15
49.4676, 310.15
49.5549, 310.15
50.0969, 310.15
50.2496, 310.15
50.3153, 310.15
50.3946, 310.15
50.4517, 310.15
50.8106, 310.15
51.1101, 310.15
51.2417, 310.15
51.4025, 310.15
51.8102, 310.15
52.1665, 310.15
52.2838, 310.15
52.64, 310.15
52.9014, 310.15
52.9145, 310.15
53.4841, 310.15
53.5016, 310.15
53.5151, 310.15
53.6308, 310.15
53.6631, 310.15
54.3206, 310.15
54.4727, 310.15
54.801, 310.15
55.0302, 310.15
55.4036, 310.15
55.6631, 310.15
55.8005, 310.15
55.9446, 310.15
56.197, 310.15
56.5264, 310.15
56.839, 310.15
56.9727, 310.15
57.3604, 310.15
57.6024, 310.15
57.6674, 310.15
57.8469, 310.15
57.8523, 310.15
57.8561, 310.15
57.8621, 310.15
58, 310.15
58.0465, 310.15
58.1119, 310.15
58.1135, 310.15
58.1628, 310.15
58.1748, 310.15
58.1936, 310.15
58.2198, 310.15
58.2534, 310.15
58.2915, 310.15
58.309, 310.15
58.337, 310.15
58.3644, 310.15
58.3882, 310.15
58.418, 310.15
58.456, 310.15
58.4753, 310.15
58.4888, 310.15
58.5199, 310.15
58.5599, 310.15
58.5974, 310.15
58.6299, 310.15
58.6516, 310.15
58.6933, 310.15
58.7634, 310.15
58.7658, 310.15
58.7678, 310.15
58.7695, 310.15
58.8362, 310.15
58.8617, 310.15
58.888, 310.15
58.9138, 310.15
58.9612, 310.15
58.9662, 310.15
59.0222, 310.15
59.0241, 310.15
59.025, 310.15
59.069, 310.15
59.1138, 310.15
59.1283, 310.15
59.1792, 310.15
59.181, 310.15
59.2262, 310.15
59.2293, 310.15
59.2813, 310.15
59.2884, 310.15
59.348, 310.15
59.3938, 310.15
59.407, 310.15
59.4266, 310.15
59.4507, 310.15
59.5014, 310.15
59.519, 310.15
59.5595, 310.15
59.5838, 310.15
59.62, 310.15
59.64, 310.15
59.6595, 310.15
59.6882, 310.15
59.7378, 310.15
59.7611, 310.15
59.7899, 310.15
59.8153, 310.15
59.8283, 310.15
59.8348, 310.15
59.8394, 310.15
59.8765, 310.15
59.8896, 310.15
59.9093, 310.15
59.9351, 310.15
59.9708, 310.15
59.9854, 310.15
60.0186, 310.15
60.0229, 310.15
60.0279, 310.15
60.0588, 310.15
60.09, 310.15
60.1176, 310.15
60.1561, 310.15
60.1831, 310.15
60.208, 310.15
60.2372, 310.15
60.2649, 310.15
60.2888, 310.15
60.3674, 310.15
60.3953, 310.15
60.429, 310.15
60.453, 310.15
60.4925, 310.15
60.5187, 310.15
60.5492, 310.15
60.5625, 310.15
60.6045, 310.15
60.6799, 310.15
60.6816, 310.15
60.7551, 310.15
60.7635, 310.15
60.7674, 310.15
60.7782, 310.15
60.8379, 310.15
60.8812, 310.15
60.9022, 310.15
60.9153, 310.15
60.9646, 310.15
60.9711, 310.15
61.0118, 310.15
61.0383, 310.15
61.0631, 310.15
61.0933, 310.15
61.1051, 310.15
61.1454, 310.15
61.1642, 310.15
61.1911, 310.15
61.2081, 310.15
61.2135, 310.15
61.2246, 310.15
61.2482, 310.15
61.2598, 310.15
61.2787, 310.15
61.2889, 310.15
61.3283, 310.15
61.3614, 310.15
61.3683, 310.15
61.406, 310.15
61.4587, 310.15
61.4672, 310.15
61.4749, 310.15
61.5028, 310.15
61.5506, 310.15
61.5526, 310.15
61.5544, 310.15
61.6148, 310.15
61.6271, 310.15
61.6788, 310.15
61.6922, 310.15
61.7097, 310.15
61.7288, 310.15
61.7665, 310.15
61.7897, 310.15
61.8136, 310.15
61.8375, 310.15
61.847, 310.15
61.8481, 310.15
61.8578, 310.15
61.9687, 310.15
61.9703, 310.15
61.9714, 310.15
61.9742, 310.15
62.0445, 310.15
62.0768, 310.15
62.127, 310.15
62.1359, 310.15
62.1615, 310.15
62.1955, 310.15
62.2009, 310.15
62.2475, 310.15
62.2624, 310.15
62.3204, 310.15
62.3247, 310.15
62.3354, 310.15
62.3867, 310.15
62.4337, 310.15
62.4611, 310.15
62.4851, 310.15
62.5113, 310.15
62.5387, 310.15
62.5821, 310.15
62.5964, 310.15
62.6394, 310.15
62.677, 310.15
62.7208, 310.15
62.7303, 310.15
62.7472, 310.15
62.7812, 310.15
62.8126, 310.15
62.8234, 310.15
62.8566, 310.15
62.8604, 310.15
62.9071, 310.15
62.9244, 310.15
62.9532, 310.15
62.9981, 310.15
63.0354, 310.15
63.0607, 310.15
63.0934, 310.15
63.1238, 310.15
63.1616, 310.15
63.1773, 310.15
63.2028, 310.15
63.2507, 310.15
63.2774, 310.15
63.3091, 310.15
63.3322, 310.15
63.3638, 310.15
63.4031, 310.15
63.4546, 310.15
63.468, 310.15
63.5132, 310.15
63.5173, 310.15
63.5608, 310.15
63.5786, 310.15
63.6083, 310.15
63.658, 310.15
63.6989, 310.15
63.7139, 310.15
63.7476, 310.15
63.7845, 310.15
63.7894, 310.15
63.7976, 310.15
63.8338, 310.15
63.8753, 310.15
63.8778, 310.15
63.9196, 310.15
63.9592, 310.15
63.9746, 310.15
63.9765, 310.15
64.0203, 310.15
64.0332, 310.15
64.1037, 310.15
64.1213, 310.15
64.1502, 310.15
64.1673, 310.15
64.2101, 310.15
64.22, 310.15
64.2472, 310.15
64.2665, 310.15
64.2927, 310.15
64.3407, 310.15
64.3499, 310.15
64.397, 310.15
64.4215, 310.15
64.4436, 310.15
64.4725, 310.15
64.4892, 310.15
64.538, 310.15
64.5423, 310.15
64.6306, 310.15
64.6454, 310.15
64.6691, 310.15
64.6835, 310.15
64.6895, 310.15
64.699, 310.15
64.7449, 310.15
64.7698, 310.15
64.7819, 310.15
64.8139, 310.15
64.8342, 310.15
64.8772, 310.15
64.8957, 310.15
64.9459, 310.15
64.9533, 310.15
64.9702, 310.15
64.9987, 310.15
65.0116, 310.15
65.0761, 310.15
65.0788, 310.15
65.0799, 310.15
65.0818, 310.15
65.1502, 310.15
65.1543, 310.15
65.2009, 310.15
65.2055, 310.15
65.2263, 310.15
65.2531, 310.15
65.2631, 310.15
65.2935, 310.15
65.3118, 310.15
65.3572, 310.15
65.4084, 310.15
65.4211, 310.15
65.4842, 310.15
65.5249, 310.15
65.5383, 310.15
65.5438, 310.15
65.5515, 310.15
65.6139, 310.15
65.6269, 310.15
65.63, 310.15
65.6408, 310.15
65.7151, 310.15
65.7333, 310.15
65.7387, 310.15
65.7437, 310.15
65.7984, 310.15
65.8177, 310.15
65.8483, 310.15
65.8987, 310.15
65.8992, 310.15
65.9561, 310.15
65.9739, 310.15
66.0089, 310.15
66.0266, 310.15
66.0468, 310.15
66.091, 310.15
66.1127, 310.15
66.1291, 310.15
66.1362, 310.15
66.184, 310.15
66.2452, 310.15
66.2716, 310.15
66.2861, 310.15
66.3133, 310.15
66.334, 310.15
66.3674, 310.15
66.3834, 310.15
66.3985, 310.15
66.4594, 310.15
66.4654, 310.15
66.4761, 310.15
66.4839, 310.15
66.51, 310.15
66.5319, 310.15
66.5401, 310.15
66.563, 310.15
66.5783, 310.15
66.5922, 310.15
66.6297, 310.15
66.641, 310.15
66.6601, 310.15
66.7512, 310.15
66.7793, 310.15
66.8426, 310.15
66.8484, 310.15
66.8625, 310.15
66.896, 310.15
66.9067, 310.15
66.9559, 310.15
67.0142, 310.15
67.0158, 310.15
67.0173, 310.15
67.0703, 310.15
67.0768, 310.15
67.1445, 310.15
67.1508, 310.15
67.1564, 310.15
67.1756, 310.15
67.2008, 310.15
67.2273, 310.15
67.2473, 310.15
67.2922, 310.15
67.2988, 310.15
67.3132, 310.15
67.3285, 310.15
67.3376, 310.15
67.3637, 310.15
67.4102, 310.15
67.4574, 310.15
67.4805, 310.15
67.4985, 310.15
67.53, 310.15
67.5781, 310.15
67.5901, 310.15
67.5956, 310.15
67.6078, 310.15
67.6636, 310.15
67.6905, 310.15
67.7286, 310.15
67.7329, 310.15
67.7349, 310.15
67.7641, 310.15
67.7752, 310.15
67.7774, 310.15
67.8123, 310.15
67.8296, 310.15
67.8356, 310.15
67.8801, 310.15
67.8985, 310.15
67.9447, 310.15
67.9674, 310.15
67.9827, 310.15
68.0193, 310.15
68.0394, 310.15
68.0763, 310.15
68.1116, 310.15
68.1513, 310.15
68.156, 310.15
68.1592, 310.15
68.2078, 310.15
68.2425, 310.15
68.2675, 310.15
68.283, 310.15
68.3283, 310.15
68.3549, 310.15
68.3593, 310.15
68.3641, 310.15
68.4035, 310.15
68.4081, 310.15
68.4279, 310.15
68.461, 310.15
68.5068, 310.15
68.5084, 310.15
68.5119, 310.15
68.5828, 310.151
68.6254, 310.151
68.6521, 310.151
68.6859, 310.151
68.729, 310.151
68.7757, 310.151
68.7888, 310.151
68.8211, 310.151
68.8657, 310.151
68.8852, 310.151
68.9437, 310.151
68.9601, 310.151
69.0092, 310.151
69.0245, 310.151
69.0536, 310.151
69.0826, 310.151
69.0934, 310.151
69.1295, 310.151
69.1677, 310.151
69.1813, 310.151
69.2124, 310.151
69.2614, 310.151
69.2933, 310.151
69.3313, 310.151
69.3378, 310.151
69.3802, 310.151
69.4021, 310.151
69.4502, 310.151
69.4688, 310.151
69.5191, 310.151
69.5313, 310.151
69.5608, 310.151
69.5748, 310.151
69.6077, 310.151
69.6402, 310.151
69.6853, 310.151
69.7033, 310.151
69.7288, 310.151
69.7517, 310.151
69.797, 310.151
69.8113, 310.151
69.8409, 310.151
69.8594, 310.151
69.8694, 310.151
69.9269, 310.151
69.9549, 310.151
69.9958, 310.151
70.0078, 310.151
70.0217, 310.151
70.0691, 310.151
70.0865, 310.151
70.1295, 310.151
70.1889, 310.151
70.2325, 310.151
70.2424, 310.151
70.2437, 310.151
70.299, 310.151
70.3361, 310.151
70.3461, 310.151
70.42, 310.151
70.4418, 310.151
70.47, 310.151
70.479, 310.151
70.5059, 310.151
70.5246, 310.151
70.5385, 310.151
70.5632, 310.151
70.6066, 310.151
70.6342, 310.151
70.6417, 310.151
70.6837, 310.151
70.7156, 310.151
70.7267, 310.151
70.7373, 310.151
70.7644, 310.151
70.7782, 310.151
70.8133, 310.151
70.8332, 310.151
70.8675, 310.151
70.8809, 310.151
70.9385, 310.151
70.9393, 310.151
70.9955, 310.151
71.0188, 310.151
71.0626, 310.151
71.0681, 310.151
71.1128, 310.151
71.1205, 310.151
71.153, 310.151
71.1882, 310.151
71.2131, 310.151
71.2192, 310.151
71.2363, 310.151
71.2566, 310.151
71.2975, 310.151
71.3038, 310.151
71.3808, 310.151
71.3863, 310.151
71.4521, 310.151
71.4594, 310.151
71.527, 310.151
71.529, 310.151
71.5771, 310.151
71.5867, 310.151
71.6265, 310.151
71.6461, 310.151
71.6638, 310.151
71.6945, 310.151
71.7167, 310.151
71.7346, 310.151
71.7721, 310.151
71.7815, 310.151
71.816, 310.151
71.8608, 310.151
71.8679, 310.151
71.9034, 310.151
71.9264, 310.151
71.985, 310.151
72.0005, 310.151
72.0058, 310.151
72.0399, 310.151
72.0781, 310.151
72.0965, 310.151
72.1041, 310.151
72.1316, 310.151
72.1457, 310.151
72.1527, 310.151
72.1809, 310.151
72.2115, 310.151
72.2149, 310.151
72.2547, 310.151
72.2592, 310.151
72.2996, 310.151
72.3281, 310.151
72.3386, 310.151
72.3737, 310.151
72.4261, 310.151
72.4362, 310.151
72.4619, 310.151
72.4881, 310.151
72.5146, 310.151
72.536, 310.151
72.567, 310.151
72.6584, 310.151
72.683, 310.151
72.7201, 310.151
72.7514, 310.151
72.7687, 310.151
72.7809, 310.151
72.8191, 310.151
72.8489, 310.151
72.851, 310.151
72.8583, 310.151
72.9121, 310.151
72.933, 310.151
72.9628, 310.151
72.9815, 310.151
73.0192, 310.151
73.0348, 310.151
73.0786, 310.151
73.1376, 310.151
73.1452, 310.151
73.146, 310.151
73.1471, 310.151
73.1876, 310.151
73.2378, 310.151
73.2594, 310.151
73.2783, 310.151
73.2858, 310.151
73.3173, 310.151
73.3404, 310.151
73.3768, 310.151
73.3915, 310.151
73.4731, 310.151
73.4918, 310.151
73.5074, 310.151
73.5129, 310.151
73.5358, 310.151
73.5587, 310.151
73.6371, 310.151
73.6439, 310.151
73.6495, 310.151
73.6819, 310.151
73.7155, 310.151
73.7238, 310.151
73.7502, 310.151
73.7823, 310.151
73.7941, 310.151
73.8274, 310.151
73.8371, 310.151
73.8525, 310.151
73.8859, 310.151
73.9232, 310.151
73.9315, 310.151
73.9739, 310.151
74.0072, 310.151
74.0187, 310.151
74.0462, 310.151
74.0557, 310.151
74.0593, 310.151
74.0806, 310.151
74.1304, 310.151
74.137, 310.151
74.1776, 310.151
74.224, 310.151
74.2277, 310.151
74.2741, 310.151
74.3148, 310.151
74.3162, 310.151
74.3763, 310.151
74.3823, 310.151
74.3996, 310.151
74.4346, 310.151
74.4666, 310.151
74.4894, 310.151
74.4934, 310.151
74.5327, 310.151
74.5713, 310.151
74.5898, 310.151
74.5939, 310.151
74.6443, 310.151
74.6665, 310.151
74.7039, 310.151
74.736, 310.151
74.7574, 310.151
74.7918, 310.151
74.8137, 310.151
74.8493, 310.151
74.8882, 310.151
74.9075, 310.151
74.9417, 310.151
74.9683, 310.151
74.9784, 310.151
74.9959, 310.151
75.0203, 310.151
75.061, 310.151
75.085, 310.151
75.1114, 310.151
75.1332, 310.151
75.1544, 310.151
75.198, 310.151
75.2052, 310.151
75.2396, 310.151
75.2953, 310.151
75.3614, 310.151
75.3625, 310.151
75.3632, 310.151
75.4282, 310.151
75.4724, 310.151
75.5278, 310.151
75.5658, 310.151
75.5874, 310.151
75.6293, 310.151
75.6516, 310.151
75.6634, 310.151
75.6828, 310.151
75.7226, 310.151
75.7564, 310.151
75.7864, 310.151
75.8117, 310.151
75.8615, 310.151
75.8677, 310.151
75.8788, 310.151
75.9064, 310.152
75.9362, 310.152
75.9834, 310.152
76.0044, 310.152
76.0105, 310.152
76.0613, 310.152
76.0676, 310.152
76.0805, 310.152
76.1403, 310.152
76.1576, 310.152
76.1676, 310.152
76.1996, 310.152
76.2574, 310.152
76.3005, 310.152
76.3214, 310.152
76.3355, 310.152
76.4001, 310.152
76.4057, 310.152
76.4512, 310.152
76.4523, 310.152
76.4524, 310.152
76.4532, 310.152
76.5034, 310.152
76.5098, 310.152
76.5337, 310.152
76.5599, 310.152
76.5692, 310.152
76.5935, 310.152
76.6215, 310.152
76.671, 310.152
76.6848, 310.152
76.7365, 310.152
76.7522, 310.152
76.7773, 310.152
76.8013, 310.152
76.8244, 310.152
76.8701, 310.152
76.8891, 310.152
76.919, 310.152
76.9639, 310.152
76.9988, 310.152
77.0331, 310.152
77.0617, 310.152
77.091, 310.152
77.1382, 310.152
77.1466, 310.152
77.1867, 310.152
77.2584, 310.152
77.2632, 310.152
77.2679, 310.152
77.3209, 310.152
77.323, 310.152
77.33, 310.152
77.3821, 310.152
77.3903, 310.152
77.4214, 310.152
77.4308, 310.152
77.4479, 310.152
77.4886, 310.152
77.5116, 310.152
77.5345, 310.152
77.5429, 310.152
77.5461, 310.152
77.5777, 310.152
77.6328, 310.152
77.6547, 310.152
77.7002, 310.152
77.7018, 310.152
77.7339, 310.152
77.762, 310.152
77.7773, 310.152
77.792, 310.152
77.8172, 310.152
77.8733, 310.152
77.8842, 310.152
77.8916, 310.152
77.9099, 310.152
77.9466, 310.152
77.9824, 310.152
78.0403, 310.152
78.0528, 310.152
78.0972, 310.152
78.106, 310.152
78.1422, 310.152
78.1468, 310.152
78.1833, 310.152
78.1865, 310.152
78.2253, 310.152
78.2475, 310.152
78.2922, 310.152
78.3174, 310.152
78.3521, 310.152
78.3984, 310.152
78.4504, 310.152
78.4614, 310.152
78.4666, 310.152
78.4941, 310.152
78.5004, 310.152
78.5127, 310.152
78.5456, 310.152
78.5495, 310.152
78.5803, 310.152
78.5923, 310.152
78.6294, 310.152
78.6478, 310.152
78.6965, 310.152
78.727, 310.152
78.7461, 310.152
78.7634, 310.152
78.7923, 310.152
78.8158, 310.152
78.8491, 310.152
78.8775, 310.152
78.8853, 310.152
78.8946, 310.152
78.9195, 310.152
78.9442, 310.152
78.9761, 310.152
79.0191, 310.152
79.0322, 310.152
79.0506, 310.152
79.0671, 310.152
79.1132, 310.152
79.1549, 310.152
79.1877, 310.152
79.2052, 310.152
79.2329, 310.153
79.2414, 310.153
79.2989, 310.153
79.3067, 310.153
79.3124, 310.153
79.3556, 310.153
79.4036, 310.153
79.4353, 310.153
79.4652, 310.153
79.4758, 310.153
79.4974, 310.153
79.5281, 310.153
79.58, 310.153
79.5905, 310.153
79.6358, 310.153
79.6529, 310.153
79.7133, 310.153
79.7178, 310.153
79.7234, 310.153
79.7399, 310.153
79.7537, 310.153
79.7817, 310.153
79.8044, 310.153
79.817, 310.153
79.8429, 310.153
79.8625, 310.153
79.8711, 310.153
79.8919, 310.153
79.9222, 310.153
79.9396, 310.153
80.0011, 310.153
80.012, 310.153
80.032, 310.153
80.0543, 310.153
80.0634, 310.153
80.1146, 310.153
80.1548, 310.153
80.1681, 310.153
80.1704, 310.153
80.174, 310.153
80.2428, 310.153
80.2708, 310.153
80.2925, 310.153
80.3219, 310.153
80.3635, 310.153
80.3763, 310.153
80.4201, 310.153
80.4415, 310.153
80.471, 310.153
80.487, 310.153
80.5132, 310.153
80.5147, 310.153
80.5663, 310.153
80.5865, 310.153
80.6208, 310.153
80.6559, 310.153
80.6632, 310.153
80.6639, 310.153
80.6675, 310.153
80.698, 310.153
80.7318, 310.153
80.7342, 310.153
80.7615, 310.153
80.7921, 310.153
80.8198, 310.153
80.8709, 310.153
80.8889, 310.153
80.9146, 310.153
80.9705, 310.153
80.9905, 310.153
81.0376, 310.153
81.0707, 310.153
81.0867, 310.153
81.1002, 310.153
81.1134, 310.153
81.1454, 310.153
81.1575, 310.153
81.163, 310.153
81.2008, 310.153
81.256, 310.153
81.2685, 310.153
81.2978, 310.153
81.3137, 310.153
81.3382, 310.153
81.3821, 310.153
81.4085, 310.154
81.4309, 310.154
81.4467, 310.154
81.4904, 310.154
81.495, 310.154
81.5144, 310.154
81.5378, 310.154
81.5442, 310.154
81.603, 310.154
81.638, 310.154
81.6659, 310.154
81.6994, 310.154
81.7298, 310.154
81.7433, 310.154
81.8103, 310.154
81.8453, 310.154
81.8641, 310.154
81.8867, 310.154
81.9194, 310.154
81.9521, 310.154
81.9659, 310.154
82.0048, 310.154
82.0099, 310.154
82.0189, 310.154
82.0922, 310.154
82.1427, 310.154
82.1449, 310.154
82.1475, 310.154
82.1895, 310.154
82.2375, 310.154
82.242, 310.154
82.2809, 310.154
82.3192, 310.154
82.3249, 310.154
82.3375, 310.154
82.3515, 310.154
82.39, 310.154
82.4305, 310.154
82.4351, 310.154
82.4385, 310.154
82.4997, 310.154
82.5265, 310.154
82.529, 310.154
82.5715, 310.154
82.5988, 310.154
82.6113, 310.154
82.6617, 310.154
82.6947, 310.154
82.7046, 310.154
82.7096, 310.154
82.768, 310.154
82.8, 310.154
82.863, 310.154
82.8633, 310.154
82.8637, 310.154
82.9233, 310.154
82.9311, 310.154
82.973, 310.154
82.984, 310.154
82.9947, 310.155
83.0389, 310.155
83.1007, 310.155
83.1085, 310.155
83.1107, 310.155
83.143, 310.155
83.1724, 310.155
83.1742, 310.155
83.2186, 310.155
83.2559, 310.155
83.2618, 310.155
83.2994, 310.155
83.3267, 310.155
83.3514, 310.155
83.3759, 310.155
83.4169, 310.155
83.4253, 310.155
83.4357, 310.155
83.4595, 310.155
83.4818, 310.155
83.5412, 310.155
83.5526, 310.155
83.6057, 310.155
83.6248, 310.155
83.6553, 310.155
83.6679, 310.155
83.7062, 310.155
83.7152, 310.155
83.7606, 310.155
83.7743, 310.155
83.7871, 310.155
83.8105, 310.155
83.8415, 310.155
83.8602, 310.155
83.8697, 310.155
83.8777, 310.155
83.8981, 310.155
83.9403, 310.155
83.9442, 310.155
83.9465, 310.155
83.9604, 310.155
84.0373, 310.155
84.0468, 310.155
84.0484, 310.155
84.0959, 310.155
84.1056, 310.155
84.1403, 310.155
84.1639, 310.155
84.1959, 310.155
84.2131, 310.155
84.2533, 310.155
84.2548, 310.155
84.3011, 310.156
84.3034, 310.156
84.3035, 310.156
84.3035, 310.156
84.3559, 310.156
84.3812, 310.156
84.3948, 310.156
84.4135, 310.156
84.4601, 310.156
84.4683, 310.156
84.4713, 310.156
84.5138, 310.156
84.5387, 310.156
84.5606, 310.156
84.5893, 310.156
84.6207, 310.156
84.6252, 310.156
84.6393, 310.156
84.6911, 310.156
84.7005, 310.156
84.7105, 310.156
84.7732, 310.156
84.7812, 310.156
84.7878, 310.156
84.8126, 310.156
84.8263, 310.156
84.8724, 310.156
84.9139, 310.156
84.9244, 310.156
85.0066, 310.156
85.0372, 310.156
85.0502, 310.156
85.081, 310.156
85.1041, 310.156
85.1148, 310.156
85.1499, 310.156
85.1817, 310.156
85.209, 310.156
85.2557, 310.156
85.2752, 310.156
85.3036, 310.156
85.3153, 310.156
85.3485, 310.157
85.3533, 310.157
85.3887, 310.157
85.4024, 310.157
85.4402, 310.157
85.45, 310.157
85.4685, 310.157
85.5137, 310.157
85.5527, 310.157
85.5567, 310.157
85.5584, 310.157
85.5598, 310.157
85.5968, 310.157
85.6242, 310.157
85.6731, 310.157
85.6896, 310.157
85.6996, 310.157
85.7229, 310.157
85.7738, 310.157
85.7762, 310.157
85.815, 310.157
85.8212, 310.157
85.8404, 310.157
85.8706, 310.157
85.886, 310.157
85.9136, 310.157
85.9614, 310.157
86.0144, 310.157
86.0269, 310.157
86.0785, 310.157
86.0936, 310.157
86.112, 310.157
86.1291, 310.157
86.1756, 310.157
86.1947, 310.157
86.2134, 310.157
86.2352, 310.158
86.2449, 310.158
86.285, 310.158
86.3225, 310.158
86.3308, 310.158
86.3643, 310.158
86.3766, 310.158
86.379, 310.158
86.4267, 310.158
86.437, 310.158
86.4782, 310.158
86.4933, 310.158
86.5014, 310.158
86.5378, 310.158
86.5686, 310.158
86.6194, 310.158
86.6446, 310.158
86.6767, 310.158
86.7139, 310.158
86.751, 310.158
86.7761, 310.158
86.8012, 310.158
86.8446, 310.158
86.8532, 310.158
86.8924, 310.158
86.9221, 310.158
86.9466, 310.158
86.9504, 310.158
86.9603, 310.158
86.9934, 310.158
87.0539, 310.159
87.092, 310.159
87.0926, 310.159
87.095, 310.159
87.1537, 310.159
87.1757, 310.159
87.1841, 310.159
87.1967, 310.159
87.2164, 310.159
87.2743, 310.159
87.3146, 310.159
87.327, 310.159
87.3825, 310.159
87.4031, 310.159
87.4389, 310.159
87.4496, 310.159
87.4907, 310.159
87.5376, 310.159
87.5506, 310.159
87.5852, 310.159
87.6179, 310.159
87.6245, 310.159
87.6838, 310.159
87.6997, 310.159
87.722, 310.16
87.7465, 310.16
87.7895, 310.16
87.8025, 310.16
87.8162, 310.16
87.8329, 310.16
87.8547, 310.16
87.8633, 310.16
87.882, 310.16
87.9092, 310.16
87.931, 310.16
87.9498, 310.16
87.9879, 310.16
88.0276, 310.16
88.0598, 310.16
88.076, 310.16
88.1335, 310.16
88.1395, 310.16
88.1811, 310.16
88.1922, 310.16
88.2079, 310.16
88.2329, 310.16
88.2807, 310.16
88.2839, 310.16
88.3133, 310.16
88.3461, 310.161
88.3666, 310.161
88.3756, 310.161
88.427, 310.161
88.4379, 310.161
88.4974, 310.161
88.4978, 310.161
88.4992, 310.161
88.5544, 310.161
88.5694, 310.161
88.6209, 310.161
88.6291, 310.161
88.6373, 310.161
88.7044, 310.161
88.712, 310.161
88.7172, 310.161
88.7673, 310.161
88.8044, 310.161
88.816, 310.161
88.8511, 310.161
88.8558, 310.161
88.8635, 310.161
88.9235, 310.162
88.9483, 310.162
88.9562, 310.162
88.9676, 310.162
88.9959, 310.162
89.0266, 310.162
89.0351, 310.162
89.0539, 310.162
89.0691, 310.162
89.0835, 310.162
89.1009, 310.162
89.1317, 310.162
89.174, 310.162
89.2045, 310.162
89.2321, 310.162
89.2386, 310.162
89.2485, 310.162
89.2918, 310.162
89.3144, 310.162
89.3219, 310.162
89.3304, 310.162
89.3871, 310.162
89.4262, 310.163
89.4392, 310.163
89.4437, 310.163
89.4626, 310.163
89.4835, 310.163
89.5351, 310.163
89.5589, 310.163
89.5811, 310.163
89.6141, 310.163
89.6722, 310.163
89.6784, 310.163
89.7505, 310.163
89.7559, 310.163
89.7986, 310.163
89.8055, 310.163
89.8231, 310.163
89.8697, 310.163
89.9029, 310.164
89.9172, 310.164
89.9311, 310.164
89.974, 310.164
90.0081, 310.164
90.0546, 310.164
90.0593, 310.164
90.1189, 310.164
90.177, 310.164
90.1843, 310.164
90.1909, 310.164
90.2492, 310.164
90.2573, 310.164
90.2698, 310.164
90.3102, 310.164
90.3684, 310.165
90.3874, 310.165
90.4325, 310.165
90.4843, 310.165
90.4865, 310.165
90.4891, 310.165
90.5398, 310.165
90.5503, 310.165
90.5791, 310.165
90.6211, 310.165
90.6547, 310.165
90.6715, 310.165
90.7128, 310.165
90.713, 310.165
90.7139, 310.165
90.7656, 310.166
90.8006, 310.166
90.8058, 310.166
90.8151, 310.166
90.8596, 310.166
90.8729, 310.166
90.9387, 310.166
90.9524, 310.166
91.0067, 310.166
91.0088, 310.166
91.0498, 310.166
91.0668, 310.166
91.1267, 310.166
91.1317, 310.167
91.1349, 310.167
91.1386, 310.167
91.1878, 310.167
91.2471, 310.167
91.2575, 310.167
91.2926, 310.167
91.3411, 310.167
91.355, 310.167
91.3803, 310.167
91.4135, 310.167
91.4205, 310.167
91.434, 310.167
91.4633, 310.167
91.4887, 310.168
91.511, 310.168
91.5335, 310.168
91.5641, 310.168
91.5704, 310.168
91.5785, 310.168
91.6256, 310.168
91.6303, 310.168
91.6567, 310.168
91.6677, 310.168
91.6691, 310.168
91.7158, 310.168
91.7372, 310.168
91.7653, 310.168
91.797, 310.168
91.83, 310.169
91.8355, 310.169
91.8425, 310.169
91.8781, 310.169
91.9242, 310.169
91.9258, 310.169
91.9472, 310.169
91.9541, 310.169
91.9704, 310.169
91.9717, 310.169
92.0141, 310.169
92.0285, 310.169
92.0458, 310.169
92.0728, 310.169
92.0798, 310.169
92.0886, 310.169
92.1062, 310.169
92.1281, 310.169
92.1626, 310.17
92.2219, 310.17
92.2222, 310.17
92.2225, 310.17
92.2579, 310.17
92.2972, 310.17
92.3322, 310.17
92.3702, 310.17
92.3812, 310.17
92.4011, 310.17
92.4378, 310.17
92.4524, 310.171
92.4563, 310.171
92.4914, 310.171
92.4987, 310.171
92.5343, 310.171
92.5728, 310.171
92.5898, 310.171
92.6017, 310.171
92.6532, 310.171
92.6778, 310.171
92.7207, 310.171
92.7668, 310.172
92.7942, 310.172
92.8368, 310.172
92.8468, 310.172
92.8933, 310.172
92.9432, 310.172
92.9448, 310.172
92.9884, 310.172
93.0154, 310.173
93.0579, 310.173
93.0686, 310.173
93.1238, 310.173
93.124, 310.173
93.1244, 310.173
93.1631, 310.173
93.2159, 310.173
93.2526, 310.173
93.258, 310.173
93.2593, 310.173
93.2629, 310.173
93.2964, 310.174
93.3012, 310.174
93.3027, 310.174
93.3373, 310.174
93.3765, 310.174
93.3913, 310.174
93.4311, 310.174
93.4549, 310.174
93.4841, 310.174
93.5036, 310.174
93.5497, 310.175
93.5669, 310.175
93.6003, 310.175
93.6232, 310.175
93.6559, 310.175
93.6774, 310.175
93.6875, 310.175
93.7343, 310.175
93.7755, 310.176
93.7787, 310.176
93.822, 310.176
93.8229, 310.176
93.8674, 310.176
93.8686, 310.176
93.8711, 310.176
93.927, 310.176
93.9492, 310.176
93.9609, 310.176
93.9838, 310.176
94.0237, 310.177
94.0316, 310.177
94.0911, 310.177
94.1121, 310.177
94.1422, 310.177
94.1726, 310.177
94.1918, 310.177
94.2022, 310.177
94.2281, 310.178
94.2532, 310.178
94.2993, 310.178
94.3095, 310.178
94.3792, 310.178
94.3875, 310.178
94.4205, 310.178
94.45, 310.179
94.4912, 310.179
94.4945, 310.179
94.4963, 310.179
94.5027, 310.179
94.5424, 310.179
94.5587, 310.179
94.5781, 310.179
94.6009, 310.179
94.611, 310.179
94.6146, 310.179
94.6687, 310.18
94.7006, 310.18
94.718, 310.18
94.7746, 310.18
94.802, 310.18
94.8112, 310.18
94.8196, 310.18
94.8582, 310.181
94.9154, 310.181
94.9158, 310.181
94.9526, 310.181
94.9893, 310.181
95.0402, 310.182
95.0441, 310.182
95.0475, 310.182
95.0519, 310.182
95.0991, 310.182
95.1528, 310.182
95.1586, 310.182
95.2068, 310.182
95.2355, 310.183
95.2638, 310.183
95.2817, 310.183
95.3003, 310.183
95.3141, 310.183
95.3654, 310.183
95.3659, 310.183
95.4073, 310.184
95.4204, 310.184
95.457, 310.184
95.5054, 310.184
95.5069, 310.184
95.5657, 310.185
95.606, 310.185
95.6256, 310.185
95.6776, 310.185
95.6818, 310.185
95.7489, 310.186
95.7719, 310.186
95.7848, 310.186
95.8472, 310.186
95.866, 310.186
95.885, 310.186
95.9058, 310.187
95.9425, 310.187
95.9605, 310.187
95.9906, 310.187
96.0224, 310.187
96.0379, 310.187
96.0527, 310.188
96.0709, 310.188
96.0822, 310.188
96.1392, 310.188
96.1503, 310.188
96.1734, 310.188
96.207, 310.189
96.23, 310.189
96.273, 310.189
96.332, 310.189
96.3337, 310.189
96.3671, 310.19
96.3835, 310.19
96.4136, 310.19
96.4498, 310.19
96.4751, 310.19
96.4854, 310.19
96.5131, 310.191
96.5161, 310.191
96.5285, 310.191
96.5445, 310.191
96.5778, 310.191
96.5874, 310.191
96.6072, 310.191
96.6485, 310.192
96.6915, 310.192
96.741, 310.192
96.7594, 310.192
96.8032, 310.193
96.8295, 310.193
96.866, 310.193
96.8771, 310.193
96.904, 310.193
96.9101, 310.193
96.9119, 310.193
96.9144, 310.193
96.9862, 310.194
97.0241, 310.194
97.0683, 310.195
97.0797, 310.195
97.0911, 310.195
97.128, 310.195
97.1443, 310.195
97.1786, 310.196
97.1913, 310.196
97.1937, 310.196
97.1979, 310.196
97.2361, 310.196
97.2483, 310.196
97.2585, 310.196
97.3009, 310.197
97.3148, 310.197
97.3181, 310.197
97.3813, 310.197
97.3845, 310.197
97.4336, 310.198
97.4341, 310.198
97.4725, 310.198
97.4753, 310.198
97.4947, 310.198
97.5133, 310.198
97.5198, 310.198
97.5422, 310.199
97.5584, 310.199
97.5677, 310.199
97.5979, 310.199
97.6125, 310.199
97.6177, 310.199
97.6318, 310.199
97.661, 310.2
97.6813, 310.2
97.7066, 310.2
97.7076, 310.2
97.7129, 310.2
97.7439, 310.2
97.8061, 310.201
97.8346, 310.201
97.8458, 310.201
97.8847, 310.202
97.9052, 310.202
97.9393, 310.202
97.9761, 310.202
97.9914, 310.203
98.0346, 310.203
98.0681, 310.203
98.1157, 310.204
98.1176, 310.204
98.1303, 310.204
98.1656, 310.204
98.1689, 310.204
98.1833, 310.204
98.2041, 310.205
98.2074, 310.205
98.2469, 310.205
98.2901, 310.205
98.2986, 310.205
98.3032, 310.205
98.3312, 310.206
98.3901, 310.206
98.3906, 310.206
98.3911, 310.206
98.4214, 310.207
98.4418, 310.207
98.485, 310.207
98.4942, 310.207
98.5317, 310.208
98.5402, 310.208
98.6212, 310.209
98.6402, 310.209
98.6915, 310.209
98.7056, 310.21
98.7556, 310.21
98.8566, 310.211
98.8895, 310.212
98.9163, 310.212
98.9467, 310.212
98.9861, 310.213
98.9954, 310.213
99.0307, 310.213
99.0468, 310.213
99.0717, 310.214
99.1065, 310.214
99.1187, 310.214
99.1381, 310.214
99.1649, 310.215
99.194, 310.215
99.2342, 310.216
99.2551, 310.216
99.3, 310.216
99.3311, 310.217
99.3392, 310.217
99.3829, 310.217
99.3917, 310.217
99.4501, 310.218
99.4587, 310.218
99.4713, 310.218
99.5029, 310.219
99.5208, 310.219
99.5439, 310.219
99.5564, 310.22
99.5839, 310.22
99.6074, 310.22
99.6126, 310.22
99.651, 310.221
99.6547, 310.221
99.6626, 310.221
99.6838, 310.221
99.7357, 310.222
99.7641, 310.222
99.7828, 310.222
99.8227, 310.223
99.8231, 310.223
99.8666, 310.224
99.8945, 310.224
99.8947, 310.224
99.9362, 310.225
99.9538, 310.225
100.009, 310.226
100.013, 310.226
100.042, 310.226
100.075, 310.227
100.097, 310.227
100.145, 310.228
100.174, 310.228
100.222, 310.229
100.26, 310.229
100.264, 310.229
100.322, 310.23
100.353, 310.231
100.365, 310.231
100.395, 310.231
100.398, 310.231
100.453, 310.232
100.483, 310.233
100.504, 310.233
100.54, 310.233
100.587, 310.234
100.594, 310.234
100.63, 310.235
100.661, 310.235
100.667, 310.235
100.679, 310.236
100.701, 310.236
100.714, 310.236
100.74, 310.237
100.753, 310.237
100.763, 310.237
100.794, 310.238
100.805, 310.238
100.871, 310.239
100.875, 310.239
100.924, 310.24
100.97, 310.241
100.974, 310.241
100.977, 310.241
101.028, 310.242
101.048, 310.242
101.083, 310.243
101.131, 310.243
101.161, 310.244
101.202, 310.245
101.215, 310.245
101.247, 310.246
101.294, 310.246
101.353, 310.248
101.358, 310.248
101.423, 310.249
101.431, 310.249
101.448, 310.249
101.493, 310.25
101.508, 310.25
101.566, 310.252
101.57, 310.252
101.622, 310.253
101.655, 310.253
101.67, 310.254
101.701, 310.254
101.71, 310.255
101.735, 310.255
101.808, 310.257
101.826, 310.257
101.859, 310.258
101.875, 310.258
101.906, 310.259
101.92, 310.259
101.934, 310.259
101.948, 310.26
101.969, 310.26
102.001, 310.261
102.037, 310.261
102.054, 310.262
102.091, 310.263
102.121, 310.263
102.147, 310.264
102.167, 310.264
102.208, 310.265
102.241, 310.266
102.257, 310.266
102.267, 310.267
102.3, 310.267
102.304, 310.267
102.34, 310.268
102.344, 310.268
102.385, 310.269
102.402, 310.27
102.426, 310.27
102.481, 310.272
102.481, 310.272
102.516, 310.272
102.52, 310.273
102.559, 310.273
102.569, 310.274
102.607, 310.275
102.623, 310.275
102.666, 310.276
102.687, 310.277
102.718, 310.277
102.757, 310.278
102.774, 310.279
102.779, 310.279
102.804, 310.279
102.829, 310.28
102.866, 310.281
102.886, 310.281
102.915, 310.282
102.969, 310.283
102.976, 310.284
102.991, 310.284
103.012, 310.285
103.024, 310.285
103.076, 310.286
103.096, 310.287
103.107, 310.287
103.178, 310.289
103.186, 310.289
103.203, 310.289
103.222, 310.29
103.231, 310.29
103.264, 310.291
103.307, 310.292
103.335, 310.293
103.351, 310.293
103.387, 310.294
103.406, 310.294
103.437, 310.295
103.47, 310.296
103.492, 310.297
103.517, 310.297
103.539, 310.298
103.573, 310.299
103.575, 310.299
103.598, 310.299
103.613, 310.299
103.614, 310.3
103.616, 310.3
103.68, 310.301
103.754, 310.303
103.762, 310.303
103.793, 310.304
103.805, 310.304
103.813, 310.304
103.838, 310.305
103.878, 310.306
103.885, 310.306
103.936, 310.307
103.972, 310.308
104.03, 310.309
104.04, 310.31
104.074, 310.311
104.088, 310.311
104.131, 310.312
104.139, 310.312
104.178, 310.313
104.226, 310.314
104.227, 310.314
104.229, 310.314
104.311, 310.316
104.326, 310.316
104.34, 310.317
104.358, 310.317
104.418, 310.318
104.44, 310.319
104.476, 310.319
104.479, 310.319
104.508, 310.32
104.567, 310.321
104.592, 310.322
104.606, 310.322
104.645, 310.323
104.678, 310.324
104.722, 310.324
104.745, 310.325
104.801, 310.326
104.829, 310.327
104.87, 310.327
104.871, 310.327
104.903, 310.328
104.928, 310.328
104.978, 310.329
104.989, 310.329
105.012, 310.33
105.03, 310.33
105.047, 310.33
105.071, 310.331
105.108, 310.331
105.151, 310.332
105.171, 310.332
105.21, 310.333
105.227, 310.333
105.244, 310.334
105.271, 310.334
105.316, 310.335
105.332, 310.335
105.381, 310.336
105.426, 310.336
105.442, 310.337
105.459, 310.337
105.47, 310.337
105.522, 310.338
105.554, 310.338
105.575, 310.338
105.603, 310.339
105.616, 310.339
105.648, 310.339
105.679, 310.34
105.702, 310.34
105.727, 310.34
105.751, 310.34
105.78, 310.341
105.841, 310.341
105.845, 310.341
105.907, 310.342
105.921, 310.342
105.948, 310.342
105.952, 310.342
105.961, 310.342
106.003, 310.343
106.017, 310.343
106.054, 310.343
106.093, 310.343
106.152, 310.344
106.157, 310.344
106.16, 310.344
106.22, 310.344
106.261, 310.345
106.294, 310.345
106.298, 310.345
106.308, 310.345
106.364, 310.345
106.407, 310.345
106.416, 310.345
106.443, 310.346
106.452, 310.346
106.457, 310.346
106.515, 310.346
106.545, 310.346
106.564, 310.346
106.604, 310.346
106.659, 310.346
106.668, 310.346
106.713, 310.346
106.724, 310.346
106.762, 310.346
106.781, 310.346
106.812, 310.346
106.85, 310.346
106.861, 310.346
106.862, 310.346
106.865, 310.346
106.896, 310.346
106.921, 310.346
106.942, 310.346
106.961, 310.346
107.001, 310.346
107.004, 310.346
107.063, 310.346
107.077, 310.346
107.117, 310.346
107.161, 310.346
107.195, 310.346
107.213, 310.346
107.246, 310.346
107.25, 310.346
107.272, 310.346
107.275, 310.346
107.301, 310.346
107.314, 310.346
107.36, 310.346
107.366, 310.346
107.408, 310.345
107.422, 310.345
107.453, 310.345
107.478, 310.345
107.485, 310.345
107.55, 310.345
107.579, 310.345
107.6, 310.345
107.64, 310.344
107.695, 310.344
107.701, 310.344
107.714, 310.344
107.736, 310.344
107.761, 310.344
107.802, 310.344
107.817, 310.343
107.842, 310.343
107.904, 310.343
107.932, 310.343
107.944, 310.343
107.955, 310.343
107.98, 310.342
108.004, 310.342
108.038, 310.342
108.056, 310.342
108.061, 310.342
108.11, 310.342
108.119, 310.342
108.141, 310.341
108.169, 310.341
108.239, 310.341
108.248, 310.341
108.25, 310.341
108.258, 310.341
108.302, 310.34
108.347, 310.34
108.351, 310.34
108.393, 310.34
108.401, 310.339
108.457, 310.339
108.459, 310.339
108.461, 310.339
108.527, 310.338
108.538, 310.338
108.562, 310.338
108.573, 310.338
108.578, 310.338
108.59, 310.338
108.626, 310.338
108.644, 310.338
108.662, 310.337
108.672, 310.337
108.736, 310.337
108.755, 310.337
108.787, 310.336
108.804, 310.336
108.847, 310.336
108.89, 310.336
108.923, 310.335
108.932, 310.335
108.998, 310.335
109.006, 310.335
109.031, 310.335
109.051, 310.334
109.086, 310.334
109.099, 310.334
109.111, 310.334
109.157, 310.334
109.179, 310.334
109.223, 310.333
109.253, 310.333
109.266, 310.333
109.308, 310.333
109.329, 310.333
109.345, 310.332
109.361, 310.332
109.384, 310.332
109.419, 310.332
109.431, 310.332
109.479, 310.332
109.494, 310.332
109.538, 310.331
109.544, 310.331
109.549, 310.331
109.589, 310.331
109.632, 310.331
109.643, 310.331
109.698, 310.331
109.699, 310.331
109.7, 310.331
109.772, 310.33
109.774, 310.33
109.816, 310.33
109.852, 310.33
109.87, 310.33
109.893, 310.33
109.902, 310.33
109.959, 310.33
110, 310.33
110.074, 310.324
110.144, 310.319
110.231, 310.314
110.264, 310.312
110.384, 310.308
110.499, 310.304
110.559, 310.302
110.795, 310.296
110.946, 310.292
111, 310.291


