X,T
4.65872e-17, 310.15
0.259558, 310.15
0.434555, 310.15
0.594065, 310.15
0.786105, 310.15
0.933244, 310.15
1.27021, 310.15
1.38954, 310.15
1.67472, 310.15
1.88611, 310.15
2.26062, 310.15
2.2914, 310.15
2.35511, 310.15
2.36062, 310.15
2.38032, 310.15
2.80997, 310.15
3.05373, 310.15
3.2216, 310.15
3.58803, 310.15
3.60015, 310.15
4.10096, 310.15
4.25294, 310.15
4.37813, 310.15
4.50501, 310.15
4.83862, 310.15
4.87886, 310.15
4.9918, 310.15
5.42936, 310.15
5.58229, 310.15
5.76043, 310.15
6.07545, 310.15
6.14452, 310.15
6.38507, 310.15
6.57431, 310.15
6.86432, 310.15
7.23072, 310.15
7.28742, 310.15
7.4243, 310.15
7.62554, 310.15
7.87193, 310.15
8.09449, 310.15
8.30402, 310.15
8.71357, 310.15
8.84763, 310.15
8.92952, 310.15
9.22545, 310.15
9.59994, 310.15
9.72201, 310.15
10.0105, 310.15
10.2262, 310.15
10.3204, 310.15
10.6655, 310.15
10.9826, 310.15
11.2713, 310.15
11.4874, 310.15
11.53, 310.15
11.7515, 310.15
11.9245, 310.15
12.223, 310.15
12.2343, 310.15
12.2929, 310.15
12.8061, 310.15
12.9402, 310.15
13.2265, 310.15
13.2621, 310.15
13.6688, 310.15
13.7359, 310.15
14.1183, 310.15
14.3687, 310.15
14.4703, 310.15
14.5149, 310.15
14.5707, 310.15
14.7097, 310.15
14.8695, 310.15
15.3117, 310.15
15.5384, 310.15
15.7398, 310.15
15.8682, 310.15
15.9129, 310.15
16.2468, 310.15
16.3093, 310.15
16.6169, 310.15
16.6463, 310.15
17.2666, 310.15
17.3467, 310.15
17.9066, 310.15
18.1216, 310.15
18.2439, 310.15
18.3543, 310.15
18.5348, 310.15
18.9138, 310.15
19.1684, 310.15
19.3033, 310.15
19.573, 310.15
19.7909, 310.15
19.9122, 310.15
19.9162, 310.15
20.0986, 310.15
20.1282, 310.15
20.4995, 310.15
20.602, 310.15
20.7713, 310.15
21.0155, 310.15
21.398, 310.15
21.5389, 310.15
22.0558, 310.15
22.0767, 310.15
22.2839, 310.15
22.3125, 310.15
22.4113, 310.15
22.8185, 310.15
23.0009, 310.15
23.1258, 310.15
23.2466, 310.15
23.5741, 310.15
23.6391, 310.15
23.6602, 310.15
23.7071, 310.15
24.1281, 310.15
24.2373, 310.15
24.3515, 310.15
24.6983, 310.15
25.0991, 310.15
25.1063, 310.15
25.1375, 310.15
25.4501, 310.15
25.5236, 310.15
25.7576, 310.15
25.7578, 310.15
25.7579, 310.15
26.1392, 310.15
26.3801, 310.15
26.6765, 310.15
27.0634, 310.15
27.0792, 310.15
27.0925, 310.15
27.5376, 310.15
27.7, 310.15
28.1933, 310.15
28.2747, 310.15
28.3143, 310.15
28.3318, 310.15
28.4243, 310.15
28.8418, 310.15
29.3131, 310.15
29.3149, 310.15
29.4776, 310.15
29.5903, 310.15
29.9298, 310.15
30.2088, 310.15
30.5075, 310.15
30.5873, 310.15
30.6523, 310.15
30.9412, 310.15
31.3682, 310.15
31.4651, 310.15
31.6977, 310.15
31.8445, 310.15
31.9772, 310.15
32.4682, 310.15
32.7927, 310.15
32.8716, 310.15
33.2637, 310.151
33.6057, 310.151
33.6147, 310.151
33.6251, 310.151
33.6795, 310.151
33.7405, 310.151
33.7527, 310.151
33.7664, 310.151
34.3148, 310.151
34.5646, 310.151
34.7495, 310.151
34.9499, 310.151
35.0948, 310.151
35.2456, 310.151
35.6282, 310.151
35.6986, 310.151
36.1978, 310.151
36.2229, 310.151
36.3403, 310.151
36.5045, 310.151
36.5499, 310.151
36.7121, 310.151
36.8913, 310.151
36.9311, 310.151
37.2854, 310.151
37.5644, 310.151
37.8099, 310.151
38.2768, 310.151
38.4539, 310.151
38.5222, 310.152
38.526, 310.152
38.5273, 310.152
38.7252, 310.152
38.7555, 310.152
38.7875, 310.152
39.2107, 310.152
39.2901, 310.152
39.5398, 310.152
39.7858, 310.152
39.9015, 310.152
40.2105, 310.152
40.3446, 310.152
40.5059, 310.152
40.5428, 310.152
41.2382, 310.153
41.4645, 310.153
41.5498, 310.153
41.8881, 310.153
42.0507, 310.153
42.2842, 310.153
42.5218, 310.154
42.8025, 310.154
42.8919, 310.154
42.9683, 310.154
43.2471, 310.154
43.3251, 310.154
43.4052, 310.154
43.656, 310.155
44.0708, 310.155
44.0959, 310.155
44.1625, 310.155
44.2541, 310.155
44.4333, 310.155
44.768, 310.156
44.8451, 310.156
45.0162, 310.156
45.1269, 310.156
45.2744, 310.157
45.7863, 310.157
45.8175, 310.158
45.8283, 310.158
45.9999, 310.158
46.1876, 310.158
46.2032, 310.158
46.3719, 310.159
46.518, 310.159
46.5532, 310.159
46.74, 310.159
46.8985, 310.16
47.2372, 310.16
47.3514, 310.161
47.4813, 310.161
47.6089, 310.161
48.1439, 310.163
48.265, 310.163
48.5016, 310.164
48.744, 310.165
49.0429, 310.166
49.1619, 310.166
49.3553, 310.167
49.6628, 310.168
49.8723, 310.169
49.9038, 310.169
49.9603, 310.17
50.3683, 310.172
50.4169, 310.172
50.8402, 310.174
50.95, 310.175
51.1357, 310.176
51.3786, 310.178
51.7355, 310.18
52.0325, 310.183
52.1755, 310.184
52.5117, 310.186
52.6721, 310.188
52.8893, 310.19
53.2507, 310.194
53.5196, 310.197
53.6639, 310.198
53.9873, 310.202
54.2356, 310.205
54.2442, 310.206
54.6997, 310.212
55.009, 310.218
55.0353, 310.218
55.1252, 310.22
55.4661, 310.226
55.5436, 310.227
55.7931, 310.233
55.8018, 310.233
55.8044, 310.233
55.8091, 310.233
56.2886, 310.244
56.4961, 310.249
56.6884, 310.255
57.148, 310.27
57.3555, 310.277
57.5279, 310.284
57.6261, 310.288
57.7188, 310.292
57.7829, 310.295
57.8234, 310.297
57.9375, 310.304
58, 310.308
58.0408, 310.308
58.1004, 310.308
58.145, 310.308
58.1469, 310.308
58.1917, 310.308
58.1932, 310.308
58.199, 310.308
58.2542, 310.308
58.3072, 310.308
58.3085, 310.308
58.3818, 310.309
58.4116, 310.309
58.4359, 310.309
58.468, 310.309
58.5123, 310.309
58.5209, 310.309
58.5311, 310.309
58.5507, 310.309
58.5665, 310.309
58.6246, 310.309
58.6309, 310.309
58.6543, 310.309
58.6739, 310.309
58.6849, 310.309
58.7229, 310.309
58.7346, 310.309
58.7696, 310.309
58.8005, 310.309
58.8256, 310.31
58.8586, 310.31
58.8733, 310.31
58.9127, 310.31
58.9468, 310.31
58.9614, 310.31
59.0084, 310.31
59.0215, 310.31
59.0768, 310.31
59.0846, 310.31
59.1284, 310.31
59.1748, 310.311
59.1861, 310.311
59.247, 310.311
59.2537, 310.311
59.2597, 310.311
59.2974, 310.311
59.3453, 310.311
59.3828, 310.311
59.3848, 310.311
59.3979, 310.311
59.4278, 310.311
59.4337, 310.311
59.4815, 310.312
59.5065, 310.312
59.5404, 310.312
59.571, 310.312
59.5991, 310.312
59.6475, 310.312
59.6561, 310.312
59.6636, 310.312
59.7015, 310.312
59.7267, 310.312
59.7469, 310.313
59.7676, 310.313
59.7797, 310.313
59.7983, 310.313
59.8091, 310.313
59.8168, 310.313
59.8792, 310.313
59.8827, 310.313
59.9313, 310.313
59.9637, 310.313
59.9741, 310.313
60, 310.314
60.0468, 310.314
60.0712, 310.314
60.1122, 310.314
60.1215, 310.314
60.1314, 310.314
60.1759, 310.314
60.2009, 310.314
60.2222, 310.314
60.2406, 310.315
60.2551, 310.315
60.2866, 310.315
60.3389, 310.315
60.3645, 310.315
60.4038, 310.315
60.4432, 310.315
60.4665, 310.316
60.5343, 310.316
60.5491, 310.316
60.5767, 310.316
60.5808, 310.316
60.6273, 310.316
60.6539, 310.316
60.6677, 310.317
60.7012, 310.317
60.7111, 310.317
60.7222, 310.317
60.756, 310.317
60.7749, 310.317
60.8145, 310.317
60.8386, 310.317
60.8742, 310.318
60.8832, 310.318
60.9231, 310.318
60.9696, 310.318
61.0255, 310.318
61.0374, 310.318
61.0426, 310.318
61.0676, 310.319
61.0925, 310.319
61.1328, 310.319
61.1359, 310.319
61.137, 310.319
61.2405, 310.319
61.2467, 310.32
61.2591, 310.32
61.3032, 310.32
61.3068, 310.32
61.3191, 310.32
61.3493, 310.32
61.3618, 310.32
61.3974, 310.32
61.4533, 310.321
61.4736, 310.321
61.5049, 310.321
61.5295, 310.321
61.5563, 310.321
61.5972, 310.322
61.6339, 310.322
61.6372, 310.322
61.644, 310.322
61.6811, 310.322
61.7307, 310.322
61.7402, 310.322
61.7856, 310.323
61.8357, 310.323
61.8587, 310.323
61.8882, 310.323
61.948, 310.324
61.9629, 310.324
61.9829, 310.324
62.0108, 310.324
62.074, 310.324
62.1034, 310.325
62.1181, 310.325
62.1271, 310.325
62.1431, 310.325
62.1728, 310.325
62.2051, 310.325
62.2138, 310.325
62.2244, 310.325
62.2853, 310.326
62.2894, 310.326
62.2916, 310.326
62.2994, 310.326
62.348, 310.326
62.3808, 310.326
62.4052, 310.327
62.4226, 310.327
62.4827, 310.327
62.4848, 310.327
62.5323, 310.327
62.5643, 310.328
62.594, 310.328
62.6292, 310.328
62.6432, 310.328
62.6496, 310.328
62.7233, 310.329
62.7397, 310.329
62.7691, 310.329
62.8044, 310.329
62.8449, 310.33
62.8686, 310.33
62.8831, 310.33
62.8969, 310.33
62.9186, 310.33
62.9511, 310.33
62.9626, 310.331
62.9657, 310.331
62.995, 310.331
63.002, 310.331
63.0112, 310.331
63.0367, 310.331
63.0522, 310.331
63.0963, 310.332
63.1294, 310.332
63.1344, 310.332
63.1786, 310.332
63.217, 310.332
63.2566, 310.333
63.263, 310.333
63.2652, 310.333
63.2704, 310.333
63.2753, 310.333
63.3155, 310.333
63.3528, 310.334
63.3916, 310.334
63.408, 310.334
63.458, 310.334
63.5215, 310.335
63.5257, 310.335
63.5939, 310.335
63.5956, 310.335
63.5968, 310.335
63.5988, 310.335
63.6637, 310.336
63.6909, 310.336
63.7129, 310.336
63.7298, 310.337
63.7466, 310.337
63.7856, 310.337
63.8013, 310.337
63.8172, 310.337
63.8629, 310.338
63.8816, 310.338
63.8886, 310.338
63.9173, 310.338
63.9425, 310.338
64.0022, 310.339
64.0041, 310.339
64.01, 310.339
64.0757, 310.339
64.0912, 310.34
64.0922, 310.34
64.1212, 310.34
64.1391, 310.34
64.1564, 310.34
64.2016, 310.341
64.2064, 310.341
64.2405, 310.341
64.2634, 310.341
64.2837, 310.341
64.3279, 310.342
64.3366, 310.342
64.3682, 310.342
64.4104, 310.342
64.4144, 310.342
64.4643, 310.343
64.4861, 310.343
64.5462, 310.344
64.5673, 310.344
64.59, 310.344
64.627, 310.344
64.6776, 310.345
64.7082, 310.345
64.7128, 310.345
64.7592, 310.346
64.796, 310.346
64.7993, 310.346
64.8215, 310.346
64.8499, 310.346
64.8536, 310.347
64.9063, 310.347
64.9482, 310.347
64.9955, 310.348
65.0364, 310.348
65.0414, 310.348
65.0803, 310.349
65.085, 310.349
65.1036, 310.349
65.1179, 310.349
65.1321, 310.349
65.1595, 310.35
65.2142, 310.35
65.2225, 310.35
65.2247, 310.35
65.2314, 310.35
65.2769, 310.351
65.3133, 310.351
65.328, 310.351
65.3344, 310.351
65.3453, 310.351
65.3995, 310.352
65.4035, 310.352
65.4042, 310.352
65.4239, 310.352
65.4677, 310.353
65.4702, 310.353
65.5207, 310.353
65.5462, 310.353
65.5806, 310.354
65.5823, 310.354
65.6251, 310.354
65.6515, 310.355
65.6741, 310.355
65.7097, 310.355
65.7123, 310.355
65.7512, 310.356
65.769, 310.356
65.8009, 310.356
65.8592, 310.357
65.8805, 310.357
65.9056, 310.357
65.9423, 310.358
65.9529, 310.358
66.0008, 310.358
66.0226, 310.359
66.0609, 310.359
66.0689, 310.359
66.0986, 310.359
66.1319, 310.36
66.1499, 310.36
66.1541, 310.36
66.2114, 310.361
66.243, 310.361
66.2666, 310.361
66.2856, 310.361
66.3182, 310.362
66.3785, 310.363
66.3834, 310.363
66.4195, 310.363
66.4367, 310.363
66.4667, 310.364
66.5053, 310.364
66.5379, 310.364
66.5412, 310.364
66.5753, 310.365
66.5858, 310.365
66.629, 310.365
66.633, 310.366
66.6347, 310.366
66.6705, 310.366
66.7008, 310.366
66.7226, 310.367
66.7651, 310.367
66.7713, 310.367
66.8005, 310.368
66.8112, 310.368
66.8729, 310.368
66.8787, 310.368
66.9246, 310.369
66.9364, 310.369
66.9909, 310.37
67.0116, 310.37
67.0752, 310.371
67.0782, 310.371
67.086, 310.371
67.1262, 310.371
67.1389, 310.372
67.1714, 310.372
67.1837, 310.372
67.2178, 310.373
67.2665, 310.373
67.2925, 310.374
67.309, 310.374
67.3557, 310.374
67.3849, 310.375
67.4082, 310.375
67.4104, 310.375
67.4661, 310.376
67.4701, 310.376
67.4817, 310.376
67.5213, 310.377
67.5336, 310.377
67.5503, 310.377
67.5754, 310.377
67.5934, 310.377
67.5997, 310.378
67.6259, 310.378
67.6404, 310.378
67.6897, 310.379
67.7137, 310.379
67.765, 310.38
67.7664, 310.38
67.7666, 310.38
67.7673, 310.38
67.8083, 310.38
67.8454, 310.381
67.9261, 310.382
67.9335, 310.382
67.9345, 310.382
67.9348, 310.382
67.9371, 310.382
68.0166, 310.383
68.0336, 310.383
68.0446, 310.383
68.0807, 310.384
68.111, 310.384
68.123, 310.385
68.1313, 310.385
68.1708, 310.385
68.2106, 310.386
68.2239, 310.386
68.2523, 310.386
68.2571, 310.386
68.274, 310.387
68.2974, 310.387
68.3492, 310.388
68.3552, 310.388
68.3663, 310.388
68.4147, 310.389
68.4532, 310.389
68.4639, 310.389
68.4868, 310.39
68.4955, 310.39
68.5018, 310.39
68.5032, 310.39
68.5063, 310.39
68.5491, 310.391
68.5537, 310.391
68.5955, 310.391
68.6441, 310.392
68.6607, 310.392
68.7042, 310.393
68.7278, 310.393
68.7311, 310.393
68.7406, 310.393
68.762, 310.394
68.8039, 310.394
68.8151, 310.394
68.8584, 310.395
68.8818, 310.395
68.905, 310.396
68.927, 310.396
68.9642, 310.397
69.0115, 310.397
69.0189, 310.398
69.0213, 310.398
69.0493, 310.398
69.0718, 310.398
69.0812, 310.398
69.1548, 310.4
69.1787, 310.4
69.2127, 310.401
69.2336, 310.401
69.2973, 310.402
69.3014, 310.402
69.3308, 310.402
69.3798, 310.403
69.3812, 310.403
69.3822, 310.403
69.3839, 310.403
69.419, 310.404
69.4648, 310.404
69.4709, 310.405
69.5135, 310.405
69.5176, 310.405
69.578, 310.406
69.5891, 310.406
69.6314, 310.407
69.6509, 310.407
69.662, 310.408
69.6972, 310.408
69.7112, 310.408
69.7634, 310.409
69.7738, 310.409
69.8, 310.41
69.834, 310.41
69.8845, 310.411
69.9033, 310.412
69.946, 310.412
69.9618, 310.412
69.9969, 310.413
70.0037, 310.413
70.0402, 310.414
70.0616, 310.414
70.0835, 310.415
70.1082, 310.415
70.1147, 310.415
70.1763, 310.416
70.1893, 310.416
70.207, 310.417
70.2362, 310.417
70.291, 310.418
70.3153, 310.418
70.3329, 310.419
70.339, 310.419
70.3415, 310.419
70.3472, 310.419
70.3907, 310.42
70.4424, 310.421
70.4581, 310.421
70.4633, 310.421
70.5168, 310.422
70.5223, 310.422
70.5497, 310.423
70.5773, 310.423
70.5962, 310.423
70.6099, 310.424
70.6297, 310.424
70.663, 310.425
70.7127, 310.425
70.7359, 310.426
70.7701, 310.426
70.7762, 310.427
70.8259, 310.427
70.826, 310.427
70.8272, 310.427
70.8713, 310.428
70.8915, 310.429
70.9092, 310.429
70.959, 310.43
70.9683, 310.43
71.0015, 310.431
71.0265, 310.431
71.0604, 310.432
71.0738, 310.432
71.1012, 310.432
71.1252, 310.433
71.1742, 310.434
71.189, 310.434
71.2151, 310.435
71.2381, 310.435
71.2537, 310.435
71.3102, 310.436
71.3193, 310.437
71.3547, 310.437
71.386, 310.438
71.3921, 310.438
71.4036, 310.438
71.4273, 310.439
71.4818, 310.44
71.512, 310.44
71.5239, 310.44
71.5492, 310.441
71.5593, 310.441
71.5678, 310.441
71.661, 310.443
71.6741, 310.443
71.6835, 310.443
71.7004, 310.444
71.7266, 310.444
71.7683, 310.445
71.7759, 310.445
71.8098, 310.446
71.8157, 310.446
71.8616, 310.447
71.8759, 310.447
71.8972, 310.448
71.9206, 310.448
71.9435, 310.449
71.9617, 310.449
71.9972, 310.45
72.015, 310.45
72.066, 310.451
72.0881, 310.452
72.1235, 310.452
72.2001, 310.454
72.231, 310.454
72.2428, 310.455
72.2442, 310.455
72.2504, 310.455
72.3031, 310.456
72.3452, 310.457
72.3896, 310.458
72.4106, 310.458
72.4466, 310.459
72.4741, 310.459
72.5446, 310.461
72.5678, 310.461
72.594, 310.462
72.6126, 310.462
72.634, 310.463
72.6388, 310.463
72.6946, 310.464
72.6982, 310.464
72.7144, 310.465
72.7501, 310.465
72.7568, 310.465
72.8205, 310.467
72.8236, 310.467
72.8504, 310.468
72.8881, 310.468
72.8928, 310.468
72.9302, 310.469
72.9679, 310.47
72.9939, 310.471
73.0396, 310.472
73.0841, 310.473
73.0889, 310.473
73.098, 310.473
73.151, 310.474
73.1891, 310.475
73.1999, 310.475
73.2386, 310.476
73.2749, 310.477
73.2976, 310.477
73.3367, 310.478
73.3377, 310.478
73.3919, 310.48
73.4068, 310.48
73.4375, 310.481
73.4826, 310.482
73.4901, 310.482
73.5561, 310.483
73.5637, 310.483
73.5949, 310.484
73.6496, 310.485
73.6541, 310.486
73.688, 310.486
73.7022, 310.487
73.7293, 310.487
73.7677, 310.488
73.7871, 310.489
73.8137, 310.489
73.8252, 310.49
73.8554, 310.49
73.9026, 310.491
73.9246, 310.492
73.9545, 310.493
73.9579, 310.493
73.971, 310.493
74.0516, 310.495
74.0819, 310.496
74.1172, 310.497
74.1309, 310.497
74.1706, 310.498
74.2015, 310.499
74.204, 310.499
74.2497, 310.5
74.2658, 310.5
74.2951, 310.501
74.3167, 310.501
74.3363, 310.502
74.3694, 310.503
74.38, 310.503
74.4187, 310.504
74.4528, 310.505
74.4707, 310.505
74.5177, 310.506
74.54, 310.507
74.5474, 310.507
74.5929, 310.508
74.5963, 310.508
74.6523, 310.51
74.6558, 310.51
74.6614, 310.51
74.6989, 310.511
74.745, 310.512
74.7622, 310.513
74.7837, 310.513
74.7964, 310.514
74.8156, 310.514
74.8435, 310.515
74.8466, 310.515
74.8927, 310.516
74.9286, 310.517
74.9413, 310.517
74.9798, 310.518
74.9976, 310.519
75.0074, 310.519
75.0846, 310.521
75.0891, 310.521
75.1577, 310.523
75.1607, 310.523
75.1654, 310.523
75.2026, 310.524
75.2253, 310.525
75.2511, 310.526
75.2685, 310.526
75.3305, 310.528
75.3381, 310.528
75.3495, 310.528
75.3931, 310.529
75.4268, 310.53
75.4645, 310.531
75.4682, 310.531
75.4736, 310.532
75.4935, 310.532
75.5412, 310.533
75.5692, 310.534
75.5727, 310.534
75.5794, 310.534
75.5829, 310.535
75.6161, 310.535
75.6518, 310.536
75.6889, 310.538
75.7482, 310.539
75.7599, 310.54
75.7909, 310.54
75.8143, 310.541
75.8416, 310.542
75.8585, 310.542
75.8895, 310.543
75.9079, 310.544
75.9391, 310.545
75.954, 310.545
75.9603, 310.545
75.9973, 310.546
76.0169, 310.547
76.0725, 310.548
76.0777, 310.549
76.1369, 310.55
76.1536, 310.551
76.1667, 310.551
76.1923, 310.552
76.256, 310.554
76.2849, 310.555
76.3068, 310.555
76.3228, 310.556
76.3361, 310.556
76.3902, 310.558
76.4196, 310.559
76.4508, 310.559
76.4696, 310.56
76.4819, 310.56
76.5324, 310.562
76.5852, 310.564
76.6193, 310.565
76.6282, 310.565
76.6625, 310.566
76.6821, 310.566
76.71, 310.567
76.7444, 310.568
76.7541, 310.569
76.79, 310.57
76.805, 310.57
76.855, 310.572
76.8824, 310.573
76.92, 310.574
76.9335, 310.574
76.9385, 310.574
76.9433, 310.574
77.0056, 310.576
77.0196, 310.577
77.07, 310.578
77.0864, 310.579
77.1324, 310.58
77.1556, 310.581
77.1986, 310.583
77.2389, 310.584
77.2482, 310.584
77.2731, 310.585
77.2984, 310.586
77.3178, 310.586
77.363, 310.588
77.3923, 310.589
77.4097, 310.589
77.4426, 310.59
77.4527, 310.591
77.4891, 310.592
77.5309, 310.593
77.5312, 310.593
77.5313, 310.593
77.5923, 310.595
77.6426, 310.597
77.6437, 310.597
77.6442, 310.597
77.6813, 310.598
77.7251, 310.6
77.7432, 310.6
77.7974, 310.602
77.8225, 310.603
77.8493, 310.604
77.8745, 310.605
77.9086, 310.606
77.9259, 310.606
77.9523, 310.607
77.9735, 310.608
77.981, 310.608
78.0021, 310.609
78.0121, 310.609
78.0303, 310.61
78.0766, 310.612
78.1256, 310.613
78.1277, 310.613
78.1981, 310.616
78.2079, 310.616
78.2182, 310.616
78.2426, 310.617
78.278, 310.619
78.3031, 310.619
78.3547, 310.621
78.3902, 310.622
78.4377, 310.624
78.4475, 310.624
78.4675, 310.625
78.5123, 310.627
78.5258, 310.627
78.5452, 310.628
78.5607, 310.629
78.5961, 310.63
78.6157, 310.631
78.6262, 310.631
78.6953, 310.633
78.7467, 310.635
78.7599, 310.636
78.769, 310.636
78.8336, 310.638
78.8628, 310.639
78.8941, 310.641
78.8971, 310.641
78.899, 310.641
78.9057, 310.641
78.9368, 310.642
78.941, 310.642
78.9835, 310.644
78.9889, 310.644
78.9911, 310.644
79.0464, 310.646
79.0636, 310.647
79.0913, 310.648
79.1309, 310.649
79.1627, 310.651
79.1737, 310.651
79.1753, 310.651
79.2106, 310.652
79.2133, 310.653
79.2202, 310.653
79.2469, 310.654
79.2628, 310.654
79.3155, 310.656
79.3396, 310.657
79.3738, 310.659
79.4024, 310.66
79.4277, 310.661
79.4547, 310.662
79.4979, 310.664
79.5157, 310.664
79.551, 310.666
79.602, 310.668
79.6652, 310.67
79.6895, 310.671
79.6924, 310.671
79.7286, 310.673
79.7778, 310.675
79.7789, 310.675
79.7797, 310.675
79.8393, 310.677
79.8687, 310.678
79.8869, 310.679
79.9062, 310.68
79.936, 310.681
79.9666, 310.682
80.0094, 310.684
80.0124, 310.684
80.0589, 310.686
80.0903, 310.687
80.0957, 310.687
80.1243, 310.689
80.1703, 310.69
80.1756, 310.691
80.2244, 310.693
80.2331, 310.693
80.2687, 310.695
80.2721, 310.695
80.3349, 310.697
80.3583, 310.698
80.3961, 310.7
80.422, 310.701
80.4661, 310.703
80.5076, 310.705
80.5575, 310.707
80.5597, 310.707
80.5616, 310.707
80.5736, 310.707
80.6135, 310.709
80.6171, 310.709
80.6459, 310.71
80.6616, 310.711
80.6653, 310.711
80.6938, 310.713
80.7131, 310.713
80.7285, 310.714
80.7502, 310.715
80.7671, 310.716
80.8121, 310.718
80.8125, 310.718
80.8135, 310.718
80.8789, 310.721
80.8906, 310.721
80.9456, 310.724
80.9729, 310.725
80.9997, 310.726
81.0431, 310.728
81.0672, 310.729
81.1037, 310.731
81.1192, 310.731
81.1679, 310.733
81.1769, 310.734
81.1791, 310.734
81.1841, 310.734
81.2435, 310.737
81.2496, 310.737
81.2656, 310.738
81.3126, 310.74
81.3153, 310.74
81.3249, 310.741
81.3739, 310.743
81.381, 310.743
81.4168, 310.745
81.42, 310.745
81.4273, 310.745
81.4634, 310.747
81.4744, 310.747
81.4889, 310.748
81.5087, 310.749
81.5215, 310.75
81.5413, 310.75
81.584, 310.752
81.6036, 310.753
81.6334, 310.755
81.6557, 310.756
81.716, 310.759
81.7272, 310.759
81.7425, 310.76
81.7543, 310.76
81.8062, 310.763
81.8193, 310.764
81.8365, 310.764
81.8609, 310.766
81.9083, 310.768
81.9154, 310.768
81.9719, 310.771
82.0184, 310.773
82.0265, 310.774
82.0797, 310.776
82.1067, 310.777
82.1483, 310.779
82.1636, 310.78
82.1915, 310.782
82.198, 310.782
82.2115, 310.783
82.2482, 310.784
82.2524, 310.785
82.2838, 310.786
82.304, 310.787
82.3444, 310.789
82.376, 310.791
82.4095, 310.792
82.4874, 310.796
82.4947, 310.797
82.4957, 310.797
82.5214, 310.798
82.5653, 310.8
82.5849, 310.801
82.5988, 310.802
82.6279, 310.803
82.6429, 310.804
82.6724, 310.806
82.6934, 310.807
82.7473, 310.81
82.7726, 310.811
82.7903, 310.812
82.8402, 310.814
82.8487, 310.815
82.8892, 310.817
82.9531, 310.82
82.956, 310.821
83.0085, 310.823
83.0521, 310.826
83.0531, 310.826
83.1006, 310.828
83.1128, 310.829
83.1492, 310.831
83.1828, 310.833
83.2034, 310.834
83.2073, 310.834
83.2901, 310.838
83.2914, 310.838
83.292, 310.838
83.2936, 310.839
83.3724, 310.843
83.3791, 310.843
83.3833, 310.843
83.4216, 310.846
83.4733, 310.848
83.4851, 310.849
83.526, 310.851
83.5647, 310.853
83.5759, 310.854
83.6183, 310.856
83.6215, 310.857
83.6774, 310.86
83.6979, 310.861
83.7448, 310.864
83.7912, 310.866
83.8296, 310.868
83.8586, 310.87
83.8797, 310.871
83.9343, 310.874
83.9346, 310.874
83.9348, 310.874
83.9768, 310.877
84.026, 310.88
84.0594, 310.882
84.0662, 310.882
84.1082, 310.884
84.1259, 310.885
84.1854, 310.889
84.2069, 310.89
84.2316, 310.892
84.2531, 310.893
84.2802, 310.895
84.313, 310.896
84.3395, 310.898
84.3643, 310.9
84.3746, 310.9
84.3943, 310.901
84.4129, 310.902
84.4234, 310.903
84.4348, 310.904
84.4707, 310.906
84.4992, 310.908
84.5307, 310.91
84.5542, 310.911
84.6053, 310.914
84.6283, 310.915
84.6687, 310.918
84.7024, 310.92
84.733, 310.922
84.7636, 310.924
84.7935, 310.926
84.813, 310.927
84.8384, 310.928
84.8593, 310.93
84.8872, 310.931
84.9232, 310.934
84.937, 310.935
84.9437, 310.935
85.0027, 310.939
85.0044, 310.939
85.0071, 310.939
85.0504, 310.942
85.0829, 310.944
85.1067, 310.945
85.1266, 310.947
85.1722, 310.95
85.178, 310.95
85.2307, 310.953
85.2782, 310.956
85.2992, 310.958
85.3354, 310.96
85.3491, 310.961
85.3803, 310.963
85.4391, 310.967
85.4438, 310.967
85.4789, 310.969
85.5084, 310.971
85.5348, 310.973
85.57, 310.976
85.5859, 310.977
85.5926, 310.977
85.6311, 310.98
85.6541, 310.981
85.6727, 310.982
85.6802, 310.983
85.743, 310.987
85.747, 310.987
85.7993, 310.991
85.8424, 310.994
85.8517, 310.994
85.8662, 310.995
85.9201, 310.999
85.9593, 311.002
85.9686, 311.003
86.0114, 311.005
86.0134, 311.006
86.0469, 311.008
86.0492, 311.008
86.054, 311.008
86.0928, 311.011
86.1142, 311.013
86.1409, 311.014
86.1606, 311.016
86.1697, 311.017
86.2028, 311.019
86.2165, 311.02
86.2309, 311.021
86.2483, 311.022
86.2849, 311.025
86.304, 311.026
86.3483, 311.029
86.3809, 311.032
86.4147, 311.034
86.4494, 311.036
86.511, 311.041
86.523, 311.042
86.5462, 311.043
86.5944, 311.047
86.6237, 311.049
86.6358, 311.05
86.6904, 311.054
86.7106, 311.055
86.7458, 311.058
86.7491, 311.058
86.7935, 311.062
86.8245, 311.064
86.8342, 311.065
86.8799, 311.068
86.9003, 311.07
86.9328, 311.072
86.9984, 311.077
87.0168, 311.078
87.0334, 311.08
87.0692, 311.082
87.0817, 311.083
87.133, 311.087
87.1348, 311.087
87.1807, 311.091
87.1869, 311.091
87.249, 311.096
87.2706, 311.098
87.273, 311.098
87.2964, 311.1
87.3165, 311.101
87.37, 311.106
87.3824, 311.107
87.414, 311.109
87.4849, 311.115
87.5027, 311.116
87.5369, 311.119
87.5584, 311.121
87.574, 311.122
87.6004, 311.124
87.6322, 311.126
87.65, 311.128
87.6864, 311.131
87.7054, 311.132
87.7303, 311.134
87.7569, 311.137
87.8076, 311.141
87.8201, 311.142
87.8269, 311.142
87.8424, 311.144
87.8755, 311.146
87.9343, 311.151
87.9683, 311.154
88.0135, 311.158
88.0359, 311.159
88.0909, 311.164
88.1157, 311.166
88.151, 311.169
88.1579, 311.17
88.1827, 311.172
88.2341, 311.176
88.2666, 311.179
88.2762, 311.18
88.3253, 311.184
88.3494, 311.186
88.3616, 311.187
88.3963, 311.19
88.408, 311.191
88.4854, 311.198
88.4919, 311.198
88.507, 311.2
88.5224, 311.201
88.5519, 311.204
88.5893, 311.207
88.6022, 311.208
88.6199, 311.21
88.6474, 311.212
88.6499, 311.212
88.658, 311.213
88.69, 311.216
88.7255, 311.219
88.7381, 311.22
88.7698, 311.223
88.7758, 311.223
88.7945, 311.225
88.8193, 311.227
88.8456, 311.23
88.8836, 311.233
88.8936, 311.234
88.9215, 311.237
88.9615, 311.24
89.0165, 311.245
89.0512, 311.248
89.0574, 311.249
89.0604, 311.249
89.1037, 311.253
89.1154, 311.254
89.1653, 311.259
89.1758, 311.26
89.2108, 311.263
89.2557, 311.267
89.265, 311.268
89.2729, 311.269
89.3315, 311.274
89.3747, 311.278
89.429, 311.284
89.4361, 311.284
89.5004, 311.29
89.5083, 311.291
89.5086, 311.291
89.5499, 311.295
89.5736, 311.297
89.594, 311.299
89.6132, 311.301
89.6413, 311.304
89.703, 311.31
89.7151, 311.311
89.7353, 311.313
89.7882, 311.318
89.8383, 311.323
89.8396, 311.323
89.8411, 311.324
89.8929, 311.329
89.9102, 311.33
89.9426, 311.334
89.9738, 311.337
89.9773, 311.337
90.0128, 311.341
90.0313, 311.343
90.0575, 311.345
90.0804, 311.347
90.1134, 311.351
90.1301, 311.353
90.1667, 311.356
90.1714, 311.357
90.1757, 311.357
90.2086, 311.361
90.2694, 311.367
90.2764, 311.368
90.3049, 311.37
90.3214, 311.372
90.3704, 311.377
90.3962, 311.38
90.4031, 311.381
90.4387, 311.384
90.4632, 311.387
90.5078, 311.392
90.5271, 311.394
90.5548, 311.397
90.5733, 311.399
90.5994, 311.401
90.6555, 311.407
90.657, 311.407
90.6572, 311.407
90.6576, 311.408
90.658, 311.408
90.7145, 311.414
90.7485, 311.417
90.7508, 311.418
90.78, 311.421
90.7911, 311.422
90.8156, 311.425
90.8759, 311.431
90.8875, 311.432
90.9027, 311.434
90.9086, 311.435
90.9175, 311.436
90.9452, 311.439
90.9599, 311.44
90.9744, 311.442
91.0284, 311.448
91.0542, 311.451
91.084, 311.454
91.1414, 311.46
91.1496, 311.461
91.2019, 311.467
91.2096, 311.468
91.244, 311.472
91.2458, 311.472
91.2784, 311.476
91.2873, 311.477
91.2995, 311.478
91.3147, 311.48
91.3156, 311.48
91.3368, 311.483
91.3409, 311.483
91.3571, 311.485
91.3656, 311.486
91.4264, 311.493
91.4324, 311.494
91.4344, 311.494
91.4381, 311.494
91.5093, 311.502
91.5202, 311.504
91.5492, 311.507
91.5651, 311.509
91.5846, 311.511
91.618, 311.515
91.6349, 311.517
91.6734, 311.522
91.7079, 311.526
91.7468, 311.53
91.7509, 311.531
91.801, 311.537
91.8116, 311.538
91.8454, 311.542
91.8799, 311.546
91.8881, 311.547
91.8931, 311.548
91.9314, 311.553
91.9378, 311.553
91.9556, 311.555
92.0038, 311.561
92.0178, 311.563
92.0367, 311.565
92.1088, 311.574
92.1089, 311.574
92.1092, 311.574
92.1093, 311.574
92.1604, 311.581
92.1722, 311.582
92.2126, 311.587
92.2228, 311.588
92.2267, 311.589
92.2844, 311.596
92.3339, 311.602
92.3638, 311.606
92.3645, 311.606
92.3656, 311.606
92.4047, 311.611
92.4393, 311.616
92.4676, 311.619
92.502, 311.624
92.5118, 311.625
92.5461, 311.629
92.5645, 311.632
92.574, 311.633
92.5894, 311.635
92.63, 311.64
92.6724, 311.646
92.6936, 311.648
92.7256, 311.653
92.7476, 311.656
92.7584, 311.657
92.7878, 311.661
92.816, 311.665
92.8308, 311.667
92.8504, 311.669
92.886, 311.674
92.9021, 311.676
92.924, 311.679
92.9444, 311.682
93.003, 311.69
93.0105, 311.691
93.0304, 311.693
93.0679, 311.698
93.1207, 311.705
93.1305, 311.707
93.143, 311.709
93.202, 311.717
93.221, 311.719
93.2549, 311.724
93.3295, 311.734
93.3381, 311.735
93.3881, 311.742
93.3902, 311.743
93.4292, 311.748
93.4688, 311.754
93.4704, 311.754
93.5125, 311.76
93.5388, 311.764
93.5723, 311.769
93.6016, 311.773
93.6331, 311.777
93.6655, 311.782
93.6901, 311.785
93.7124, 311.789
93.7323, 311.792
93.7595, 311.796
93.7928, 311.8
93.813, 311.803
93.8566, 311.81
93.8804, 311.813
93.973, 311.827
93.9752, 311.827
94.0338, 311.836
94.0813, 311.843
94.0828, 311.843
94.083, 311.843
94.0835, 311.844
94.1591, 311.855
94.167, 311.856
94.1688, 311.856
94.1728, 311.857
94.1803, 311.858
94.2255, 311.865
94.2752, 311.873
94.298, 311.876
94.3065, 311.878
94.3133, 311.879
94.353, 311.885
94.3998, 311.892
94.4119, 311.894
94.439, 311.898
94.4433, 311.899
94.4452, 311.899
94.447, 311.899
94.4828, 311.905
94.5429, 311.914
94.5477, 311.915
94.5776, 311.92
94.6384, 311.93
94.6778, 311.936
94.6909, 311.938
94.7364, 311.945
94.7774, 311.952
94.7898, 311.954
94.8011, 311.956
94.8332, 311.961
94.8722, 311.967
94.8816, 311.969
94.951, 311.98
94.9647, 311.983
94.9995, 311.988
95.0544, 311.997
95.0741, 312.001
95.0905, 312.003
95.1341, 312.011
95.173, 312.017
95.1733, 312.017
95.1733, 312.017
95.1738, 312.018
95.2387, 312.029
95.3168, 312.042
95.3367, 312.045
95.3614, 312.05
95.4024, 312.057
95.4271, 312.061
95.4397, 312.063
95.4456, 312.064
95.4832, 312.071
95.4892, 312.072
95.4905, 312.072
95.4943, 312.073
95.5267, 312.078
95.5357, 312.08
95.5698, 312.086
95.586, 312.089
95.5912, 312.09
95.6314, 312.097
95.6652, 312.103
95.6955, 312.108
95.7357, 312.115
95.7544, 312.119
95.7774, 312.123
95.7932, 312.126
95.8013, 312.127
95.8596, 312.138
95.8698, 312.14
95.8826, 312.142
95.9163, 312.148
95.917, 312.148
95.9712, 312.158
95.9926, 312.162
96.0126, 312.166
96.023, 312.168
96.0491, 312.173
96.0632, 312.175
96.0705, 312.177
96.1069, 312.183
96.1233, 312.187
96.1681, 312.195
96.1762, 312.196
96.2029, 312.201
96.2301, 312.207
96.2807, 312.216
96.3162, 312.223
96.3306, 312.226
96.3946, 312.238
96.4207, 312.243
96.4451, 312.248
96.4657, 312.252
96.514, 312.261
96.5424, 312.267
96.5485, 312.268
96.5532, 312.269
96.6092, 312.28
96.6198, 312.282
96.6289, 312.284
96.6793, 312.294
96.6996, 312.298
96.7305, 312.304
96.7471, 312.308
96.7769, 312.314
96.7995, 312.318
96.8142, 312.321
96.8388, 312.326
96.856, 312.33
96.9209, 312.343
96.9528, 312.349
96.9684, 312.353
96.979, 312.355
97.0142, 312.362
97.0348, 312.366
97.0418, 312.368
97.0867, 312.377
97.1032, 312.381
97.1467, 312.39
97.1542, 312.391
97.1799, 312.397
97.2128, 312.404
97.2307, 312.408
97.2661, 312.415
97.2677, 312.415
97.286, 312.419
97.3068, 312.424
97.3086, 312.424
97.3102, 312.425
97.3497, 312.433
97.357, 312.435
97.3971, 312.443
97.4243, 312.449
97.4455, 312.454
97.4855, 312.463
97.4921, 312.464
97.5447, 312.476
97.5721, 312.482
97.5979, 312.487
97.6269, 312.494
97.6418, 312.497
97.6833, 312.506
97.7225, 312.515
97.7262, 312.516
97.7287, 312.517
97.7395, 312.519
97.78, 312.528
97.8104, 312.535
97.8307, 312.54
97.8624, 312.547
97.9111, 312.558
97.927, 312.562
97.9585, 312.569
97.995, 312.578
98.0008, 312.579
98.011, 312.581
98.0644, 312.594
98.0696, 312.595
98.1195, 312.607
98.1397, 312.612
98.1632, 312.617
98.1875, 312.623
98.1921, 312.624
98.1977, 312.625
98.2239, 312.632
98.2638, 312.641
98.2674, 312.642
98.2751, 312.644
98.308, 312.652
98.3195, 312.655
98.3636, 312.665
98.3862, 312.671
98.404, 312.675
98.4602, 312.689
98.4765, 312.693
98.4938, 312.697
98.5357, 312.708
98.539, 312.708
98.5404, 312.709
98.5715, 312.717
98.5834, 312.72
98.5861, 312.72
98.6237, 312.73
98.6287, 312.731
98.6524, 312.737
98.7262, 312.756
98.7464, 312.761
98.7674, 312.766
98.8097, 312.777
98.8223, 312.78
98.8639, 312.791
98.8941, 312.799
98.9433, 312.812
98.9704, 312.819
98.989, 312.824
99.0201, 312.832
99.0283, 312.834
99.0635, 312.843
99.0932, 312.851
99.1106, 312.856
99.1754, 312.873
99.1884, 312.877
99.2081, 312.882
99.2811, 312.902
99.3049, 312.909
99.3273, 312.915
99.3393, 312.918
99.3849, 312.931
99.4223, 312.941
99.4295, 312.943
99.4393, 312.946
99.4804, 312.957
99.5046, 312.964
99.5196, 312.969
99.5415, 312.975
99.5618, 312.98
99.5853, 312.987
99.6382, 313.002
99.6721, 313.012
99.6832, 313.015
99.6907, 313.017
99.7361, 313.031
99.7671, 313.04
99.7882, 313.046
99.8318, 313.059
99.8521, 313.065
99.8861, 313.075
99.9326, 313.089
99.9758, 313.102
99.9844, 313.104
99.9863, 313.105
99.9886, 313.105
100.032, 313.119
100.046, 313.123
100.057, 313.126
100.089, 313.136
100.118, 313.145
100.129, 313.148
100.167, 313.16
100.199, 313.17
100.201, 313.17
100.205, 313.172
100.241, 313.183
100.286, 313.197
100.304, 313.203
100.351, 313.218
100.381, 313.227
100.407, 313.235
100.433, 313.244
100.461, 313.253
100.492, 313.263
100.493, 313.263
100.494, 313.264
100.528, 313.275
100.55, 313.282
100.569, 313.288
100.579, 313.291
100.625, 313.307
100.637, 313.311
100.651, 313.315
100.708, 313.334
100.721, 313.339
100.726, 313.341
100.744, 313.346
100.745, 313.347
100.774, 313.357
100.797, 313.364
100.816, 313.371
100.837, 313.378
100.859, 313.386
100.925, 313.409
100.942, 313.414
100.946, 313.416
100.949, 313.417
100.968, 313.423
100.993, 313.432
101.01, 313.438
101.042, 313.45
101.05, 313.452
101.103, 313.471
101.134, 313.482
101.15, 313.488
101.161, 313.492
101.219, 313.513
101.24, 313.521
101.278, 313.535
101.299, 313.542
101.314, 313.548
101.334, 313.556
101.381, 313.573
101.391, 313.577
101.427, 313.59
101.43, 313.592
101.492, 313.615
101.504, 313.62
101.505, 313.62
101.547, 313.636
101.583, 313.65
101.598, 313.656
101.625, 313.666
101.645, 313.674
101.652, 313.677
101.654, 313.678
101.672, 313.685
101.707, 313.699
101.731, 313.708
101.768, 313.723
101.824, 313.746
101.828, 313.748
101.876, 313.767
101.9, 313.777
101.913, 313.782
101.932, 313.79
101.985, 313.812
102.02, 313.827
102.076, 313.851
102.08, 313.852
102.098, 313.86
102.124, 313.871
102.141, 313.878
102.179, 313.895
102.194, 313.901
102.247, 313.925
102.252, 313.927
102.303, 313.95
102.313, 313.954
102.36, 313.975
102.411, 313.998
102.443, 314.013
102.467, 314.025
102.52, 314.049
102.561, 314.068
102.581, 314.078
102.608, 314.091
102.638, 314.105
102.661, 314.116
102.68, 314.125
102.705, 314.137
102.717, 314.143
102.755, 314.162
102.767, 314.168
102.798, 314.183
102.801, 314.185
102.814, 314.191
102.849, 314.209
102.882, 314.226
102.904, 314.237
102.96, 314.266
102.963, 314.267
103.001, 314.287
103.003, 314.288
103.029, 314.302
103.043, 314.309
103.082, 314.331
103.147, 314.366
103.186, 314.387
103.195, 314.392
103.246, 314.42
103.257, 314.427
103.269, 314.433
103.286, 314.443
103.317, 314.46
103.326, 314.466
103.365, 314.488
103.4, 314.509
103.427, 314.525
103.451, 314.539
103.483, 314.558
103.509, 314.574
103.52, 314.581
103.561, 314.606
103.565, 314.608
103.605, 314.633
103.652, 314.663
103.684, 314.683
103.707, 314.698
103.752, 314.728
103.797, 314.758
103.805, 314.763
103.834, 314.782
103.893, 314.824
103.902, 314.83
103.951, 314.864
103.99, 314.891
104.001, 314.899
104.047, 314.933
104.099, 314.972
104.1, 314.973
104.101, 314.973
104.142, 315.005
104.155, 315.014
104.191, 315.043
104.208, 315.056
104.231, 315.074
104.244, 315.084
104.264, 315.101
104.278, 315.113
104.319, 315.146
104.33, 315.155
104.337, 315.162
104.351, 315.174
104.382, 315.2
104.413, 315.226
104.441, 315.251
104.475, 315.282
104.495, 315.3
104.506, 315.31
104.547, 315.348
104.566, 315.367
104.601, 315.4
104.634, 315.432
104.643, 315.441
104.647, 315.445
104.664, 315.463
104.692, 315.491
104.721, 315.522
104.75, 315.552
104.773, 315.577
104.807, 315.615
104.843, 315.655
104.887, 315.706
104.915, 315.739
104.952, 315.786
104.953, 315.787
104.958, 315.794
105.002, 315.849
105.006, 315.855
105.031, 315.886
105.059, 315.926
105.101, 315.987
105.171, 316.093
105.217, 316.163
105.219, 316.167
105.225, 316.177
105.261, 316.241
105.296, 316.303
105.311, 316.332
105.344, 316.389
105.354, 316.407
105.412, 316.533
105.414, 316.538
105.45, 316.615
105.452, 316.619
105.456, 316.628
105.519, 316.797
105.522, 316.803
105.575, 316.948
105.581, 316.966
105.621, 317.096
105.625, 317.109
105.67, 317.256
105.685, 317.323
105.732, 317.526
105.753, 317.646
105.773, 317.756
105.8, 317.91
105.857, 318.387
105.88, 318.534
105.902, 318.631
105.941, 318.814
105.991, 319.059
105.993, 319.061
105.995, 319.061
105.996, 319.056
106.031, 318.912
106.049, 318.863
106.077, 318.771
106.089, 318.725
106.124, 318.575
106.125, 318.573
106.128, 318.56
106.179, 318.243
106.254, 317.726
106.278, 317.627
106.304, 317.509
106.311, 317.482
106.33, 317.416
106.349, 317.351
106.354, 317.335
106.404, 317.188
106.424, 317.132
106.453, 317.052
106.475, 317.002
106.478, 316.993
106.544, 316.846
106.55, 316.833
106.557, 316.82
106.651, 316.665
106.659, 316.649
106.67, 316.633
106.714, 316.572
106.741, 316.535
106.776, 316.483
106.801, 316.454
106.829, 316.421
106.868, 316.377
106.907, 316.335
106.92, 316.321
106.926, 316.315
106.944, 316.298
106.969, 316.273
107.02, 316.225
107.028, 316.218
107.072, 316.181
107.081, 316.173
107.096, 316.16
107.125, 316.136
107.146, 316.121
107.168, 316.103
107.206, 316.075
107.23, 316.059
107.234, 316.055
107.265, 316.035
107.278, 316.026
107.316, 316.001
107.332, 315.991
107.363, 315.971
107.397, 315.95
107.405, 315.946
107.447, 315.921
107.46, 315.915
107.491, 315.897
107.518, 315.883
107.519, 315.883
107.589, 315.847
107.601, 315.841
107.626, 315.829
107.658, 315.814
107.673, 315.807
107.733, 315.782
107.738, 315.779
107.774, 315.763
107.796, 315.754
107.816, 315.747
107.836, 315.738
107.846, 315.734
107.878, 315.722
107.883, 315.72
107.891, 315.717
107.917, 315.708
107.922, 315.706
107.931, 315.703
107.962, 315.692
107.983, 315.684
108.031, 315.669
108.045, 315.663
108.073, 315.654
108.098, 315.646
108.125, 315.638
108.163, 315.627
108.17, 315.625
108.194, 315.618
108.211, 315.613
108.224, 315.609
108.259, 315.599
108.31, 315.586
108.311, 315.585
108.324, 315.582
108.36, 315.573
108.385, 315.566
108.418, 315.559
108.459, 315.549
108.46, 315.548
108.461, 315.548
108.502, 315.539
108.506, 315.538
108.522, 315.535
108.568, 315.525
108.585, 315.521
108.663, 315.506
108.67, 315.504
108.673, 315.504
108.715, 315.496
108.721, 315.495
108.74, 315.491
108.756, 315.488
108.791, 315.482
108.831, 315.475
108.839, 315.474
108.884, 315.467
108.887, 315.466
108.93, 315.459
108.975, 315.453
108.983, 315.452
109.019, 315.446
109.043, 315.443
109.066, 315.44
109.109, 315.435
109.122, 315.433
109.175, 315.427
109.176, 315.426
109.206, 315.423
109.233, 315.42
109.242, 315.419
109.29, 315.414
109.323, 315.411
109.329, 315.41
109.364, 315.407
109.376, 315.406
109.38, 315.405
109.452, 315.399
109.462, 315.398
109.483, 315.397
109.497, 315.396
109.525, 315.394
109.551, 315.392
109.569, 315.391
109.586, 315.389
109.624, 315.387
109.629, 315.387
109.633, 315.386
109.66, 315.385
109.689, 315.384
109.711, 315.383
109.759, 315.38
109.778, 315.38
109.802, 315.379
109.835, 315.378
109.897, 315.376
109.91, 315.376
109.94, 315.375
110, 315.374
110.167, 315.27
110.272, 315.218
110.325, 315.193
110.37, 315.177
110.549, 315.13
110.846, 315.058
111, 315.027


