X,T
2.09262e-17, 310.15
0.0903955, 310.15
0.141265, 310.15
0.229424, 310.15
0.708137, 310.15
0.791492, 310.15
1.05884, 310.15
1.09589, 310.15
1.14179, 310.15
1.4805, 310.15
1.55501, 310.15
1.78486, 310.15
2.18237, 310.15
2.26483, 310.15
2.34107, 310.15
2.6889, 310.15
3.07325, 310.15
3.38317, 310.15
3.39791, 310.15
3.66442, 310.15
3.77039, 310.15
3.77537, 310.15
4.24423, 310.15
4.31313, 310.15
4.3784, 310.15
4.76127, 310.15
5.00961, 310.15
5.1989, 310.15
5.46905, 310.15
5.7167, 310.15
5.87061, 310.15
6.0369, 310.15
6.22547, 310.15
6.32683, 310.15
6.52783, 310.15
7.00819, 310.15
7.19916, 310.15
7.19926, 310.15
7.19935, 310.15
7.19943, 310.15
7.52894, 310.15
7.7942, 310.15
8.17681, 310.15
8.26562, 310.15
8.38741, 310.15
8.40568, 310.15
8.41078, 310.15
8.55214, 310.15
8.67596, 310.15
9.06566, 310.15
9.23281, 310.15
9.39447, 310.15
9.6287, 310.15
9.70503, 310.15
10.1303, 310.15
10.1717, 310.15
10.2596, 310.15
10.5599, 310.15
10.8417, 310.15
10.9348, 310.15
11.1865, 310.15
11.3183, 310.15
11.403, 310.15
11.803, 310.15
11.8234, 310.15
12.187, 310.15
12.342, 310.15
12.545, 310.15
12.8547, 310.15
13.4119, 310.15
13.427, 310.15
13.4433, 310.15
13.7615, 310.15
14.2187, 310.15
14.4168, 310.15
14.7899, 310.15
15.0367, 310.15
15.2229, 310.15
15.795, 310.15
16.0474, 310.15
16.0933, 310.15
16.1218, 310.15
16.6902, 310.15
16.7606, 310.15
17.3317, 310.15
17.337, 310.15
17.3426, 310.15
17.4574, 310.15
17.6384, 310.15
17.7018, 310.15
18.0373, 310.15
18.0477, 310.15
18.0828, 310.15
18.1215, 310.15
18.1441, 310.15
18.6126, 310.15
18.6878, 310.15
18.7968, 310.15
18.8045, 310.15
18.821, 310.15
19.0267, 310.15
19.592, 310.15
19.8821, 310.15
20.0029, 310.15
20.3714, 310.15
20.4658, 310.15
20.9891, 310.15
21.0854, 310.15
21.1437, 310.15
21.7656, 310.15
21.8426, 310.15
21.9858, 310.15
22.235, 310.15
22.2553, 310.15
22.698, 310.15
22.8837, 310.15
23.0547, 310.15
23.3328, 310.15
23.5018, 310.15
23.7313, 310.15
23.8652, 310.15
24.2419, 310.15
24.3731, 310.15
24.4116, 310.15
24.8026, 310.15
25.1311, 310.15
25.2087, 310.15
25.4274, 310.15
25.6986, 310.15
25.7217, 310.15
26.133, 310.15
26.4292, 310.15
26.5086, 310.15
26.5557, 310.15
27.0391, 310.15
27.4219, 310.15
27.7078, 310.15
27.7835, 310.15
27.8546, 310.15
28.2329, 310.15
28.44, 310.15
28.5781, 310.15
28.9577, 310.15
29.0967, 310.15
29.3085, 310.15
29.566, 310.15
29.672, 310.15
29.9659, 310.15
30.0065, 310.15
30.1606, 310.15
30.4722, 310.15
30.7489, 310.15
30.908, 310.15
31.0428, 310.15
31.1105, 310.15
31.4759, 310.15
31.4944, 310.15
31.5441, 310.15
31.9429, 310.15
32.1214, 310.15
32.2993, 310.15
32.4684, 310.15
32.7468, 310.15
32.8015, 310.15
32.8228, 310.15
33.301, 310.15
33.3191, 310.15
33.4529, 310.15
33.9825, 310.15
34.1242, 310.15
34.152, 310.15
34.1937, 310.15
34.3456, 310.15
34.577, 310.15
34.8785, 310.15
35.0135, 310.15
35.4334, 310.15
35.6476, 310.15
36.0695, 310.15
36.3237, 310.15
36.3819, 310.15
36.4311, 310.15
37.0437, 310.15
37.0855, 310.15
37.1178, 310.15
37.1374, 310.15
37.8021, 310.15
37.8567, 310.15
38.0724, 310.15
38.3626, 310.15
38.5125, 310.15
38.7224, 310.15
39.0847, 310.15
39.0964, 310.15
39.3146, 310.15
39.4063, 310.15
39.4082, 310.15
39.6904, 310.15
39.9938, 310.15
40.062, 310.15
40.1912, 310.15
40.3596, 310.15
40.5299, 310.15
40.588, 310.15
40.9933, 310.15
41.0776, 310.15
41.1847, 310.15
41.465, 310.15
41.7133, 310.15
41.7874, 310.15
42.0481, 310.15
42.274, 310.15
42.3664, 310.15
42.3883, 310.15
42.3973, 310.15
42.4565, 310.15
42.4969, 310.15
42.5506, 310.15
42.6038, 310.15
43.0819, 310.15
43.3231, 310.15
43.7691, 310.15
43.8827, 310.15
43.9984, 310.15
44.1968, 310.15
44.5705, 310.15
44.7096, 310.15
44.804, 310.15
44.9452, 310.15
45.4681, 310.15
45.6153, 310.15
45.9118, 310.15
46.1602, 310.15
46.3201, 310.15
46.4781, 310.15
46.6506, 310.15
47.158, 310.15
47.6356, 310.15
47.674, 310.15
47.7769, 310.15
47.8754, 310.15
48.3765, 310.15
48.5892, 310.15
48.7111, 310.15
48.8098, 310.15
48.9427, 310.15
49.0679, 310.15
49.1731, 310.15
49.4676, 310.15
49.5549, 310.15
50.0969, 310.15
50.2496, 310.15
50.3153, 310.15
50.3946, 310.15
50.4517, 310.15
50.8106, 310.15
51.1101, 310.15
51.2417, 310.15
51.4025, 310.15
51.8102, 310.15
52.1665, 310.15
52.2838, 310.15
52.64, 310.15
52.9014, 310.15
52.9145, 310.15
53.4841, 310.15
53.5016, 310.15
53.5151, 310.15
53.6308, 310.15
53.6631, 310.15
54.3206, 310.15
54.4727, 310.15
54.801, 310.15
55.0302, 310.15
55.4036, 310.15
55.6631, 310.15
55.8005, 310.151
55.9446, 310.151
56.197, 310.151
56.5264, 310.151
56.839, 310.151
56.9727, 310.151
57.3604, 310.151
57.6024, 310.152
57.6674, 310.152
57.8469, 310.152
57.8523, 310.152
57.8561, 310.152
57.8621, 310.152
58, 310.152
58.0465, 310.152
58.1119, 310.152
58.1135, 310.152
58.1628, 310.152
58.1748, 310.152
58.1936, 310.152
58.2198, 310.152
58.2534, 310.152
58.2915, 310.152
58.309, 310.152
58.337, 310.152
58.3644, 310.152
58.3882, 310.152
58.418, 310.152
58.456, 310.152
58.4753, 310.152
58.4888, 310.152
58.5199, 310.152
58.5599, 310.152
58.5974, 310.152
58.6299, 310.152
58.6516, 310.152
58.6933, 310.152
58.7634, 310.152
58.7658, 310.152
58.7678, 310.152
58.7695, 310.152
58.8362, 310.152
58.8617, 310.152
58.888, 310.152
58.9138, 310.152
58.9612, 310.152
58.9662, 310.152
59.0222, 310.152
59.0241, 310.152
59.025, 310.152
59.069, 310.152
59.1138, 310.152
59.1283, 310.152
59.1792, 310.152
59.181, 310.152
59.2262, 310.152
59.2293, 310.152
59.2813, 310.152
59.2884, 310.152
59.348, 310.152
59.3938, 310.152
59.407, 310.152
59.4266, 310.152
59.4507, 310.152
59.5014, 310.152
59.519, 310.152
59.5595, 310.152
59.5838, 310.152
59.62, 310.153
59.64, 310.153
59.6595, 310.153
59.6882, 310.153
59.7378, 310.153
59.7611, 310.153
59.7899, 310.153
59.8153, 310.153
59.8283, 310.153
59.8348, 310.153
59.8394, 310.153
59.8765, 310.153
59.8896, 310.153
59.9093, 310.153
59.9351, 310.153
59.9708, 310.153
59.9854, 310.153
60.0186, 310.153
60.0229, 310.153
60.0279, 310.153
60.0588, 310.153
60.09, 310.153
60.1176, 310.153
60.1561, 310.153
60.1831, 310.153
60.208, 310.153
60.2372, 310.153
60.2649, 310.153
60.2888, 310.153
60.3674, 310.153
60.3953, 310.153
60.429, 310.153
60.453, 310.153
60.4925, 310.153
60.5187, 310.153
60.5492, 310.153
60.5625, 310.153
60.6045, 310.153
60.6799, 310.153
60.6816, 310.153
60.7551, 310.153
60.7635, 310.153
60.7674, 310.153
60.7782, 310.153
60.8379, 310.153
60.8812, 310.153
60.9022, 310.153
60.9153, 310.153
60.9646, 310.153
60.9711, 310.153
61.0118, 310.153
61.0383, 310.153
61.0631, 310.153
61.0933, 310.153
61.1051, 310.153
61.1454, 310.153
61.1642, 310.153
61.1911, 310.153
61.2081, 310.153
61.2135, 310.153
61.2246, 310.153
61.2482, 310.153
61.2598, 310.153
61.2787, 310.153
61.2889, 310.153
61.3283, 310.153
61.3614, 310.153
61.3683, 310.153
61.406, 310.153
61.4587, 310.153
61.4672, 310.153
61.4749, 310.153
61.5028, 310.153
61.5506, 310.153
61.5526, 310.153
61.5544, 310.153
61.6148, 310.153
61.6271, 310.153
61.6788, 310.153
61.6922, 310.153
61.7097, 310.153
61.7288, 310.153
61.7665, 310.153
61.7897, 310.153
61.8136, 310.153
61.8375, 310.153
61.847, 310.153
61.8481, 310.153
61.8578, 310.153
61.9687, 310.153
61.9703, 310.153
61.9714, 310.153
61.9742, 310.153
62.0445, 310.153
62.0768, 310.153
62.127, 310.153
62.1359, 310.153
62.1615, 310.153
62.1955, 310.153
62.2009, 310.153
62.2475, 310.153
62.2624, 310.153
62.3204, 310.153
62.3247, 310.153
62.3354, 310.153
62.3867, 310.153
62.4337, 310.153
62.4611, 310.153
62.4851, 310.153
62.5113, 310.153
62.5387, 310.153
62.5821, 310.153
62.5964, 310.153
62.6394, 310.153
62.677, 310.153
62.7208, 310.153
62.7303, 310.153
62.7472, 310.153
62.7812, 310.153
62.8126, 310.153
62.8234, 310.153
62.8566, 310.153
62.8604, 310.153
62.9071, 310.153
62.9244, 310.153
62.9532, 310.153
62.9981, 310.153
63.0354, 310.153
63.0607, 310.153
63.0934, 310.153
63.1238, 310.153
63.1616, 310.153
63.1773, 310.153
63.2028, 310.153
63.2507, 310.153
63.2774, 310.153
63.3091, 310.153
63.3322, 310.153
63.3638, 310.153
63.4031, 310.154
63.4546, 310.154
63.468, 310.154
63.5132, 310.154
63.5173, 310.154
63.5608, 310.154
63.5786, 310.154
63.6083, 310.154
63.658, 310.154
63.6989, 310.154
63.7139, 310.154
63.7476, 310.154
63.7845, 310.154
63.7894, 310.154
63.7976, 310.154
63.8338, 310.154
63.8753, 310.154
63.8778, 310.154
63.9196, 310.154
63.9592, 310.154
63.9746, 310.154
63.9765, 310.154
64.0203, 310.154
64.0332, 310.154
64.1037, 310.154
64.1213, 310.154
64.1502, 310.154
64.1673, 310.154
64.2101, 310.154
64.22, 310.154
64.2472, 310.154
64.2665, 310.154
64.2927, 310.154
64.3407, 310.154
64.3499, 310.154
64.397, 310.154
64.4215, 310.154
64.4436, 310.154
64.4725, 310.154
64.4892, 310.154
64.538, 310.154
64.5423, 310.154
64.6306, 310.154
64.6454, 310.154
64.6691, 310.154
64.6835, 310.154
64.6895, 310.154
64.699, 310.154
64.7449, 310.154
64.7698, 310.154
64.7819, 310.154
64.8139, 310.154
64.8342, 310.154
64.8772, 310.154
64.8957, 310.154
64.9459, 310.154
64.9533, 310.154
64.9702, 310.154
64.9987, 310.154
65.0116, 310.154
65.0761, 310.154
65.0788, 310.154
65.0799, 310.154
65.0818, 310.154
65.1502, 310.154
65.1543, 310.154
65.2009, 310.154
65.2055, 310.154
65.2263, 310.154
65.2531, 310.154
65.2631, 310.154
65.2935, 310.154
65.3118, 310.154
65.3572, 310.154
65.4084, 310.154
65.4211, 310.155
65.4842, 310.155
65.5249, 310.155
65.5383, 310.155
65.5438, 310.155
65.5515, 310.155
65.6139, 310.155
65.6269, 310.155
65.63, 310.155
65.6408, 310.155
65.7151, 310.155
65.7333, 310.155
65.7387, 310.155
65.7437, 310.155
65.7984, 310.155
65.8177, 310.155
65.8483, 310.155
65.8987, 310.155
65.8992, 310.155
65.9561, 310.155
65.9739, 310.155
66.0089, 310.155
66.0266, 310.155
66.0468, 310.155
66.091, 310.155
66.1127, 310.155
66.1291, 310.155
66.1362, 310.155
66.184, 310.155
66.2452, 310.155
66.2716, 310.155
66.2861, 310.155
66.3133, 310.155
66.334, 310.155
66.3674, 310.155
66.3834, 310.155
66.3985, 310.155
66.4594, 310.155
66.4654, 310.155
66.4761, 310.155
66.4839, 310.155
66.51, 310.155
66.5319, 310.155
66.5401, 310.155
66.563, 310.155
66.5783, 310.155
66.5922, 310.155
66.6297, 310.155
66.641, 310.155
66.6601, 310.155
66.7512, 310.155
66.7793, 310.155
66.8426, 310.155
66.8484, 310.155
66.8625, 310.155
66.896, 310.155
66.9067, 310.155
66.9559, 310.156
67.0142, 310.156
67.0158, 310.156
67.0173, 310.156
67.0703, 310.156
67.0768, 310.156
67.1445, 310.156
67.1508, 310.156
67.1564, 310.156
67.1756, 310.156
67.2008, 310.156
67.2273, 310.156
67.2473, 310.156
67.2922, 310.156
67.2988, 310.156
67.3132, 310.156
67.3285, 310.156
67.3376, 310.156
67.3637, 310.156
67.4102, 310.156
67.4574, 310.156
67.4805, 310.156
67.4985, 310.156
67.53, 310.156
67.5781, 310.156
67.5901, 310.156
67.5956, 310.156
67.6078, 310.156
67.6636, 310.156
67.6905, 310.156
67.7286, 310.156
67.7329, 310.156
67.7349, 310.156
67.7641, 310.156
67.7752, 310.156
67.7774, 310.156
67.8123, 310.156
67.8296, 310.156
67.8356, 310.156
67.8801, 310.156
67.8985, 310.156
67.9447, 310.156
67.9674, 310.156
67.9827, 310.156
68.0193, 310.156
68.0394, 310.156
68.0763, 310.156
68.1116, 310.157
68.1513, 310.157
68.156, 310.157
68.1592, 310.157
68.2078, 310.157
68.2425, 310.157
68.2675, 310.157
68.283, 310.157
68.3283, 310.157
68.3549, 310.157
68.3593, 310.157
68.3641, 310.157
68.4035, 310.157
68.4081, 310.157
68.4279, 310.157
68.461, 310.157
68.5068, 310.157
68.5084, 310.157
68.5119, 310.157
68.5828, 310.157
68.6254, 310.157
68.6521, 310.157
68.6859, 310.157
68.729, 310.157
68.7757, 310.157
68.7888, 310.157
68.8211, 310.157
68.8657, 310.157
68.8852, 310.157
68.9437, 310.157
68.9601, 310.157
69.0092, 310.157
69.0245, 310.157
69.0536, 310.157
69.0826, 310.157
69.0934, 310.157
69.1295, 310.158
69.1677, 310.158
69.1813, 310.158
69.2124, 310.158
69.2614, 310.158
69.2933, 310.158
69.3313, 310.158
69.3378, 310.158
69.3802, 310.158
69.4021, 310.158
69.4502, 310.158
69.4688, 310.158
69.5191, 310.158
69.5313, 310.158
69.5608, 310.158
69.5748, 310.158
69.6077, 310.158
69.6402, 310.158
69.6853, 310.158
69.7033, 310.158
69.7288, 310.158
69.7517, 310.158
69.797, 310.158
69.8113, 310.158
69.8409, 310.158
69.8594, 310.158
69.8694, 310.158
69.9269, 310.158
69.9549, 310.158
69.9958, 310.159
70.0078, 310.159
70.0217, 310.159
70.0691, 310.159
70.0865, 310.159
70.1295, 310.159
70.1889, 310.159
70.2325, 310.159
70.2424, 310.159
70.2437, 310.159
70.299, 310.159
70.3361, 310.159
70.3461, 310.159
70.42, 310.159
70.4418, 310.159
70.47, 310.159
70.479, 310.159
70.5059, 310.159
70.5246, 310.159
70.5385, 310.159
70.5632, 310.159
70.6066, 310.159
70.6342, 310.159
70.6417, 310.159
70.6837, 310.159
70.7156, 310.159
70.7267, 310.16
70.7373, 310.16
70.7644, 310.16
70.7782, 310.16
70.8133, 310.16
70.8332, 310.16
70.8675, 310.16
70.8809, 310.16
70.9385, 310.16
70.9393, 310.16
70.9955, 310.16
71.0188, 310.16
71.0626, 310.16
71.0681, 310.16
71.1128, 310.16
71.1205, 310.16
71.153, 310.16
71.1882, 310.16
71.2131, 310.16
71.2192, 310.16
71.2363, 310.16
71.2566, 310.16
71.2975, 310.16
71.3038, 310.16
71.3808, 310.16
71.3863, 310.16
71.4521, 310.161
71.4594, 310.161
71.527, 310.161
71.529, 310.161
71.5771, 310.161
71.5867, 310.161
71.6265, 310.161
71.6461, 310.161
71.6638, 310.161
71.6945, 310.161
71.7167, 310.161
71.7346, 310.161
71.7721, 310.161
71.7815, 310.161
71.816, 310.161
71.8608, 310.161
71.8679, 310.161
71.9034, 310.161
71.9264, 310.161
71.985, 310.161
72.0005, 310.161
72.0058, 310.161
72.0399, 310.162
72.0781, 310.162
72.0965, 310.162
72.1041, 310.162
72.1316, 310.162
72.1457, 310.162
72.1527, 310.162
72.1809, 310.162
72.2115, 310.162
72.2149, 310.162
72.2547, 310.162
72.2592, 310.162
72.2996, 310.162
72.3281, 310.162
72.3386, 310.162
72.3737, 310.162
72.4261, 310.162
72.4362, 310.162
72.4619, 310.162
72.4881, 310.162
72.5146, 310.162
72.536, 310.162
72.567, 310.163
72.6584, 310.163
72.683, 310.163
72.7201, 310.163
72.7514, 310.163
72.7687, 310.163
72.7809, 310.163
72.8191, 310.163
72.8489, 310.163
72.851, 310.163
72.8583, 310.163
72.9121, 310.163
72.933, 310.163
72.9628, 310.163
72.9815, 310.163
73.0192, 310.163
73.0348, 310.163
73.0786, 310.164
73.1376, 310.164
73.1452, 310.164
73.146, 310.164
73.1471, 310.164
73.1876, 310.164
73.2378, 310.164
73.2594, 310.164
73.2783, 310.164
73.2858, 310.164
73.3173, 310.164
73.3404, 310.164
73.3768, 310.164
73.3915, 310.164
73.4731, 310.164
73.4918, 310.164
73.5074, 310.164
73.5129, 310.164
73.5358, 310.164
73.5587, 310.165
73.6371, 310.165
73.6439, 310.165
73.6495, 310.165
73.6819, 310.165
73.7155, 310.165
73.7238, 310.165
73.7502, 310.165
73.7823, 310.165
73.7941, 310.165
73.8274, 310.165
73.8371, 310.165
73.8525, 310.165
73.8859, 310.165
73.9232, 310.165
73.9315, 310.165
73.9739, 310.165
74.0072, 310.166
74.0187, 310.166
74.0462, 310.166
74.0557, 310.166
74.0593, 310.166
74.0806, 310.166
74.1304, 310.166
74.137, 310.166
74.1776, 310.166
74.224, 310.166
74.2277, 310.166
74.2741, 310.166
74.3148, 310.166
74.3162, 310.166
74.3763, 310.166
74.3823, 310.166
74.3996, 310.166
74.4346, 310.167
74.4666, 310.167
74.4894, 310.167
74.4934, 310.167
74.5327, 310.167
74.5713, 310.167
74.5898, 310.167
74.5939, 310.167
74.6443, 310.167
74.6665, 310.167
74.7039, 310.167
74.736, 310.167
74.7574, 310.167
74.7918, 310.167
74.8137, 310.168
74.8493, 310.168
74.8882, 310.168
74.9075, 310.168
74.9417, 310.168
74.9683, 310.168
74.9784, 310.168
74.9959, 310.168
75.0203, 310.168
75.061, 310.168
75.085, 310.168
75.1114, 310.168
75.1332, 310.168
75.1544, 310.168
75.198, 310.169
75.2052, 310.169
75.2396, 310.169
75.2953, 310.169
75.3614, 310.169
75.3625, 310.169
75.3632, 310.169
75.4282, 310.169
75.4724, 310.169
75.5278, 310.17
75.5658, 310.17
75.5874, 310.17
75.6293, 310.17
75.6516, 310.17
75.6634, 310.17
75.6828, 310.17
75.7226, 310.17
75.7564, 310.17
75.7864, 310.17
75.8117, 310.17
75.8615, 310.171
75.8677, 310.171
75.8788, 310.171
75.9064, 310.171
75.9362, 310.171
75.9834, 310.171
76.0044, 310.171
76.0105, 310.171
76.0613, 310.171
76.0676, 310.171
76.0805, 310.171
76.1403, 310.171
76.1576, 310.172
76.1676, 310.172
76.1996, 310.172
76.2574, 310.172
76.3005, 310.172
76.3214, 310.172
76.3355, 310.172
76.4001, 310.172
76.4057, 310.172
76.4512, 310.173
76.4523, 310.173
76.4524, 310.173
76.4532, 310.173
76.5034, 310.173
76.5098, 310.173
76.5337, 310.173
76.5599, 310.173
76.5692, 310.173
76.5935, 310.173
76.6215, 310.173
76.671, 310.173
76.6848, 310.173
76.7365, 310.174
76.7522, 310.174
76.7773, 310.174
76.8013, 310.174
76.8244, 310.174
76.8701, 310.174
76.8891, 310.174
76.919, 310.174
76.9639, 310.174
76.9988, 310.175
77.0331, 310.175
77.0617, 310.175
77.091, 310.175
77.1382, 310.175
77.1466, 310.175
77.1867, 310.175
77.2584, 310.176
77.2632, 310.176
77.2679, 310.176
77.3209, 310.176
77.323, 310.176
77.33, 310.176
77.3821, 310.176
77.3903, 310.176
77.4214, 310.176
77.4308, 310.176
77.4479, 310.176
77.4886, 310.176
77.5116, 310.177
77.5345, 310.177
77.5429, 310.177
77.5461, 310.177
77.5777, 310.177
77.6328, 310.177
77.6547, 310.177
77.7002, 310.177
77.7018, 310.177
77.7339, 310.177
77.762, 310.178
77.7773, 310.178
77.792, 310.178
77.8172, 310.178
77.8733, 310.178
77.8842, 310.178
77.8916, 310.178
77.9099, 310.178
77.9466, 310.178
77.9824, 310.179
78.0403, 310.179
78.0528, 310.179
78.0972, 310.179
78.106, 310.179
78.1422, 310.179
78.1468, 310.179
78.1833, 310.179
78.1865, 310.179
78.2253, 310.18
78.2475, 310.18
78.2922, 310.18
78.3174, 310.18
78.3521, 310.18
78.3984, 310.18
78.4504, 310.181
78.4614, 310.181
78.4666, 310.181
78.4941, 310.181
78.5004, 310.181
78.5127, 310.181
78.5456, 310.181
78.5495, 310.181
78.5803, 310.181
78.5923, 310.181
78.6294, 310.182
78.6478, 310.182
78.6965, 310.182
78.727, 310.182
78.7461, 310.182
78.7634, 310.182
78.7923, 310.182
78.8158, 310.182
78.8491, 310.183
78.8775, 310.183
78.8853, 310.183
78.8946, 310.183
78.9195, 310.183
78.9442, 310.183
78.9761, 310.183
79.0191, 310.183
79.0322, 310.184
79.0506, 310.184
79.0671, 310.184
79.1132, 310.184
79.1549, 310.184
79.1877, 310.184
79.2052, 310.184
79.2329, 310.185
79.2414, 310.185
79.2989, 310.185
79.3067, 310.185
79.3124, 310.185
79.3556, 310.185
79.4036, 310.186
79.4353, 310.186
79.4652, 310.186
79.4758, 310.186
79.4974, 310.186
79.5281, 310.186
79.58, 310.186
79.5905, 310.187
79.6358, 310.187
79.6529, 310.187
79.7133, 310.187
79.7178, 310.187
79.7234, 310.187
79.7399, 310.187
79.7537, 310.187
79.7817, 310.188
79.8044, 310.188
79.817, 310.188
79.8429, 310.188
79.8625, 310.188
79.8711, 310.188
79.8919, 310.188
79.9222, 310.188
79.9396, 310.189
80.0011, 310.189
80.012, 310.189
80.032, 310.189
80.0543, 310.189
80.0634, 310.189
80.1146, 310.19
80.1548, 310.19
80.1681, 310.19
80.1704, 310.19
80.174, 310.19
80.2428, 310.19
80.2708, 310.191
80.2925, 310.191
80.3219, 310.191
80.3635, 310.191
80.3763, 310.191
80.4201, 310.192
80.4415, 310.192
80.471, 310.192
80.487, 310.192
80.5132, 310.192
80.5147, 310.192
80.5663, 310.193
80.5865, 310.193
80.6208, 310.193
80.6559, 310.193
80.6632, 310.193
80.6639, 310.193
80.6675, 310.193
80.698, 310.193
80.7318, 310.194
80.7342, 310.194
80.7615, 310.194
80.7921, 310.194
80.8198, 310.194
80.8709, 310.195
80.8889, 310.195
80.9146, 310.195
80.9705, 310.195
80.9905, 310.195
81.0376, 310.196
81.0707, 310.196
81.0867, 310.196
81.1002, 310.196
81.1134, 310.196
81.1454, 310.197
81.1575, 310.197
81.163, 310.197
81.2008, 310.197
81.256, 310.197
81.2685, 310.197
81.2978, 310.198
81.3137, 310.198
81.3382, 310.198
81.3821, 310.198
81.4085, 310.198
81.4309, 310.199
81.4467, 310.199
81.4904, 310.199
81.495, 310.199
81.5144, 310.199
81.5378, 310.199
81.5442, 310.2
81.603, 310.2
81.638, 310.2
81.6659, 310.2
81.6994, 310.201
81.7298, 310.201
81.7433, 310.201
81.8103, 310.202
81.8453, 310.202
81.8641, 310.202
81.8867, 310.202
81.9194, 310.203
81.9521, 310.203
81.9659, 310.203
82.0048, 310.203
82.0099, 310.203
82.0189, 310.203
82.0922, 310.204
82.1427, 310.204
82.1449, 310.204
82.1475, 310.204
82.1895, 310.205
82.2375, 310.205
82.242, 310.205
82.2809, 310.206
82.3192, 310.206
82.3249, 310.206
82.3375, 310.206
82.3515, 310.206
82.39, 310.207
82.4305, 310.207
82.4351, 310.207
82.4385, 310.207
82.4997, 310.207
82.5265, 310.208
82.529, 310.208
82.5715, 310.208
82.5988, 310.208
82.6113, 310.209
82.6617, 310.209
82.6947, 310.209
82.7046, 310.209
82.7096, 310.209
82.768, 310.21
82.8, 310.21
82.863, 310.211
82.8633, 310.211
82.8637, 310.211
82.9233, 310.211
82.9311, 310.212
82.973, 310.212
82.984, 310.212
82.9947, 310.212
83.0389, 310.213
83.1007, 310.213
83.1085, 310.213
83.1107, 310.213
83.143, 310.214
83.1724, 310.214
83.1742, 310.214
83.2186, 310.214
83.2559, 310.215
83.2618, 310.215
83.2994, 310.215
83.3267, 310.215
83.3514, 310.216
83.3759, 310.216
83.4169, 310.216
83.4253, 310.216
83.4357, 310.217
83.4595, 310.217
83.4818, 310.217
83.5412, 310.218
83.5526, 310.218
83.6057, 310.218
83.6248, 310.219
83.6553, 310.219
83.6679, 310.219
83.7062, 310.219
83.7152, 310.22
83.7606, 310.22
83.7743, 310.22
83.7871, 310.22
83.8105, 310.221
83.8415, 310.221
83.8602, 310.221
83.8697, 310.221
83.8777, 310.221
83.8981, 310.222
83.9403, 310.222
83.9442, 310.222
83.9465, 310.222
83.9604, 310.222
84.0373, 310.223
84.0468, 310.223
84.0484, 310.223
84.0959, 310.224
84.1056, 310.224
84.1403, 310.224
84.1639, 310.225
84.1959, 310.225
84.2131, 310.225
84.2533, 310.226
84.2548, 310.226
84.3011, 310.226
84.3034, 310.226
84.3035, 310.226
84.3035, 310.226
84.3559, 310.227
84.3812, 310.227
84.3948, 310.227
84.4135, 310.228
84.4601, 310.228
84.4683, 310.228
84.4713, 310.228
84.5138, 310.229
84.5387, 310.229
84.5606, 310.229
84.5893, 310.23
84.6207, 310.23
84.6252, 310.23
84.6393, 310.23
84.6911, 310.231
84.7005, 310.231
84.7105, 310.231
84.7732, 310.232
84.7812, 310.232
84.7878, 310.232
84.8126, 310.233
84.8263, 310.233
84.8724, 310.233
84.9139, 310.234
84.9244, 310.234
85.0066, 310.235
85.0372, 310.236
85.0502, 310.236
85.081, 310.236
85.1041, 310.237
85.1148, 310.237
85.1499, 310.237
85.1817, 310.238
85.209, 310.238
85.2557, 310.239
85.2752, 310.239
85.3036, 310.239
85.3153, 310.24
85.3485, 310.24
85.3533, 310.24
85.3887, 310.241
85.4024, 310.241
85.4402, 310.241
85.45, 310.241
85.4685, 310.242
85.5137, 310.242
85.5527, 310.243
85.5567, 310.243
85.5584, 310.243
85.5598, 310.243
85.5968, 310.244
85.6242, 310.244
85.6731, 310.245
85.6896, 310.245
85.6996, 310.245
85.7229, 310.246
85.7738, 310.246
85.7762, 310.246
85.815, 310.247
85.8212, 310.247
85.8404, 310.247
85.8706, 310.248
85.886, 310.248
85.9136, 310.248
85.9614, 310.249
86.0144, 310.25
86.0269, 310.25
86.0785, 310.251
86.0936, 310.251
86.112, 310.252
86.1291, 310.252
86.1756, 310.253
86.1947, 310.253
86.2134, 310.253
86.2352, 310.254
86.2449, 310.254
86.285, 310.254
86.3225, 310.255
86.3308, 310.255
86.3643, 310.256
86.3766, 310.256
86.379, 310.256
86.4267, 310.257
86.437, 310.257
86.4782, 310.258
86.4933, 310.258
86.5014, 310.258
86.5378, 310.259
86.5686, 310.259
86.6194, 310.26
86.6446, 310.261
86.6767, 310.261
86.7139, 310.262
86.751, 310.262
86.7761, 310.263
86.8012, 310.263
86.8446, 310.264
86.8532, 310.264
86.8924, 310.265
86.9221, 310.266
86.9466, 310.266
86.9504, 310.266
86.9603, 310.266
86.9934, 310.267
87.0539, 310.268
87.092, 310.269
87.0926, 310.269
87.095, 310.269
87.1537, 310.27
87.1757, 310.27
87.1841, 310.271
87.1967, 310.271
87.2164, 310.271
87.2743, 310.272
87.3146, 310.273
87.327, 310.273
87.3825, 310.274
87.4031, 310.275
87.4389, 310.276
87.4496, 310.276
87.4907, 310.277
87.5376, 310.278
87.5506, 310.278
87.5852, 310.278
87.6179, 310.279
87.6245, 310.279
87.6838, 310.281
87.6997, 310.281
87.722, 310.281
87.7465, 310.282
87.7895, 310.283
87.8025, 310.283
87.8162, 310.283
87.8329, 310.284
87.8547, 310.284
87.8633, 310.284
87.882, 310.285
87.9092, 310.285
87.931, 310.286
87.9498, 310.286
87.9879, 310.287
88.0276, 310.288
88.0598, 310.289
88.076, 310.289
88.1335, 310.29
88.1395, 310.29
88.1811, 310.291
88.1922, 310.292
88.2079, 310.292
88.2329, 310.293
88.2807, 310.294
88.2839, 310.294
88.3133, 310.294
88.3461, 310.295
88.3666, 310.296
88.3756, 310.296
88.427, 310.297
88.4379, 310.297
88.4974, 310.299
88.4978, 310.299
88.4992, 310.299
88.5544, 310.3
88.5694, 310.3
88.6209, 310.302
88.6291, 310.302
88.6373, 310.302
88.7044, 310.304
88.712, 310.304
88.7172, 310.304
88.7673, 310.305
88.8044, 310.306
88.816, 310.307
88.8511, 310.307
88.8558, 310.308
88.8635, 310.308
88.9235, 310.309
88.9483, 310.31
88.9562, 310.31
88.9676, 310.31
88.9959, 310.311
89.0266, 310.312
89.0351, 310.312
89.0539, 310.313
89.0691, 310.313
89.0835, 310.313
89.1009, 310.314
89.1317, 310.315
89.174, 310.316
89.2045, 310.317
89.2321, 310.317
89.2386, 310.318
89.2485, 310.318
89.2918, 310.319
89.3144, 310.32
89.3219, 310.32
89.3304, 310.32
89.3871, 310.322
89.4262, 310.323
89.4392, 310.323
89.4437, 310.323
89.4626, 310.324
89.4835, 310.324
89.5351, 310.326
89.5589, 310.326
89.5811, 310.327
89.6141, 310.328
89.6722, 310.33
89.6784, 310.33
89.7505, 310.332
89.7559, 310.332
89.7986, 310.333
89.8055, 310.334
89.8231, 310.334
89.8697, 310.336
89.9029, 310.337
89.9172, 310.337
89.9311, 310.337
89.974, 310.339
90.0081, 310.34
90.0546, 310.341
90.0593, 310.341
90.1189, 310.343
90.177, 310.345
90.1843, 310.345
90.1909, 310.346
90.2492, 310.347
90.2573, 310.348
90.2698, 310.348
90.3102, 310.349
90.3684, 310.351
90.3874, 310.352
90.4325, 310.353
90.4843, 310.355
90.4865, 310.355
90.4891, 310.355
90.5398, 310.357
90.5503, 310.357
90.5791, 310.358
90.6211, 310.36
90.6547, 310.361
90.6715, 310.361
90.7128, 310.363
90.713, 310.363
90.7139, 310.363
90.7656, 310.365
90.8006, 310.366
90.8058, 310.366
90.8151, 310.366
90.8596, 310.368
90.8729, 310.368
90.9387, 310.371
90.9524, 310.371
91.0067, 310.373
91.0088, 310.373
91.0498, 310.375
91.0668, 310.376
91.1267, 310.378
91.1317, 310.378
91.1349, 310.378
91.1386, 310.378
91.1878, 310.38
91.2471, 310.382
91.2575, 310.383
91.2926, 310.384
91.3411, 310.386
91.355, 310.386
91.3803, 310.387
91.4135, 310.389
91.4205, 310.389
91.434, 310.389
91.4633, 310.391
91.4887, 310.392
91.511, 310.393
91.5335, 310.393
91.5641, 310.395
91.5704, 310.395
91.5785, 310.395
91.6256, 310.397
91.6303, 310.397
91.6567, 310.398
91.6677, 310.399
91.6691, 310.399
91.7158, 310.401
91.7372, 310.402
91.7653, 310.403
91.797, 310.404
91.83, 310.406
91.8355, 310.406
91.8425, 310.406
91.8781, 310.408
91.9242, 310.41
91.9258, 310.41
91.9472, 310.411
91.9541, 310.411
91.9704, 310.412
91.9717, 310.412
92.0141, 310.413
92.0285, 310.414
92.0458, 310.415
92.0728, 310.416
92.0798, 310.416
92.0886, 310.417
92.1062, 310.417
92.1281, 310.418
92.1626, 310.42
92.2219, 310.423
92.2222, 310.423
92.2225, 310.423
92.2579, 310.424
92.2972, 310.426
92.3322, 310.428
92.3702, 310.429
92.3812, 310.43
92.4011, 310.431
92.4378, 310.432
92.4524, 310.433
92.4563, 310.433
92.4914, 310.435
92.4987, 310.435
92.5343, 310.437
92.5728, 310.439
92.5898, 310.44
92.6017, 310.44
92.6532, 310.443
92.6778, 310.444
92.7207, 310.446
92.7668, 310.448
92.7942, 310.45
92.8368, 310.452
92.8468, 310.452
92.8933, 310.455
92.9432, 310.457
92.9448, 310.457
92.9884, 310.459
93.0154, 310.461
93.0579, 310.463
93.0686, 310.464
93.1238, 310.466
93.124, 310.466
93.1244, 310.466
93.1631, 310.468
93.2159, 310.471
93.2526, 310.473
93.258, 310.474
93.2593, 310.474
93.2629, 310.474
93.2964, 310.476
93.3012, 310.476
93.3027, 310.476
93.3373, 310.478
93.3765, 310.48
93.3913, 310.481
93.4311, 310.483
93.4549, 310.484
93.4841, 310.486
93.5036, 310.487
93.5497, 310.49
93.5669, 310.491
93.6003, 310.492
93.6232, 310.494
93.6559, 310.496
93.6774, 310.497
93.6875, 310.498
93.7343, 310.5
93.7755, 310.503
93.7787, 310.503
93.822, 310.505
93.8229, 310.505
93.8674, 310.508
93.8686, 310.508
93.8711, 310.508
93.927, 310.512
93.9492, 310.513
93.9609, 310.514
93.9838, 310.515
94.0237, 310.518
94.0316, 310.518
94.0911, 310.522
94.1121, 310.523
94.1422, 310.525
94.1726, 310.527
94.1918, 310.528
94.2022, 310.529
94.2281, 310.53
94.2532, 310.532
94.2993, 310.535
94.3095, 310.536
94.3792, 310.54
94.3875, 310.541
94.4205, 310.543
94.45, 310.545
94.4912, 310.548
94.4945, 310.548
94.4963, 310.548
94.5027, 310.548
94.5424, 310.551
94.5587, 310.552
94.5781, 310.553
94.6009, 310.555
94.611, 310.556
94.6146, 310.556
94.6687, 310.56
94.7006, 310.562
94.718, 310.563
94.7746, 310.567
94.802, 310.569
94.8112, 310.57
94.8196, 310.57
94.8582, 310.573
94.9154, 310.577
94.9158, 310.577
94.9526, 310.58
94.9893, 310.582
95.0402, 310.586
95.0441, 310.586
95.0475, 310.587
95.0519, 310.587
95.0991, 310.591
95.1528, 310.595
95.1586, 310.595
95.2068, 310.599
95.2355, 310.601
95.2638, 310.603
95.2817, 310.604
95.3003, 310.606
95.3141, 310.607
95.3654, 310.611
95.3659, 310.611
95.4073, 310.614
95.4204, 310.615
95.457, 310.618
95.5054, 310.622
95.5069, 310.622
95.5657, 310.627
95.606, 310.63
95.6256, 310.632
95.6776, 310.636
95.6818, 310.636
95.7489, 310.642
95.7719, 310.644
95.7848, 310.645
95.8472, 310.65
95.866, 310.652
95.885, 310.654
95.9058, 310.655
95.9425, 310.659
95.9605, 310.66
95.9906, 310.663
96.0224, 310.666
96.0379, 310.667
96.0527, 310.668
96.0709, 310.67
96.0822, 310.671
96.1392, 310.676
96.1503, 310.677
96.1734, 310.679
96.207, 310.682
96.23, 310.684
96.273, 310.688
96.332, 310.694
96.3337, 310.694
96.3671, 310.697
96.3835, 310.698
96.4136, 310.701
96.4498, 310.705
96.4751, 310.707
96.4854, 310.708
96.5131, 310.711
96.5161, 310.711
96.5285, 310.712
96.5445, 310.714
96.5778, 310.717
96.5874, 310.718
96.6072, 310.72
96.6485, 310.724
96.6915, 310.728
96.741, 310.733
96.7594, 310.735
96.8032, 310.74
96.8295, 310.742
96.866, 310.746
96.8771, 310.747
96.904, 310.75
96.9101, 310.751
96.9119, 310.751
96.9144, 310.751
96.9862, 310.759
97.0241, 310.763
97.0683, 310.767
97.0797, 310.769
97.0911, 310.77
97.128, 310.774
97.1443, 310.776
97.1786, 310.779
97.1913, 310.781
97.1937, 310.781
97.1979, 310.781
97.2361, 310.786
97.2483, 310.787
97.2585, 310.788
97.3009, 310.793
97.3148, 310.794
97.3181, 310.795
97.3813, 310.802
97.3845, 310.802
97.4336, 310.808
97.4341, 310.808
97.4725, 310.812
97.4753, 310.813
97.4947, 310.815
97.5133, 310.817
97.5198, 310.818
97.5422, 310.82
97.5584, 310.822
97.5677, 310.823
97.5979, 310.827
97.6125, 310.829
97.6177, 310.829
97.6318, 310.831
97.661, 310.835
97.6813, 310.837
97.7066, 310.84
97.7076, 310.84
97.7129, 310.841
97.7439, 310.845
97.8061, 310.852
97.8346, 310.856
97.8458, 310.857
97.8847, 310.862
97.9052, 310.865
97.9393, 310.869
97.9761, 310.873
97.9914, 310.875
98.0346, 310.881
98.0681, 310.885
98.1157, 310.891
98.1176, 310.892
98.1303, 310.893
98.1656, 310.898
98.1689, 310.898
98.1833, 310.9
98.2041, 310.903
98.2074, 310.904
98.2469, 310.909
98.2901, 310.915
98.2986, 310.916
98.3032, 310.916
98.3312, 310.92
98.3901, 310.928
98.3906, 310.928
98.3911, 310.928
98.4214, 310.933
98.4418, 310.936
98.485, 310.942
98.4942, 310.943
98.5317, 310.948
98.5402, 310.949
98.6212, 310.961
98.6402, 310.964
98.6915, 310.971
98.7056, 310.973
98.7556, 310.981
98.8566, 310.996
98.8895, 311.001
98.9163, 311.005
98.9467, 311.01
98.9861, 311.016
98.9954, 311.017
99.0307, 311.023
99.0468, 311.025
99.0717, 311.029
99.1065, 311.035
99.1187, 311.037
99.1381, 311.04
99.1649, 311.044
99.194, 311.049
99.2342, 311.055
99.2551, 311.059
99.3, 311.066
99.3311, 311.071
99.3392, 311.073
99.3829, 311.08
99.3917, 311.081
99.4501, 311.091
99.4587, 311.093
99.4713, 311.095
99.5029, 311.1
99.5208, 311.103
99.5439, 311.107
99.5564, 311.11
99.5839, 311.114
99.6074, 311.119
99.6126, 311.12
99.651, 311.126
99.6547, 311.127
99.6626, 311.128
99.6838, 311.132
99.7357, 311.142
99.7641, 311.147
99.7828, 311.15
99.8227, 311.158
99.8231, 311.158
99.8666, 311.166
99.8945, 311.171
99.8947, 311.171
99.9362, 311.179
99.9538, 311.182
100.009, 311.193
100.013, 311.193
100.042, 311.199
100.075, 311.205
100.097, 311.21
100.145, 311.219
100.174, 311.225
100.222, 311.235
100.26, 311.242
100.264, 311.243
100.322, 311.255
100.353, 311.261
100.365, 311.264
100.395, 311.27
100.398, 311.271
100.453, 311.282
100.483, 311.289
100.504, 311.293
100.54, 311.301
100.587, 311.311
100.594, 311.313
100.63, 311.32
100.661, 311.327
100.667, 311.328
100.679, 311.331
100.701, 311.336
100.714, 311.339
100.74, 311.345
100.753, 311.348
100.763, 311.35
100.794, 311.357
100.805, 311.36
100.871, 311.375
100.875, 311.376
100.924, 311.387
100.97, 311.398
100.974, 311.399
100.977, 311.4
101.028, 311.412
101.048, 311.417
101.083, 311.425
101.131, 311.437
101.161, 311.445
101.202, 311.455
101.215, 311.458
101.247, 311.466
101.294, 311.478
101.353, 311.493
101.358, 311.494
101.423, 311.511
101.431, 311.514
101.448, 311.518
101.493, 311.53
101.508, 311.534
101.566, 311.55
101.57, 311.551
101.622, 311.565
101.655, 311.574
101.67, 311.578
101.701, 311.587
101.71, 311.589
101.735, 311.596
101.808, 311.617
101.826, 311.623
101.859, 311.632
101.875, 311.637
101.906, 311.646
101.92, 311.65
101.934, 311.654
101.948, 311.658
101.969, 311.665
102.001, 311.674
102.037, 311.685
102.054, 311.69
102.091, 311.702
102.121, 311.711
102.147, 311.719
102.167, 311.725
102.208, 311.738
102.241, 311.749
102.257, 311.754
102.267, 311.757
102.3, 311.768
102.304, 311.769
102.34, 311.781
102.344, 311.782
102.385, 311.795
102.402, 311.801
102.426, 311.809
102.481, 311.827
102.481, 311.828
102.516, 311.839
102.52, 311.841
102.559, 311.854
102.569, 311.857
102.607, 311.871
102.623, 311.876
102.666, 311.891
102.687, 311.899
102.718, 311.909
102.757, 311.923
102.774, 311.929
102.779, 311.931
102.804, 311.94
102.829, 311.949
102.866, 311.963
102.886, 311.97
102.915, 311.981
102.969, 312.001
102.976, 312.003
102.991, 312.009
103.012, 312.017
103.024, 312.021
103.076, 312.041
103.096, 312.048
103.107, 312.052
103.178, 312.08
103.186, 312.083
103.203, 312.089
103.222, 312.097
103.231, 312.1
103.264, 312.113
103.307, 312.13
103.335, 312.14
103.351, 312.147
103.387, 312.161
103.406, 312.168
103.437, 312.181
103.47, 312.194
103.492, 312.203
103.517, 312.213
103.539, 312.221
103.573, 312.235
103.575, 312.236
103.598, 312.244
103.613, 312.25
103.614, 312.251
103.616, 312.252
103.68, 312.277
103.754, 312.307
103.762, 312.31
103.793, 312.322
103.805, 312.327
103.813, 312.33
103.838, 312.34
103.878, 312.356
103.885, 312.359
103.936, 312.379
103.972, 312.394
104.03, 312.417
104.04, 312.42
104.074, 312.434
104.088, 312.44
104.131, 312.456
104.139, 312.459
104.178, 312.475
104.226, 312.493
104.227, 312.494
104.229, 312.494
104.311, 312.526
104.326, 312.532
104.34, 312.537
104.358, 312.544
104.418, 312.566
104.44, 312.575
104.476, 312.588
104.479, 312.589
104.508, 312.599
104.567, 312.621
104.592, 312.63
104.606, 312.635
104.645, 312.649
104.678, 312.66
104.722, 312.676
104.745, 312.684
104.801, 312.702
104.829, 312.712
104.87, 312.726
104.871, 312.726
104.903, 312.736
104.928, 312.744
104.978, 312.759
104.989, 312.763
105.012, 312.769
105.03, 312.775
105.047, 312.78
105.071, 312.787
105.108, 312.798
105.151, 312.81
105.171, 312.816
105.21, 312.826
105.227, 312.831
105.244, 312.836
105.271, 312.843
105.316, 312.854
105.332, 312.858
105.381, 312.87
105.426, 312.881
105.442, 312.885
105.459, 312.889
105.47, 312.891
105.522, 312.903
105.554, 312.91
105.575, 312.914
105.603, 312.92
105.616, 312.922
105.648, 312.928
105.679, 312.934
105.702, 312.938
105.727, 312.942
105.751, 312.946
105.78, 312.951
105.841, 312.961
105.845, 312.961
105.907, 312.97
105.921, 312.972
105.948, 312.975
105.952, 312.976
105.961, 312.977
106.003, 312.982
106.017, 312.983
106.054, 312.987
106.093, 312.992
106.152, 312.997
106.157, 312.997
106.16, 312.998
106.22, 313.002
106.261, 313.005
106.294, 313.007
106.298, 313.007
106.308, 313.007
106.364, 313.01
106.407, 313.011
106.416, 313.012
106.443, 313.012
106.452, 313.013
106.457, 313.013
106.515, 313.014
106.545, 313.014
106.564, 313.014
106.604, 313.014
106.659, 313.013
106.668, 313.013
106.713, 313.011
106.724, 313.011
106.762, 313.01
106.781, 313.009
106.812, 313.008
106.85, 313.006
106.861, 313.005
106.862, 313.005
106.865, 313.005
106.896, 313.003
106.921, 313.001
106.942, 313
106.961, 312.998
107.001, 312.996
107.004, 312.995
107.063, 312.991
107.077, 312.989
107.117, 312.986
107.161, 312.982
107.195, 312.978
107.213, 312.976
107.246, 312.973
107.25, 312.972
107.272, 312.97
107.275, 312.97
107.301, 312.967
107.314, 312.965
107.36, 312.96
107.366, 312.959
107.408, 312.954
107.422, 312.952
107.453, 312.948
107.478, 312.945
107.485, 312.944
107.55, 312.935
107.579, 312.931
107.6, 312.928
107.64, 312.922
107.695, 312.914
107.701, 312.913
107.714, 312.911
107.736, 312.908
107.761, 312.904
107.802, 312.898
107.817, 312.895
107.842, 312.891
107.904, 312.881
107.932, 312.876
107.944, 312.875
107.955, 312.873
107.98, 312.869
108.004, 312.865
108.038, 312.859
108.056, 312.856
108.061, 312.855
108.11, 312.847
108.119, 312.846
108.141, 312.842
108.169, 312.837
108.239, 312.826
108.248, 312.824
108.25, 312.824
108.258, 312.823
108.302, 312.815
108.347, 312.808
108.351, 312.807
108.393, 312.8
108.401, 312.799
108.457, 312.79
108.459, 312.789
108.461, 312.789
108.527, 312.778
108.538, 312.777
108.562, 312.773
108.573, 312.771
108.578, 312.77
108.59, 312.768
108.626, 312.762
108.644, 312.76
108.662, 312.757
108.672, 312.755
108.736, 312.745
108.755, 312.743
108.787, 312.738
108.804, 312.735
108.847, 312.729
108.89, 312.723
108.923, 312.718
108.932, 312.717
108.998, 312.708
109.006, 312.707
109.031, 312.704
109.051, 312.701
109.086, 312.697
109.099, 312.695
109.111, 312.694
109.157, 312.688
109.179, 312.685
109.223, 312.68
109.253, 312.677
109.266, 312.675
109.308, 312.671
109.329, 312.669
109.345, 312.667
109.361, 312.665
109.384, 312.663
109.419, 312.66
109.431, 312.659
109.479, 312.655
109.494, 312.653
109.538, 312.649
109.544, 312.649
109.549, 312.649
109.589, 312.646
109.632, 312.642
109.643, 312.642
109.698, 312.638
109.699, 312.638
109.7, 312.638
109.772, 312.634
109.774, 312.634
109.816, 312.632
109.852, 312.631
109.87, 312.63
109.893, 312.629
109.902, 312.629
109.959, 312.628
110, 312.627
110.074, 312.553
110.144, 312.474
110.231, 312.405
110.264, 312.376
110.384, 312.321
110.499, 312.266
110.559, 312.247
110.795, 312.16
110.946, 312.101
111, 312.087


