X,T
7.94093e-17, 310.15
0.355798, 310.15
0.503493, 310.15
0.557164, 310.15
0.631509, 310.15
0.671251, 310.15
0.694069, 310.15
1.05005, 310.15
1.24021, 310.15
1.40574, 310.15
1.85769, 310.15
2.06867, 310.15
2.08284, 310.15
2.092, 310.15
2.31452, 310.15
2.67803, 310.15
2.6984, 310.15
2.78033, 310.15
3.04325, 310.15
3.11365, 310.15
3.27362, 310.15
3.54939, 310.15
3.64692, 310.15
3.97453, 310.15
4.48458, 310.15
4.62956, 310.15
4.64986, 310.15
4.68045, 310.15
4.70446, 310.15
4.76189, 310.15
5.34565, 310.15
5.57566, 310.15
5.88275, 310.15
6.12795, 310.15
6.28775, 310.15
6.43507, 310.15
6.59579, 310.15
6.76149, 310.15
6.88891, 310.15
6.98935, 310.15
7.59531, 310.15
7.69292, 310.15
7.90808, 310.15
8.37989, 310.15
8.59674, 310.15
8.75601, 310.15
8.81742, 310.15
9.0877, 310.15
9.35532, 310.15
9.60057, 310.15
9.70963, 310.15
9.98997, 310.15
10.0763, 310.15
10.3014, 310.15
10.7964, 310.15
10.8083, 310.15
10.8172, 310.15
10.9024, 310.15
10.9101, 310.15
11.4773, 310.15
11.7046, 310.15
11.76, 310.15
12.0961, 310.15
12.3097, 310.15
12.4531, 310.15
12.7069, 310.15
12.9805, 310.15
13.339, 310.15
13.3994, 310.15
13.6338, 310.15
14.0121, 310.15
14.3326, 310.15
14.346, 310.15
14.3621, 310.15
14.5507, 310.15
14.6313, 310.15
14.9254, 310.15
15.0351, 310.15
15.4839, 310.15
15.7422, 310.15
15.7453, 310.15
15.7457, 310.15
15.7482, 310.15
15.8791, 310.15
15.9404, 310.15
16.5352, 310.15
16.695, 310.15
16.8308, 310.15
16.8784, 310.15
17.0238, 310.15
17.2831, 310.15
17.5443, 310.15
17.9763, 310.15
18.0861, 310.15
18.4726, 310.15
18.9824, 310.15
19.1625, 310.15
19.1774, 310.15
19.2561, 310.15
19.3424, 310.15
19.392, 310.15
19.9031, 310.15
20.0409, 310.15
20.3888, 310.15
20.5762, 310.15
20.9057, 310.15
21.2122, 310.15
21.3522, 310.15
21.6225, 310.15
21.8946, 310.15
22.0623, 310.15
22.2188, 310.15
22.4812, 310.15
22.5936, 310.15
22.791, 310.15
22.9249, 310.15
22.9735, 310.15
23.2838, 310.15
23.4457, 310.15
23.704, 310.15
23.8038, 310.15
24.0511, 310.15
24.0932, 310.15
24.3043, 310.15
24.766, 310.15
24.8739, 310.15
25.0169, 310.15
25.0684, 310.15
25.2181, 310.15
25.3055, 310.15
25.6114, 310.15
25.8066, 310.15
25.9284, 310.15
26.1209, 310.15
26.6418, 310.15
26.7266, 310.15
27.3147, 310.15
27.4512, 310.15
27.5204, 310.15
27.5997, 310.15
27.601, 310.15
27.6016, 310.15
27.6103, 310.15
27.7577, 310.15
27.7988, 310.15
28.3807, 310.15
28.7781, 310.15
28.8343, 310.15
28.9707, 310.15
29.0978, 310.15
29.4183, 310.15
29.8567, 310.15
30.0159, 310.15
30.5291, 310.15
30.6913, 310.15
30.8347, 310.15
30.9527, 310.15
31.6315, 310.15
31.7803, 310.15
32.3053, 310.15
32.479, 310.15
32.6489, 310.15
32.6698, 310.15
32.7288, 310.15
32.8943, 310.15
33.5924, 310.15
33.8533, 310.15
34.0101, 310.15
34.0583, 310.15
34.479, 310.15
34.7848, 310.15
34.9965, 310.15
35.1753, 310.15
35.4593, 310.15
35.4779, 310.15
35.8234, 310.15
35.9922, 310.15
36.246, 310.15
36.5258, 310.15
36.5276, 310.15
36.5294, 310.15
36.9951, 310.15
37.1238, 310.15
37.2257, 310.15
37.2639, 310.15
37.691, 310.15
38.0295, 310.15
38.0481, 310.15
38.1509, 310.15
38.4526, 310.15
38.8122, 310.15
38.8999, 310.15
39.507, 310.15
39.6634, 310.15
39.7516, 310.15
39.7692, 310.15
40.1869, 310.15
40.2857, 310.15
40.5342, 310.15
41.0338, 310.15
41.226, 310.15
41.2749, 310.15
41.3941, 310.15
41.9163, 310.15
41.995, 310.15
42.0728, 310.15
42.1444, 310.15
42.6298, 310.15
42.7542, 310.15
42.9204, 310.15
42.9816, 310.15
43.0747, 310.15
43.2256, 310.15
43.4244, 310.15
43.7939, 310.15
44.0383, 310.15
44.5281, 310.15
44.5857, 310.151
44.6791, 310.151
45.0433, 310.151
45.1857, 310.151
45.5772, 310.151
45.7721, 310.151
45.9686, 310.151
46.1294, 310.151
46.3072, 310.151
46.6866, 310.151
46.8012, 310.151
46.9524, 310.151
46.973, 310.151
47.1307, 310.151
47.4833, 310.151
47.6056, 310.151
47.7243, 310.151
47.7914, 310.151
48.3244, 310.152
48.3788, 310.152
48.4397, 310.152
48.8676, 310.152
49.0119, 310.152
49.1934, 310.152
49.3197, 310.153
49.8217, 310.153
49.9249, 310.153
50.267, 310.153
50.5124, 310.154
50.8796, 310.154
50.9375, 310.154
51.003, 310.154
51.4047, 310.155
51.483, 310.155
51.6398, 310.156
52.1279, 310.157
52.199, 310.157
52.3826, 310.157
52.4336, 310.157
52.5613, 310.158
52.9955, 310.159
53.3534, 310.16
53.3642, 310.16
53.8937, 310.162
53.9963, 310.163
54.1801, 310.164
54.6818, 310.166
54.6856, 310.166
54.7776, 310.167
54.8403, 310.167
55.068, 310.169
55.0875, 310.169
55.1119, 310.169
55.6841, 310.173
55.8189, 310.175
55.8981, 310.175
55.9402, 310.175
56.0242, 310.176
56.0339, 310.176
56.0414, 310.176
56.0884, 310.177
56.8807, 310.186
56.933, 310.187
56.9482, 310.187
57.0454, 310.189
57.5534, 310.197
57.6393, 310.198
57.7337, 310.2
57.8206, 310.202
58, 310.207
58.0759, 310.207
58.1137, 310.207
58.159, 310.207
58.2099, 310.207
58.2239, 310.207
58.2358, 310.207
58.267, 310.207
58.3192, 310.207
58.3349, 310.207
58.3893, 310.208
58.3942, 310.208
58.4377, 310.208
58.4493, 310.208
58.4834, 310.208
58.5348, 310.208
58.536, 310.208
58.5799, 310.208
58.582, 310.208
58.6301, 310.208
58.661, 310.208
58.6806, 310.208
58.695, 310.208
58.7261, 310.208
58.7393, 310.208
58.8073, 310.208
58.8368, 310.208
58.8823, 310.208
58.9027, 310.208
58.9471, 310.208
58.9528, 310.208
58.9587, 310.208
59.0247, 310.208
59.0702, 310.208
59.0989, 310.208
59.14, 310.208
59.1677, 310.208
59.1876, 310.208
59.2341, 310.209
59.2636, 310.209
59.2983, 310.209
59.3403, 310.209
59.3445, 310.209
59.394, 310.209
59.3966, 310.209
59.4777, 310.209
59.49, 310.209
59.5335, 310.209
59.5757, 310.209
59.5936, 310.209
59.649, 310.209
59.6649, 310.209
59.7026, 310.209
59.7112, 310.209
59.7382, 310.209
59.7673, 310.209
59.7758, 310.209
59.8218, 310.21
59.8416, 310.21
59.8834, 310.21
59.8975, 310.21
59.9348, 310.21
59.9653, 310.21
60.0093, 310.21
60.0362, 310.21
60.0718, 310.21
60.0997, 310.21
60.107, 310.21
60.1107, 310.21
60.1491, 310.21
60.1627, 310.21
60.1812, 310.21
60.2212, 310.21
60.2212, 310.21
60.2595, 310.21
60.2832, 310.21
60.2918, 310.211
60.3015, 310.211
60.3358, 310.211
60.3778, 310.211
60.38, 310.211
60.4219, 310.211
60.4685, 310.211
60.4755, 310.211
60.4843, 310.211
60.5118, 310.211
60.5622, 310.211
60.5639, 310.211
60.5703, 310.211
60.617, 310.211
60.636, 310.211
60.6422, 310.211
60.6628, 310.211
60.6788, 310.211
60.7194, 310.211
60.7402, 310.212
60.7589, 310.212
60.7668, 310.212
60.7766, 310.212
60.8017, 310.212
60.8125, 310.212
60.8371, 310.212
60.8794, 310.212
60.8799, 310.212
60.8896, 310.212
60.9487, 310.212
60.9577, 310.212
61.004, 310.212
61.0542, 310.212
61.0727, 310.212
61.1068, 310.212
61.1095, 310.212
61.1115, 310.212
61.153, 310.213
61.1919, 310.213
61.2319, 310.213
61.2436, 310.213
61.2716, 310.213
61.3159, 310.213
61.3375, 310.213
61.3388, 310.213
61.3426, 310.213
61.3898, 310.213
61.4526, 310.213
61.4772, 310.213
61.5117, 310.214
61.5499, 310.214
61.5696, 310.214
61.6187, 310.214
61.6413, 310.214
61.6641, 310.214
61.7118, 310.214
61.7437, 310.214
61.7598, 310.214
61.8084, 310.214
61.8463, 310.215
61.859, 310.215
61.8877, 310.215
61.9083, 310.215
61.9194, 310.215
61.9689, 310.215
61.9817, 310.215
62.0342, 310.215
62.0487, 310.215
62.0817, 310.215
62.1251, 310.215
62.1303, 310.215
62.1489, 310.216
62.1732, 310.216
62.1871, 310.216
62.251, 310.216
62.301, 310.216
62.3121, 310.216
62.344, 310.216
62.3705, 310.216
62.4127, 310.216
62.4231, 310.216
62.446, 310.217
62.499, 310.217
62.5202, 310.217
62.5495, 310.217
62.5884, 310.217
62.5983, 310.217
62.6003, 310.217
62.6209, 310.217
62.6424, 310.217
62.6566, 310.217
62.6947, 310.217
62.7243, 310.218
62.7512, 310.218
62.7818, 310.218
62.8465, 310.218
62.861, 310.218
62.8983, 310.218
62.9105, 310.218
62.969, 310.218
63.0084, 310.219
63.0128, 310.219
63.0156, 310.219
63.0529, 310.219
63.0678, 310.219
63.1057, 310.219
63.122, 310.219
63.1473, 310.219
63.1584, 310.219
63.1779, 310.219
63.2114, 310.219
63.2282, 310.219
63.2532, 310.219
63.2653, 310.22
63.277, 310.22
63.2991, 310.22
63.3292, 310.22
63.3383, 310.22
63.3882, 310.22
63.4137, 310.22
63.4254, 310.22
63.4888, 310.22
63.5326, 310.221
63.5394, 310.221
63.5412, 310.221
63.5436, 310.221
63.6057, 310.221
63.635, 310.221
63.6427, 310.221
63.6573, 310.221
63.6984, 310.221
63.7337, 310.221
63.7469, 310.222
63.7906, 310.222
63.8212, 310.222
63.8245, 310.222
63.8285, 310.222
63.8632, 310.222
63.872, 310.222
63.9206, 310.222
63.9466, 310.222
63.9605, 310.222
63.9685, 310.222
63.9817, 310.223
64.0474, 310.223
64.0633, 310.223
64.1046, 310.223
64.1128, 310.223
64.1321, 310.223
64.1552, 310.223
64.1857, 310.223
64.1983, 310.223
64.2156, 310.224
64.2309, 310.224
64.2582, 310.224
64.2837, 310.224
64.3067, 310.224
64.3231, 310.224
64.3497, 310.224
64.3926, 310.224
64.4354, 310.225
64.4388, 310.225
64.447, 310.225
64.4804, 310.225
64.4931, 310.225
64.5451, 310.225
64.58, 310.225
64.6123, 310.225
64.6476, 310.226
64.6659, 310.226
64.7119, 310.226
64.7341, 310.226
64.808, 310.226
64.8206, 310.226
64.8594, 310.227
64.8711, 310.227
64.9459, 310.227
64.9587, 310.227
64.9891, 310.227
65.0097, 310.227
65.0223, 310.227
65.0658, 310.228
65.0916, 310.228
65.0971, 310.228
65.1284, 310.228
65.1363, 310.228
65.2009, 310.228
65.2029, 310.228
65.2665, 310.229
65.2895, 310.229
65.3073, 310.229
65.3216, 310.229
65.3413, 310.229
65.3666, 310.229
65.3811, 310.229
65.4125, 310.23
65.4428, 310.23
65.4706, 310.23
65.5314, 310.23
65.5361, 310.23
65.582, 310.23
65.6006, 310.231
65.6162, 310.231
65.639, 310.231
65.6676, 310.231
65.7073, 310.231
65.7248, 310.231
65.7674, 310.231
65.7737, 310.232
65.7887, 310.232
65.8187, 310.232
65.8423, 310.232
65.8645, 310.232
65.9395, 310.232
65.9556, 310.233
65.9987, 310.233
66.0071, 310.233
66.0198, 310.233
66.0476, 310.233
66.0598, 310.233
66.097, 310.233
66.1292, 310.234
66.1576, 310.234
66.1889, 310.234
66.2169, 310.234
66.2257, 310.234
66.26, 310.234
66.2995, 310.235
66.3045, 310.235
66.3207, 310.235
66.3467, 310.235
66.3592, 310.235
66.4002, 310.235
66.4024, 310.235
66.4081, 310.235
66.4436, 310.235
66.4576, 310.236
66.468, 310.236
66.5076, 310.236
66.5292, 310.236
66.5583, 310.236
66.5675, 310.236
66.6375, 310.237
66.661, 310.237
66.6679, 310.237
66.7086, 310.237
66.7098, 310.237
66.7111, 310.237
66.7494, 310.237
66.7791, 310.238
66.7874, 310.238
66.7905, 310.238
66.8312, 310.238
66.8465, 310.238
66.8876, 310.238
66.8936, 310.238
66.8955, 310.238
66.943, 310.239
66.9566, 310.239
67.011, 310.239
67.0762, 310.24
67.0765, 310.24
67.0765, 310.24
67.0765, 310.24
67.0766, 310.24
67.1192, 310.24
67.1744, 310.24
67.1867, 310.24
67.2165, 310.24
67.254, 310.241
67.2632, 310.241
67.2743, 310.241
67.3164, 310.241
67.3326, 310.241
67.3643, 310.241
67.3701, 310.242
67.3863, 310.242
67.4258, 310.242
67.4325, 310.242
67.4413, 310.242
67.5382, 310.243
67.548, 310.243
67.5505, 310.243
67.558, 310.243
67.6099, 310.243
67.6401, 310.243
67.6801, 310.244
67.7055, 310.244
67.7355, 310.244
67.7548, 310.244
67.7771, 310.244
67.8061, 310.245
67.8161, 310.245
67.831, 310.245
67.8443, 310.245
67.8464, 310.245
67.8849, 310.245
67.8897, 310.245
67.9273, 310.245
67.9371, 310.246
67.9699, 310.246
67.994, 310.246
68.0225, 310.246
68.0665, 310.247
68.0924, 310.247
68.1339, 310.247
68.1507, 310.247
68.1799, 310.247
68.2265, 310.248
68.2397, 310.248
68.2748, 310.248
68.2818, 310.248
68.2986, 310.248
68.3444, 310.249
68.3732, 310.249
68.3992, 310.249
68.4552, 310.249
68.4698, 310.25
68.5041, 310.25
68.5068, 310.25
68.5157, 310.25
68.5619, 310.25
68.6019, 310.251
68.611, 310.251
68.6229, 310.251
68.6677, 310.251
68.7074, 310.252
68.7257, 310.252
68.7509, 310.252
68.7773, 310.252
68.786, 310.252
68.8197, 310.252
68.8451, 310.253
68.9116, 310.253
68.9374, 310.253
68.9651, 310.254
69.0184, 310.254
69.0323, 310.254
69.0897, 310.255
69.1175, 310.255
69.1839, 310.255
69.204, 310.256
69.276, 310.256
69.2919, 310.256
69.3083, 310.257
69.3301, 310.257
69.3604, 310.257
69.4063, 310.257
69.4115, 310.257
69.4151, 310.257
69.4214, 310.257
69.4453, 310.258
69.4933, 310.258
69.4984, 310.258
69.5191, 310.258
69.5462, 310.259
69.5709, 310.259
69.6167, 310.259
69.6328, 310.259
69.6475, 310.26
69.6653, 310.26
69.7009, 310.26
69.7305, 310.26
69.734, 310.26
69.7373, 310.26
69.7943, 310.261
69.8522, 310.261
69.8724, 310.262
69.8982, 310.262
69.939, 310.262
69.9546, 310.262
69.999, 310.263
70.0322, 310.263
70.0454, 310.263
70.0896, 310.264
70.1088, 310.264
70.1415, 310.264
70.1851, 310.264
70.2027, 310.265
70.2281, 310.265
70.2399, 310.265
70.2764, 310.265
70.2851, 310.265
70.3393, 310.266
70.3449, 310.266
70.3872, 310.266
70.3998, 310.267
70.4364, 310.267
70.4637, 310.267
70.4732, 310.267
70.4766, 310.267
70.4814, 310.267
70.5334, 310.268
70.5342, 310.268
70.5565, 310.268
70.5955, 310.268
70.6104, 310.269
70.6218, 310.269
70.6422, 310.269
70.6616, 310.269
70.6763, 310.269
70.6987, 310.269
70.7221, 310.27
70.7544, 310.27
70.7891, 310.27
70.8417, 310.271
70.874, 310.271
70.8963, 310.271
70.9229, 310.272
70.9563, 310.272
70.977, 310.272
71.0157, 310.273
71.0652, 310.273
71.0715, 310.273
71.1274, 310.274
71.1493, 310.274
71.1673, 310.274
71.1969, 310.275
71.2074, 310.275
71.2186, 310.275
71.2451, 310.275
71.2675, 310.275
71.3414, 310.276
71.3473, 310.276
71.3495, 310.276
71.4038, 310.277
71.4498, 310.277
71.463, 310.278
71.5145, 310.278
71.5413, 310.278
71.5622, 310.279
71.592, 310.279
71.6121, 310.279
71.6612, 310.28
71.6717, 310.28
71.6781, 310.28
71.728, 310.28
71.7427, 310.281
71.7638, 310.281
71.7939, 310.281
71.8254, 310.282
71.8917, 310.282
71.9525, 310.283
71.9535, 310.283
71.9558, 310.283
72.0079, 310.284
72.0697, 310.284
72.0913, 310.285
72.1115, 310.285
72.1189, 310.285
72.1401, 310.285
72.1936, 310.286
72.2248, 310.286
72.2403, 310.286
72.2767, 310.287
72.317, 310.287
72.3172, 310.287
72.372, 310.288
72.3757, 310.288
72.3788, 310.288
72.4179, 310.288
72.451, 310.289
72.4667, 310.289
72.5053, 310.29
72.5209, 310.29
72.5467, 310.29
72.5825, 310.29
72.5865, 310.291
72.5889, 310.291
72.6667, 310.292
72.6904, 310.292
72.712, 310.292
72.7224, 310.292
72.7339, 310.292
72.7512, 310.293
72.7667, 310.293
72.7752, 310.293
72.8029, 310.293
72.8191, 310.293
72.8699, 310.294
72.8732, 310.294
72.877, 310.294
72.9352, 310.295
72.9534, 310.295
72.981, 310.295
73.0008, 310.296
73.0081, 310.296
73.0614, 310.297
73.0659, 310.297
73.1099, 310.297
73.1199, 310.297
73.1313, 310.297
73.1468, 310.298
73.175, 310.298
73.2103, 310.298
73.2269, 310.299
73.2393, 310.299
73.2748, 310.299
73.277, 310.299
73.3155, 310.3
73.3201, 310.3
73.3556, 310.3
73.3644, 310.301
73.3859, 310.301
73.4037, 310.301
73.4592, 310.302
73.4647, 310.302
73.5251, 310.303
73.5354, 310.303
73.5661, 310.303
73.5864, 310.303
73.6392, 310.304
73.6495, 310.304
73.6556, 310.304
73.6946, 310.305
73.7037, 310.305
73.737, 310.306
73.759, 310.306
73.7747, 310.306
73.8052, 310.307
73.8335, 310.307
73.8569, 310.307
73.9101, 310.308
73.9647, 310.309
73.9733, 310.309
73.9757, 310.309
73.9851, 310.309
74.0127, 310.309
74.0194, 310.31
74.028, 310.31
74.0503, 310.31
74.0855, 310.31
74.1095, 310.311
74.1396, 310.311
74.1561, 310.312
74.1587, 310.312
74.1614, 310.312
74.177, 310.312
74.2212, 310.312
74.2629, 310.313
74.2761, 310.313
74.2856, 310.313
74.3167, 310.314
74.3396, 310.314
74.3528, 310.314
74.3789, 310.315
74.4147, 310.315
74.4171, 310.315
74.4225, 310.315
74.4691, 310.316
74.5171, 310.317
74.5395, 310.317
74.5397, 310.317
74.6254, 310.318
74.6298, 310.319
74.6405, 310.319
74.695, 310.32
74.7218, 310.32
74.7647, 310.321
74.7667, 310.321
74.8214, 310.321
74.8486, 310.322
74.885, 310.322
74.8968, 310.323
74.9126, 310.323
74.9435, 310.323
74.9608, 310.324
74.9859, 310.324
74.9865, 310.324
75.0295, 310.325
75.066, 310.325
75.0783, 310.326
75.0868, 310.326
75.1299, 310.326
75.1757, 310.327
75.1987, 310.327
75.2117, 310.328
75.2342, 310.328
75.2882, 310.329
75.3408, 310.33
75.3719, 310.33
75.3815, 310.33
75.4165, 310.331
75.4454, 310.332
75.4641, 310.332
75.4724, 310.332
75.4859, 310.332
75.4947, 310.332
75.5982, 310.334
75.6068, 310.334
75.6197, 310.334
75.6519, 310.335
75.6735, 310.335
75.706, 310.336
75.7507, 310.337
75.7663, 310.337
75.8217, 310.338
75.8546, 310.338
75.8842, 310.339
75.9217, 310.34
75.9403, 310.34
75.9702, 310.34
76.0003, 310.341
76.0147, 310.341
76.0546, 310.342
76.0693, 310.342
76.1111, 310.343
76.1578, 310.344
76.1778, 310.344
76.1807, 310.344
76.2206, 310.345
76.2349, 310.345
76.2373, 310.345
76.2923, 310.346
76.3217, 310.347
76.3485, 310.347
76.3727, 310.348
76.432, 310.349
76.4361, 310.349
76.4428, 310.349
76.4888, 310.35
76.5602, 310.351
76.5819, 310.351
76.6085, 310.352
76.6598, 310.353
76.7075, 310.354
76.7121, 310.354
76.7162, 310.354
76.7628, 310.355
76.7654, 310.355
76.8494, 310.357
76.8644, 310.357
76.8694, 310.357
76.9253, 310.358
76.9514, 310.358
76.9937, 310.359
76.997, 310.359
77.0044, 310.36
77.0387, 310.36
77.0466, 310.36
77.09, 310.361
77.0937, 310.361
77.1304, 310.362
77.1391, 310.362
77.1658, 310.363
77.1713, 310.363
77.2413, 310.364
77.2574, 310.364
77.2707, 310.365
77.2864, 310.365
77.3126, 310.366
77.3409, 310.366
77.3774, 310.367
77.388, 310.367
77.3964, 310.367
77.4694, 310.369
77.4855, 310.369
77.5304, 310.37
77.5545, 310.371
77.5813, 310.371
77.5972, 310.371
77.6042, 310.372
77.616, 310.372
77.6557, 310.373
77.6617, 310.373
77.6828, 310.373
77.6991, 310.374
77.7298, 310.374
77.7372, 310.374
77.7893, 310.375
77.8171, 310.376
77.8339, 310.376
77.8734, 310.377
77.8782, 310.377
77.8834, 310.377
77.8926, 310.378
77.9481, 310.379
77.9635, 310.379
77.9807, 310.379
77.9945, 310.38
78.0084, 310.38
78.0237, 310.38
78.0371, 310.381
78.0782, 310.382
78.098, 310.382
78.1402, 310.383
78.1404, 310.383
78.1924, 310.384
78.2233, 310.385
78.2325, 310.385
78.256, 310.385
78.2644, 310.386
78.2669, 310.386
78.3078, 310.387
78.3288, 310.387
78.3564, 310.388
78.3875, 310.388
78.4206, 310.389
78.448, 310.39
78.4806, 310.391
78.4967, 310.391
78.5484, 310.392
78.5556, 310.392
78.5584, 310.392
78.5954, 310.393
78.6149, 310.394
78.6463, 310.394
78.6783, 310.395
78.7049, 310.396
78.717, 310.396
78.7512, 310.397
78.7893, 310.398
78.8052, 310.398
78.8361, 310.399
78.8541, 310.399
78.8932, 310.4
78.9236, 310.401
78.9479, 310.401
78.975, 310.402
78.9916, 310.402
79.0254, 310.403
79.0595, 310.404
79.0741, 310.404
79.118, 310.405
79.1245, 310.406
79.1771, 310.407
79.2082, 310.408
79.2262, 310.408
79.273, 310.409
79.3002, 310.41
79.3141, 310.41
79.3463, 310.411
79.3681, 310.412
79.378, 310.412
79.4147, 310.413
79.4247, 310.413
79.4646, 310.414
79.4833, 310.414
79.5478, 310.416
79.586, 310.417
79.6114, 310.418
79.6248, 310.418
79.6609, 310.419
79.71, 310.42
79.7243, 310.421
79.7475, 310.421
79.7767, 310.422
79.8109, 310.423
79.8703, 310.424
79.9004, 310.425
79.9246, 310.426
79.9607, 310.427
80.0106, 310.428
80.0321, 310.429
80.0566, 310.429
80.0675, 310.43
80.0855, 310.43
80.1345, 310.431
80.1425, 310.432
80.1463, 310.432
80.2155, 310.433
80.2305, 310.434
80.2489, 310.434
80.2845, 310.435
80.2917, 310.436
80.305, 310.436
80.3277, 310.437
80.3344, 310.437
80.3785, 310.438
80.426, 310.439
80.429, 310.439
80.4314, 310.439
80.4726, 310.441
80.4758, 310.441
80.4897, 310.441
80.5519, 310.443
80.5775, 310.443
80.5994, 310.444
80.6316, 310.445
80.6502, 310.446
80.6854, 310.447
80.6994, 310.447
80.7457, 310.448
80.7725, 310.449
80.8046, 310.45
80.8505, 310.451
80.8821, 310.452
80.8931, 310.452
80.9083, 310.453
80.9415, 310.454
80.9798, 310.455
80.9828, 310.455
81.0251, 310.456
81.0328, 310.457
81.0695, 310.458
81.0811, 310.458
81.0937, 310.458
81.1138, 310.459
81.1466, 310.46
81.1663, 310.461
81.1675, 310.461
81.2183, 310.462
81.255, 310.463
81.2694, 310.464
81.3101, 310.465
81.3283, 310.465
81.353, 310.466
81.3826, 310.467
81.3961, 310.467
81.4395, 310.469
81.4846, 310.47
81.4928, 310.47
81.5392, 310.472
81.5702, 310.473
81.5831, 310.473
81.5865, 310.473
81.6325, 310.475
81.6393, 310.475
81.6427, 310.475
81.6751, 310.476
81.7016, 310.477
81.7452, 310.478
81.786, 310.48
81.7944, 310.48
81.8008, 310.48
81.8338, 310.481
81.8631, 310.482
81.911, 310.484
81.9272, 310.484
81.9488, 310.485
81.9793, 310.486
81.9977, 310.486
82.0015, 310.487
82.0103, 310.487
82.042, 310.488
82.0459, 310.488
82.063, 310.489
82.0811, 310.489
82.0859, 310.489
82.1197, 310.49
82.1595, 310.492
82.1617, 310.492
82.2067, 310.493
82.2162, 310.494
82.2533, 310.495
82.312, 310.497
82.3481, 310.498
82.3537, 310.498
82.3567, 310.498
82.4002, 310.5
82.4428, 310.501
82.4759, 310.502
82.4859, 310.503
82.5666, 310.506
82.6008, 310.507
82.6155, 310.507
82.652, 310.509
82.6619, 310.509
82.6678, 310.509
82.7305, 310.511
82.7343, 310.511
82.7715, 310.513
82.7876, 310.513
82.8245, 310.515
82.8517, 310.516
82.8691, 310.516
82.9221, 310.518
82.9463, 310.519
82.967, 310.52
82.9809, 310.52
83.0073, 310.521
83.0531, 310.523
83.0923, 310.524
83.0993, 310.524
83.1485, 310.526
83.1851, 310.528
83.1902, 310.528
83.1944, 310.528
83.2471, 310.53
83.2603, 310.53
83.3088, 310.532
83.3132, 310.532
83.3235, 310.533
83.3652, 310.534
83.4001, 310.536
83.41, 310.536
83.4182, 310.536
83.4422, 310.537
83.457, 310.538
83.5153, 310.54
83.5169, 310.54
83.5176, 310.54
83.5181, 310.54
83.5702, 310.542
83.5807, 310.543
83.6249, 310.544
83.6313, 310.544
83.6368, 310.545
83.6416, 310.545
83.697, 310.547
83.7557, 310.549
83.7572, 310.549
83.7583, 310.549
83.7694, 310.55
83.8082, 310.551
83.8235, 310.552
83.8686, 310.554
83.8981, 310.555
83.9022, 310.555
83.9523, 310.557
83.9574, 310.557
84.0189, 310.56
84.0507, 310.561
84.0747, 310.562
84.1039, 310.563
84.1208, 310.564
84.1773, 310.566
84.1872, 310.567
84.2106, 310.568
84.2223, 310.568
84.2535, 310.569
84.2713, 310.57
84.3091, 310.572
84.3649, 310.574
84.3726, 310.574
84.378, 310.575
84.3976, 310.575
84.4224, 310.576
84.4475, 310.577
84.5055, 310.58
84.5067, 310.58
84.5444, 310.582
84.5762, 310.583
84.5845, 310.583
84.6398, 310.586
84.6648, 310.587
84.6887, 310.588
84.74, 310.59
84.7705, 310.591
84.7788, 310.592
84.7887, 310.592
84.8044, 310.593
84.834, 310.594
84.8482, 310.595
84.856, 310.595
84.8726, 310.596
84.9264, 310.598
84.9383, 310.599
84.9872, 310.601
84.9915, 310.601
85.0703, 310.605
85.0801, 310.605
85.0824, 310.605
85.0852, 310.605
85.1419, 310.608
85.1531, 310.608
85.1941, 310.61
85.2235, 310.611
85.2436, 310.612
85.2662, 310.613
85.2972, 310.615
85.3174, 310.616
85.3658, 310.618
85.3927, 310.619
85.4374, 310.621
85.4445, 310.622
85.4799, 310.623
85.4834, 310.624
85.4838, 310.624
85.484, 310.624
85.5161, 310.625
85.5298, 310.626
85.5633, 310.627
85.5878, 310.628
85.6023, 310.629
85.6132, 310.63
85.6474, 310.631
85.6763, 310.633
85.6799, 310.633
85.7098, 310.634
85.7495, 310.636
85.7567, 310.637
85.7977, 310.639
85.821, 310.64
85.825, 310.64
85.8433, 310.641
85.8553, 310.641
85.8941, 310.643
85.9395, 310.646
85.9398, 310.646
85.9403, 310.646
85.9663, 310.647
85.987, 310.648
86.0192, 310.649
86.0537, 310.651
86.0874, 310.653
86.1262, 310.655
86.1488, 310.656
86.1624, 310.657
86.2209, 310.66
86.2441, 310.661
86.2692, 310.662
86.2843, 310.663
86.3388, 310.666
86.3463, 310.666
86.39, 310.668
86.4289, 310.67
86.472, 310.673
86.4824, 310.673
86.525, 310.675
86.5339, 310.676
86.5369, 310.676
86.5852, 310.679
86.6166, 310.68
86.6386, 310.681
86.6719, 310.683
86.6978, 310.685
86.7126, 310.685
86.7359, 310.687
86.7458, 310.687
86.7562, 310.688
86.7831, 310.689
86.8034, 310.69
86.8466, 310.693
86.8994, 310.695
86.9039, 310.696
86.9602, 310.699
86.9936, 310.701
87.008, 310.701
87.0355, 310.703
87.0761, 310.705
87.0924, 310.706
87.1035, 310.707
87.14, 310.709
87.1512, 310.709
87.1542, 310.71
87.168, 310.71
87.2093, 310.713
87.2459, 310.715
87.2662, 310.716
87.2836, 310.717
87.2847, 310.717
87.3523, 310.721
87.3681, 310.722
87.4031, 310.724
87.4441, 310.726
87.4618, 310.727
87.493, 310.729
87.5051, 310.73
87.5451, 310.732
87.562, 310.733
87.6044, 310.736
87.6064, 310.736
87.642, 310.738
87.665, 310.739
87.6828, 310.74
87.7249, 310.743
87.748, 310.744
87.7985, 310.747
87.8007, 310.747
87.8094, 310.748
87.8431, 310.75
87.8503, 310.75
87.8951, 310.753
87.9063, 310.754
87.926, 310.755
87.9375, 310.756
87.9746, 310.758
88.0061, 310.76
88.0125, 310.76
88.0482, 310.762
88.0684, 310.764
88.1319, 310.768
88.1669, 310.77
88.1848, 310.771
88.241, 310.775
88.2438, 310.775
88.272, 310.777
88.2898, 310.778
88.3059, 310.779
88.3224, 310.78
88.358, 310.782
88.3737, 310.783
88.4039, 310.785
88.4495, 310.788
88.4792, 310.79
88.4902, 310.791
88.4984, 310.791
88.5397, 310.794
88.5855, 310.797
88.6371, 310.8
88.641, 310.8
88.6926, 310.804
88.7137, 310.805
88.7816, 310.81
88.7853, 310.81
88.7872, 310.81
88.836, 310.814
88.8797, 310.817
88.9025, 310.818
88.9501, 310.821
88.9734, 310.823
89.0045, 310.825
89.0449, 310.828
89.0529, 310.828
89.0848, 310.831
89.1163, 310.833
89.1369, 310.834
89.1732, 310.837
89.1745, 310.837
89.2022, 310.839
89.2239, 310.84
89.2686, 310.844
89.269, 310.844
89.2907, 310.845
89.2926, 310.845
89.3453, 310.849
89.3483, 310.849
89.3497, 310.849
89.399, 310.853
89.4509, 310.857
89.4838, 310.859
89.5061, 310.861
89.5124, 310.861
89.5534, 310.864
89.5606, 310.865
89.6043, 310.868
89.6073, 310.868
89.6091, 310.868
89.6102, 310.868
89.6513, 310.871
89.7196, 310.876
89.7659, 310.88
89.7759, 310.881
89.8088, 310.883
89.8339, 310.885
89.8755, 310.888
89.8952, 310.89
89.8982, 310.89
89.9053, 310.89
89.9455, 310.893
89.9931, 310.897
90.0051, 310.898
90.0298, 310.9
90.0531, 310.902
90.0652, 310.903
90.0816, 310.904
90.1437, 310.909
90.1481, 310.909
90.1545, 310.91
90.1618, 310.91
90.2206, 310.915
90.2616, 310.918
90.2835, 310.92
90.326, 310.923
90.3796, 310.927
90.4112, 310.93
90.44, 310.932
90.4598, 310.934
90.4866, 310.936
90.4966, 310.937
90.514, 310.938
90.5478, 310.941
90.5549, 310.942
90.5605, 310.942
90.5976, 310.945
90.6235, 310.947
90.625, 310.947
90.6879, 310.953
90.7148, 310.955
90.7593, 310.959
90.8089, 310.963
90.8119, 310.963
90.8153, 310.963
90.8782, 310.969
90.8905, 310.97
90.9013, 310.971
90.9324, 310.973
91.0019, 310.979
91.0093, 310.98
91.036, 310.982
91.0538, 310.984
91.1111, 310.989
91.1153, 310.989
91.1251, 310.99
91.1487, 310.992
91.1577, 310.993
91.1914, 310.996
91.2442, 311.001
91.254, 311.001
91.2966, 311.005
91.351, 311.01
91.3881, 311.013
91.4056, 311.015
91.411, 311.015
91.4135, 311.016
91.4458, 311.019
91.4545, 311.019
91.4988, 311.023
91.5104, 311.024
91.5259, 311.026
91.5927, 311.032
91.5936, 311.032
91.5982, 311.033
91.6587, 311.038
91.6672, 311.039
91.6979, 311.042
91.7042, 311.042
91.7489, 311.047
91.768, 311.048
91.7872, 311.05
91.8038, 311.052
91.8401, 311.055
91.8433, 311.055
91.8446, 311.056
91.884, 311.059
91.9188, 311.063
91.9556, 311.066
91.9874, 311.069
92.0067, 311.071
92.0423, 311.075
92.0501, 311.075
92.1081, 311.081
92.1506, 311.085
92.1882, 311.089
92.1979, 311.09
92.2096, 311.091
92.2314, 311.093
92.2583, 311.096
92.3125, 311.101
92.3175, 311.102
92.3292, 311.103
92.3563, 311.106
92.3806, 311.108
92.3983, 311.11
92.4329, 311.113
92.4417, 311.114
92.4799, 311.118
92.5293, 311.123
92.5496, 311.125
92.6096, 311.132
92.6346, 311.134
92.6591, 311.137
92.683, 311.139
92.7039, 311.141
92.7121, 311.142
92.724, 311.144
92.8127, 311.153
92.8277, 311.155
92.8332, 311.155
92.8412, 311.156
92.8585, 311.158
92.8833, 311.16
92.9158, 311.164
92.9256, 311.165
92.9427, 311.167
92.9762, 311.17
93.0382, 311.177
93.0472, 311.178
93.0692, 311.181
93.0835, 311.182
93.1151, 311.186
93.1385, 311.188
93.1455, 311.189
93.1639, 311.191
93.1894, 311.194
93.2063, 311.196
93.2396, 311.199
93.2815, 311.204
93.3027, 311.207
93.3122, 311.208
93.3186, 311.208
93.3495, 311.212
93.3534, 311.212
93.3672, 311.214
93.4167, 311.219
93.4515, 311.223
93.4607, 311.225
93.4713, 311.226
93.5052, 311.23
93.5453, 311.234
93.5474, 311.235
93.5482, 311.235
93.5978, 311.24
93.6048, 311.241
93.6738, 311.249
93.6814, 311.25
93.6879, 311.251
93.6971, 311.252
93.7272, 311.256
93.7324, 311.256
93.7433, 311.257
93.7721, 311.261
93.777, 311.261
93.7925, 311.263
93.8398, 311.269
93.8666, 311.272
93.8928, 311.275
93.9449, 311.282
93.9457, 311.282
93.9466, 311.282
93.9877, 311.287
94.0128, 311.29
94.043, 311.294
94.1186, 311.303
94.1314, 311.305
94.1637, 311.309
94.1668, 311.309
94.1855, 311.311
94.2085, 311.314
94.2478, 311.319
94.276, 311.323
94.3096, 311.327
94.3465, 311.332
94.3712, 311.335
94.4039, 311.339
94.4241, 311.342
94.4344, 311.343
94.4797, 311.349
94.4951, 311.351
94.5, 311.352
94.5305, 311.355
94.5524, 311.358
94.5755, 311.361
94.5878, 311.363
94.6207, 311.367
94.644, 311.37
94.6857, 311.376
94.7096, 311.379
94.725, 311.381
94.7581, 311.386
94.7763, 311.388
94.7995, 311.391
94.816, 311.393
94.8255, 311.395
94.8871, 311.403
94.9149, 311.407
94.9324, 311.409
94.9459, 311.411
94.9976, 311.418
95.0141, 311.42
95.021, 311.421
95.0284, 311.422
95.0394, 311.424
95.1008, 311.433
95.111, 311.434
95.1294, 311.437
95.1518, 311.44
95.1728, 311.443
95.2159, 311.449
95.2329, 311.451
95.2522, 311.454
95.2582, 311.455
95.2712, 311.457
95.3221, 311.464
95.3267, 311.465
95.348, 311.468
95.3865, 311.473
95.4298, 311.48
95.4473, 311.482
95.521, 311.493
95.5604, 311.499
95.5714, 311.5
95.6206, 311.508
95.6456, 311.511
95.7115, 311.521
95.7133, 311.522
95.7342, 311.525
95.7711, 311.53
95.7976, 311.534
95.8259, 311.539
95.8464, 311.542
95.8761, 311.547
95.9326, 311.555
95.9557, 311.559
96.0136, 311.568
96.0209, 311.569
96.0733, 311.577
96.107, 311.583
96.1156, 311.584
96.127, 311.586
96.153, 311.59
96.1688, 311.592
96.2017, 311.598
96.2457, 311.605
96.2618, 311.607
96.3133, 311.616
96.3214, 311.617
96.3491, 311.622
96.3582, 311.623
96.3757, 311.626
96.3826, 311.627
96.421, 311.634
96.4323, 311.635
96.4716, 311.642
96.4844, 311.644
96.486, 311.644
96.5497, 311.655
96.5704, 311.658
96.601, 311.664
96.6053, 311.664
96.6434, 311.671
96.6718, 311.676
96.6997, 311.68
96.7052, 311.681
96.734, 311.686
96.7438, 311.688
96.7575, 311.69
96.7754, 311.693
96.8108, 311.7
96.8472, 311.706
96.8678, 311.71
96.8922, 311.714
96.9224, 311.719
96.9376, 311.722
96.9693, 311.727
96.9766, 311.729
97.0035, 311.734
97.0151, 311.736
97.0762, 311.747
97.1038, 311.752
97.1293, 311.756
97.1465, 311.759
97.1856, 311.766
97.211, 311.771
97.2135, 311.772
97.2237, 311.773
97.2491, 311.778
97.2548, 311.779
97.2569, 311.779
97.2976, 311.787
97.3143, 311.79
97.3293, 311.793
97.3566, 311.798
97.3669, 311.8
97.379, 311.802
97.3989, 311.806
97.4029, 311.807
97.4272, 311.811
97.4541, 311.816
97.4616, 311.818
97.4982, 311.825
97.4987, 311.825
97.5006, 311.825
97.5613, 311.837
97.5929, 311.843
97.6046, 311.845
97.6551, 311.855
97.658, 311.855
97.7016, 311.864
97.7326, 311.87
97.7853, 311.88
97.7869, 311.881
97.7887, 311.881
97.7892, 311.881
97.8214, 311.888
97.8357, 311.89
97.8416, 311.892
97.8772, 311.899
97.882, 311.9
97.8887, 311.901
97.9523, 311.914
97.9693, 311.917
97.9898, 311.922
98.053, 311.934
98.0531, 311.934
98.0546, 311.935
98.1384, 311.952
98.1445, 311.953
98.1553, 311.956
98.2272, 311.971
98.2379, 311.973
98.2429, 311.974
98.2768, 311.981
98.2909, 311.984
98.3345, 311.993
98.3811, 312.003
98.3842, 312.004
98.4016, 312.008
98.4113, 312.01
98.4487, 312.018
98.468, 312.022
98.4821, 312.025
98.5295, 312.036
98.5479, 312.04
98.5688, 312.044
98.587, 312.048
98.6082, 312.053
98.6204, 312.056
98.6515, 312.063
98.6707, 312.067
98.6822, 312.07
98.6884, 312.071
98.6944, 312.072
98.7277, 312.08
98.7446, 312.084
98.7523, 312.085
98.8087, 312.098
98.8827, 312.115
98.8874, 312.116
98.9028, 312.12
98.9168, 312.123
98.9815, 312.138
98.9847, 312.139
99.0308, 312.15
99.053, 312.155
99.0564, 312.156
99.0641, 312.158
99.0748, 312.16
99.117, 312.17
99.1418, 312.176
99.182, 312.186
99.2036, 312.191
99.2234, 312.196
99.2574, 312.204
99.2842, 312.211
99.3072, 312.216
99.3462, 312.226
99.3515, 312.227
99.4054, 312.241
99.4301, 312.247
99.4394, 312.249
99.456, 312.253
99.4774, 312.259
99.4942, 312.263
99.5229, 312.27
99.5433, 312.276
99.5988, 312.29
99.6189, 312.295
99.6494, 312.303
99.6629, 312.306
99.672, 312.309
99.6902, 312.313
99.7216, 312.322
99.7583, 312.331
99.7701, 312.334
99.8082, 312.345
99.858, 312.358
99.8647, 312.36
99.8683, 312.361
99.8839, 312.365
99.9215, 312.375
99.9568, 312.385
99.9749, 312.389
100.02, 312.402
100.03, 312.405
100.078, 312.418
100.088, 312.421
100.094, 312.422
100.137, 312.434
100.151, 312.438
100.186, 312.448
100.198, 312.451
100.229, 312.46
100.23, 312.46
100.249, 312.466
100.291, 312.478
100.292, 312.478
100.311, 312.483
100.355, 312.496
100.383, 312.504
100.436, 312.52
100.486, 312.535
100.488, 312.535
100.533, 312.549
100.546, 312.553
100.593, 312.567
100.622, 312.576
100.669, 312.59
100.681, 312.594
100.697, 312.598
100.742, 312.612
100.773, 312.622
100.79, 312.627
100.801, 312.631
100.817, 312.636
100.878, 312.655
100.915, 312.667
100.918, 312.668
100.921, 312.669
100.97, 312.685
100.982, 312.688
101.022, 312.701
101.039, 312.707
101.065, 312.715
101.072, 312.718
101.078, 312.72
101.121, 312.734
101.199, 312.76
101.204, 312.761
101.247, 312.776
101.299, 312.794
101.322, 312.802
101.356, 312.813
101.399, 312.828
101.413, 312.833
101.419, 312.835
101.439, 312.842
101.457, 312.849
101.502, 312.865
101.521, 312.871
101.554, 312.883
101.564, 312.887
101.573, 312.89
101.612, 312.904
101.661, 312.922
101.671, 312.926
101.714, 312.942
101.736, 312.95
101.756, 312.957
101.786, 312.969
101.8, 312.974
101.807, 312.976
101.869, 313
101.92, 313.02
101.93, 313.024
101.966, 313.038
102.012, 313.056
102.027, 313.061
102.067, 313.078
102.074, 313.08
102.12, 313.099
102.152, 313.112
102.181, 313.124
102.22, 313.14
102.249, 313.152
102.267, 313.159
102.306, 313.176
102.344, 313.192
102.357, 313.197
102.362, 313.199
102.41, 313.22
102.451, 313.238
102.457, 313.24
102.463, 313.243
102.511, 313.264
102.526, 313.271
102.577, 313.293
102.594, 313.301
102.632, 313.318
102.634, 313.319
102.634, 313.319
102.689, 313.344
102.698, 313.349
102.74, 313.368
102.756, 313.376
102.77, 313.382
102.806, 313.4
102.841, 313.416
102.842, 313.417
102.85, 313.421
102.868, 313.429
102.877, 313.434
102.906, 313.448
102.914, 313.452
102.927, 313.458
102.948, 313.468
102.977, 313.482
102.992, 313.49
103.007, 313.497
103.036, 313.512
103.045, 313.517
103.088, 313.539
103.119, 313.555
103.143, 313.568
103.194, 313.594
103.21, 313.603
103.217, 313.607
103.266, 313.633
103.289, 313.645
103.348, 313.678
103.357, 313.683
103.377, 313.694
103.381, 313.696
103.402, 313.708
103.417, 313.717
103.422, 313.719
103.468, 313.746
103.501, 313.765
103.511, 313.771
103.522, 313.777
103.587, 313.816
103.628, 313.84
103.655, 313.857
103.658, 313.859
103.684, 313.875
103.697, 313.883
103.728, 313.903
103.747, 313.915
103.786, 313.94
103.807, 313.954
103.83, 313.969
103.859, 313.988
103.886, 314.005
103.921, 314.029
103.936, 314.039
103.937, 314.04
104.005, 314.088
104.022, 314.099
104.061, 314.128
104.097, 314.154
104.1, 314.156
104.156, 314.198
104.161, 314.202
104.179, 314.215
104.195, 314.227
104.225, 314.251
104.266, 314.283
104.314, 314.322
104.341, 314.344
104.369, 314.368
104.371, 314.369
104.376, 314.373
104.421, 314.411
104.475, 314.458
104.518, 314.497
104.537, 314.515
104.552, 314.529
104.592, 314.565
104.628, 314.6
104.633, 314.605
104.692, 314.664
104.706, 314.678
104.729, 314.703
104.762, 314.738
104.788, 314.766
104.802, 314.78
104.828, 314.808
104.851, 314.836
104.908, 314.902
104.911, 314.906
104.963, 314.971
104.975, 314.985
104.976, 314.986
104.978, 314.99
105.034, 315.06
105.084, 315.13
105.093, 315.144
105.145, 315.216
105.16, 315.242
105.246, 315.384
105.306, 315.486
105.32, 315.512
105.354, 315.577
105.401, 315.675
105.405, 315.684
105.442, 315.768
105.467, 315.826
105.489, 315.88
105.526, 315.977
105.534, 315.997
105.575, 316.118
105.623, 316.286
105.624, 316.29
105.626, 316.3
105.668, 316.441
105.719, 316.685
105.738, 316.764
105.776, 316.95
105.787, 317.016
105.813, 317.199
105.831, 317.311
105.862, 317.514
105.904, 317.848
105.928, 317.99
105.978, 318.161
105.988, 318.152
106.047, 318.048
106.066, 317.987
106.07, 317.961
106.1, 317.77
106.115, 317.654
106.169, 317.366
106.182, 317.296
106.217, 317.068
106.271, 316.796
106.306, 316.657
106.318, 316.606
106.357, 316.461
106.37, 316.426
106.405, 316.316
106.423, 316.266
106.455, 316.188
106.494, 316.098
106.496, 316.094
106.534, 316.006
106.58, 315.915
106.597, 315.884
106.631, 315.832
106.649, 315.802
106.674, 315.759
106.692, 315.73
106.718, 315.695
106.764, 315.631
106.78, 315.607
106.793, 315.592
106.807, 315.575
106.87, 315.503
106.882, 315.489
106.892, 315.479
106.934, 315.43
106.951, 315.412
106.985, 315.382
107.032, 315.337
107.05, 315.32
107.059, 315.312
107.09, 315.288
107.134, 315.251
107.223, 315.182
107.239, 315.17
107.302, 315.127
107.327, 315.11
107.355, 315.092
107.385, 315.074
107.415, 315.056
107.438, 315.042
107.451, 315.035
107.484, 315.015
107.548, 314.981
107.572, 314.968
107.595, 314.956
107.62, 314.944
107.622, 314.943
107.622, 314.943
107.674, 314.918
107.68, 314.915
107.713, 314.9
107.741, 314.887
107.77, 314.875
107.782, 314.869
107.815, 314.855
107.861, 314.837
107.914, 314.816
107.922, 314.813
107.939, 314.807
107.973, 314.794
107.978, 314.792
107.98, 314.791
108.028, 314.774
108.067, 314.761
108.112, 314.746
108.134, 314.739
108.156, 314.733
108.178, 314.725
108.222, 314.712
108.243, 314.706
108.273, 314.697
108.309, 314.687
108.359, 314.673
108.384, 314.667
108.428, 314.656
108.435, 314.654
108.455, 314.649
108.475, 314.644
108.485, 314.642
108.535, 314.63
108.565, 314.623
108.594, 314.617
108.596, 314.616
108.599, 314.616
108.638, 314.608
108.678, 314.599
108.695, 314.596
108.739, 314.587
108.745, 314.586
108.756, 314.584
108.804, 314.575
108.852, 314.566
108.869, 314.564
108.879, 314.562
108.888, 314.56
108.903, 314.558
108.929, 314.554
108.972, 314.547
108.987, 314.544
109.018, 314.54
109.044, 314.536
109.072, 314.532
109.09, 314.529
109.116, 314.526
109.139, 314.523
109.145, 314.522
109.148, 314.521
109.184, 314.517
109.188, 314.517
109.188, 314.517
109.238, 314.51
109.256, 314.508
109.29, 314.504
109.319, 314.501
109.344, 314.499
109.348, 314.498
109.376, 314.496
109.393, 314.494
109.422, 314.491
109.435, 314.49
109.482, 314.486
109.509, 314.483
109.516, 314.483
109.521, 314.483
109.54, 314.481
109.561, 314.48
109.564, 314.479
109.588, 314.477
109.609, 314.476
109.653, 314.473
109.678, 314.472
109.702, 314.47
109.751, 314.468
109.806, 314.466
109.807, 314.466
109.808, 314.466
109.854, 314.464
109.861, 314.464
109.897, 314.463
109.912, 314.462
109.957, 314.462
109.961, 314.462
110, 314.461
110.067, 314.408
110.092, 314.388
110.099, 314.381
110.178, 314.326
110.242, 314.289
110.344, 314.25
110.481, 314.195
110.562, 314.167
110.744, 314.111
111, 314.051


