X,T
6.61744e-18, 310.15
0.218929, 310.15
0.550309, 310.15
0.594245, 310.15
0.63223, 310.15
1.0221, 310.15
1.09653, 310.15
1.3127, 310.15
1.50767, 310.15
1.82249, 310.15
1.84818, 310.15
1.89406, 310.15
2.39258, 310.15
2.59809, 310.15
2.80939, 310.15
3.03114, 310.15
3.23573, 310.15
3.44789, 310.15
3.48652, 310.15
3.63828, 310.15
4.11593, 310.15
4.19606, 310.15
4.40834, 310.15
4.79507, 310.15
4.9333, 310.15
5.34396, 310.15
5.57963, 310.15
5.64073, 310.15
5.79769, 310.15
5.90374, 310.15
6.46707, 310.15
6.64901, 310.15
7.06043, 310.15
7.21256, 310.15
7.25458, 310.15
7.45405, 310.15
7.502, 310.15
8.11755, 310.15
8.16551, 310.15
8.53045, 310.15
8.62974, 310.15
8.83777, 310.15
9.14863, 310.15
9.21694, 310.15
9.2713, 310.15
9.65989, 310.15
9.99864, 310.15
10.2615, 310.15
10.4199, 310.15
10.4832, 310.15
10.7966, 310.15
10.8691, 310.15
11.0844, 310.15
11.3109, 310.15
11.574, 310.15
11.6794, 310.15
11.8032, 310.15
11.9853, 310.15
12.3235, 310.15
12.3982, 310.15
12.4175, 310.15
12.4711, 310.15
12.9605, 310.15
13.342, 310.15
13.5497, 310.15
13.659, 310.15
14.125, 310.15
14.1801, 310.15
14.6647, 310.15
14.76, 310.15
14.9756, 310.15
15.0007, 310.15
15.3889, 310.15
15.4864, 310.15
15.5638, 310.15
16.0141, 310.15
16.0475, 310.15
16.7868, 310.15
16.8102, 310.15
16.8267, 310.15
16.8577, 310.15
16.89, 310.15
16.9053, 310.15
16.947, 310.15
17.0954, 310.15
17.6533, 310.15
17.8684, 310.15
18.1183, 310.15
18.4107, 310.15
18.44, 310.15
18.7679, 310.15
18.781, 310.15
19.2986, 310.15
19.6503, 310.15
19.6862, 310.15
19.7037, 310.15
19.8208, 310.15
20.2753, 310.15
20.5018, 310.15
20.5736, 310.15
20.8955, 310.15
21.1019, 310.15
21.2044, 310.15
21.3189, 310.15
21.7144, 310.15
21.7239, 310.15
21.7306, 310.15
22.0058, 310.15
22.363, 310.15
22.5026, 310.15
22.5691, 310.15
22.7206, 310.15
22.9654, 310.15
23.1356, 310.15
23.5455, 310.15
23.5616, 310.15
23.5836, 310.15
24.037, 310.15
24.1319, 310.15
24.3547, 310.15
24.8164, 310.15
24.8368, 310.15
24.9714, 310.15
25.3511, 310.15
25.6705, 310.15
25.7847, 310.15
25.8695, 310.15
26.3709, 310.15
26.4035, 310.15
26.4737, 310.15
26.8378, 310.15
26.8816, 310.15
27.1544, 310.15
27.2015, 310.15
27.5661, 310.15
27.8455, 310.15
28.0003, 310.15
28.0412, 310.15
28.3352, 310.15
28.4807, 310.15
28.7955, 310.15
29.0975, 310.15
29.1346, 310.15
29.1527, 310.15
29.587, 310.15
29.8672, 310.15
30.3046, 310.15
30.3454, 310.15
30.4202, 310.15
30.6629, 310.15
30.9181, 310.15
31.061, 310.15
31.1452, 310.15
31.2318, 310.15
31.263, 310.15
31.4288, 310.15
31.4665, 310.15
31.5333, 310.15
31.816, 310.15
31.8832, 310.15
31.972, 310.15
32.4293, 310.151
32.4431, 310.151
32.6588, 310.151
33.1046, 310.151
33.2266, 310.151
33.5126, 310.151
33.7384, 310.151
33.7732, 310.151
33.9857, 310.151
34.1117, 310.151
34.438, 310.151
34.6161, 310.151
34.7378, 310.151
34.8568, 310.151
35.286, 310.151
35.4638, 310.151
35.8273, 310.151
35.8558, 310.151
36.0342, 310.151
36.0868, 310.151
37.0021, 310.151
37.0041, 310.151
37.0085, 310.151
37.3371, 310.151
37.6716, 310.151
37.7801, 310.151
38.0592, 310.151
38.2015, 310.151
38.3019, 310.151
38.4377, 310.151
38.807, 310.151
38.8196, 310.151
38.8365, 310.151
39.1903, 310.151
39.5504, 310.151
39.5622, 310.151
39.5691, 310.151
39.9789, 310.151
40.2294, 310.151
40.3863, 310.151
40.5716, 310.151
40.8754, 310.151
41.2023, 310.152
41.2219, 310.152
41.267, 310.152
41.3313, 310.152
41.4548, 310.152
41.5281, 310.152
41.8809, 310.152
42.0773, 310.152
42.1162, 310.152
42.395, 310.152
42.4632, 310.152
42.8927, 310.152
42.9779, 310.152
43.1941, 310.152
43.77, 310.152
43.7876, 310.152
43.8095, 310.152
43.819, 310.152
43.8612, 310.152
44.4594, 310.152
44.5321, 310.152
44.9012, 310.153
44.9892, 310.153
45.0127, 310.153
45.0645, 310.153
45.1188, 310.153
45.1803, 310.153
45.9582, 310.153
46.2566, 310.153
46.3333, 310.153
46.3972, 310.153
46.7096, 310.153
46.7535, 310.153
46.8871, 310.153
47.3672, 310.154
47.6186, 310.154
48.1408, 310.154
48.196, 310.154
48.2549, 310.154
48.7849, 310.154
49.0936, 310.155
49.1162, 310.155
49.2079, 310.155
49.3066, 310.155
49.3718, 310.155
50.1248, 310.155
50.163, 310.155
50.2722, 310.156
50.4819, 310.156
50.8833, 310.156
50.9845, 310.156
51.2781, 310.156
51.5548, 310.157
51.5722, 310.157
51.9915, 310.157
52.2132, 310.157
52.3394, 310.158
52.416, 310.158
52.4589, 310.158
52.8136, 310.158
53.2464, 310.159
53.4094, 310.159
53.4628, 310.159
53.5635, 310.159
53.8184, 310.16
54.3386, 310.16
54.4645, 310.161
54.839, 310.161
54.8561, 310.161
55.222, 310.162
55.2973, 310.162
55.5022, 310.163
55.9584, 310.164
56.3453, 310.165
56.4304, 310.165
56.7283, 310.166
56.985, 310.167
57.3087, 310.168
57.4281, 310.168
57.5979, 310.169
57.669, 310.169
57.7033, 310.17
57.853, 310.17
57.8712, 310.17
57.882, 310.171
58, 310.171
58.0443, 310.171
58.0895, 310.171
58.0966, 310.171
58.1251, 310.171
58.1477, 310.171
58.1706, 310.171
58.1875, 310.171
58.2133, 310.171
58.2265, 310.171
58.2607, 310.171
58.2888, 310.171
58.2944, 310.171
58.3032, 310.171
58.376, 310.171
58.4029, 310.171
58.4729, 310.171
58.4869, 310.171
58.5008, 310.171
58.5452, 310.171
58.5513, 310.171
58.5534, 310.171
58.6135, 310.171
58.6249, 310.171
58.6755, 310.171
58.7015, 310.171
58.7437, 310.171
58.7787, 310.171
58.7921, 310.171
58.8215, 310.171
58.8674, 310.171
58.8723, 310.171
58.9027, 310.171
58.9031, 310.171
58.9044, 310.171
58.9568, 310.171
58.9977, 310.171
58.9991, 310.171
59.0025, 310.171
59.0195, 310.172
59.045, 310.172
59.0472, 310.172
59.0938, 310.172
59.1153, 310.172
59.1395, 310.172
59.1551, 310.172
59.1781, 310.172
59.1947, 310.172
59.262, 310.172
59.287, 310.172
59.2981, 310.172
59.3307, 310.172
59.3856, 310.172
59.4202, 310.172
59.4302, 310.172
59.4422, 310.172
59.469, 310.172
59.4877, 310.172
59.5097, 310.172
59.5379, 310.172
59.555, 310.172
59.5636, 310.172
59.5974, 310.172
59.609, 310.172
59.6123, 310.172
59.6776, 310.172
59.686, 310.172
59.7125, 310.172
59.7297, 310.172
59.7498, 310.172
59.7625, 310.172
59.778, 310.172
59.7881, 310.172
59.8422, 310.172
59.8482, 310.172
59.8967, 310.172
59.8991, 310.172
59.923, 310.172
59.9843, 310.172
60.0112, 310.172
60.0478, 310.172
60.0501, 310.172
60.0556, 310.172
60.0754, 310.172
60.0965, 310.172
60.1089, 310.172
60.1375, 310.172
60.1777, 310.172
60.2182, 310.172
60.2231, 310.172
60.2301, 310.172
60.2703, 310.172
60.2772, 310.172
60.314, 310.172
60.3227, 310.172
60.3277, 310.172
60.3723, 310.172
60.398, 310.172
60.4031, 310.172
60.4469, 310.172
60.4644, 310.172
60.5061, 310.172
60.5456, 310.172
60.5718, 310.172
60.5905, 310.172
60.6161, 310.172
60.6386, 310.172
60.6696, 310.172
60.6699, 310.172
60.7207, 310.172
60.7341, 310.172
60.7466, 310.172
60.7652, 310.172
60.7854, 310.172
60.792, 310.172
60.8051, 310.172
60.8592, 310.172
60.8637, 310.172
60.9087, 310.172
60.9484, 310.172
60.9608, 310.172
60.9624, 310.172
60.9663, 310.172
61.0239, 310.172
61.0591, 310.172
61.0706, 310.172
61.1033, 310.172
61.1391, 310.172
61.1917, 310.172
61.2853, 310.172
61.2861, 310.172
61.2864, 310.172
61.3287, 310.172
61.3456, 310.172
61.3769, 310.173
61.3972, 310.173
61.4387, 310.173
61.4616, 310.173
61.491, 310.173
61.5509, 310.173
61.5648, 310.173
61.6045, 310.173
61.6252, 310.173
61.6416, 310.173
61.666, 310.173
61.6859, 310.173
61.736, 310.173
61.7589, 310.173
61.7642, 310.173
61.8214, 310.173
61.8353, 310.173
61.8903, 310.173
61.898, 310.173
61.9474, 310.173
61.9678, 310.173
62.0089, 310.173
62.0498, 310.173
62.0511, 310.173
62.1055, 310.173
62.1176, 310.173
62.1211, 310.173
62.1444, 310.173
62.1608, 310.173
62.2123, 310.173
62.2305, 310.173
62.2689, 310.173
62.2796, 310.173
62.2858, 310.173
62.2951, 310.173
62.3308, 310.173
62.3747, 310.173
62.3802, 310.173
62.3832, 310.173
62.4241, 310.173
62.4514, 310.173
62.4558, 310.173
62.4585, 310.173
62.4863, 310.173
62.5464, 310.173
62.59, 310.173
62.6098, 310.173
62.6167, 310.173
62.6374, 310.173
62.6565, 310.173
62.6691, 310.173
62.7105, 310.173
62.7369, 310.173
62.7597, 310.173
62.7723, 310.173
62.7867, 310.173
62.8171, 310.173
62.8196, 310.173
62.8234, 310.173
62.8261, 310.173
62.8608, 310.173
62.871, 310.173
62.8948, 310.173
62.9435, 310.173
62.9471, 310.173
62.948, 310.173
62.9696, 310.173
63.0525, 310.174
63.0784, 310.174
63.0831, 310.174
63.0983, 310.174
63.1392, 310.174
63.1885, 310.174
63.202, 310.174
63.2106, 310.174
63.2883, 310.174
63.2972, 310.174
63.3087, 310.174
63.3315, 310.174
63.3485, 310.174
63.3598, 310.174
63.3676, 310.174
63.4278, 310.174
63.4326, 310.174
63.4368, 310.174
63.4807, 310.174
63.5036, 310.174
63.5123, 310.174
63.5737, 310.174
63.5799, 310.174
63.6045, 310.174
63.6268, 310.174
63.6328, 310.174
63.6412, 310.174
63.6829, 310.174
63.7308, 310.174
63.7637, 310.174
63.7697, 310.174
63.8164, 310.174
63.8179, 310.174
63.8213, 310.174
63.8229, 310.174
63.8345, 310.174
63.873, 310.174
63.8986, 310.174
63.909, 310.174
63.9166, 310.174
63.9519, 310.174
63.9731, 310.174
63.9891, 310.174
64.014, 310.174
64.0339, 310.174
64.06, 310.174
64.072, 310.174
64.1075, 310.174
64.1319, 310.174
64.1529, 310.174
64.1825, 310.174
64.1937, 310.174
64.2633, 310.174
64.2925, 310.175
64.3143, 310.175
64.3369, 310.175
64.3482, 310.175
64.3678, 310.175
64.4394, 310.175
64.4753, 310.175
64.494, 310.175
64.5328, 310.175
64.5537, 310.175
64.5887, 310.175
64.6161, 310.175
64.633, 310.175
64.6729, 310.175
64.6757, 310.175
64.7222, 310.175
64.7588, 310.175
64.7741, 310.175
64.8085, 310.175
64.8508, 310.175
64.8619, 310.175
64.901, 310.175
64.931, 310.175
64.9517, 310.175
64.9741, 310.175
64.9889, 310.175
65.0009, 310.175
65.0416, 310.175
65.0535, 310.175
65.0982, 310.175
65.1362, 310.175
65.1577, 310.175
65.1636, 310.175
65.1743, 310.175
65.1959, 310.175
65.2005, 310.175
65.2077, 310.175
65.2714, 310.175
65.2753, 310.175
65.2829, 310.175
65.3371, 310.175
65.3852, 310.175
65.3901, 310.175
65.397, 310.175
65.4286, 310.176
65.4641, 310.176
65.4692, 310.176
65.4754, 310.176
65.5168, 310.176
65.5695, 310.176
65.5984, 310.176
65.6155, 310.176
65.6463, 310.176
65.6543, 310.176
65.6642, 310.176
65.6906, 310.176
65.6993, 310.176
65.7266, 310.176
65.7316, 310.176
65.7875, 310.176
65.806, 310.176
65.8522, 310.176
65.8687, 310.176
65.9028, 310.176
65.9352, 310.176
65.9356, 310.176
65.9931, 310.176
66.0291, 310.176
66.0438, 310.176
66.0652, 310.176
66.1107, 310.176
66.1271, 310.176
66.1337, 310.176
66.2113, 310.176
66.2154, 310.176
66.2571, 310.176
66.2719, 310.176
66.3122, 310.176
66.3195, 310.176
66.3769, 310.176
66.3865, 310.176
66.3952, 310.176
66.4303, 310.177
66.4493, 310.177
66.5482, 310.177
66.5581, 310.177
66.5781, 310.177
66.6128, 310.177
66.6371, 310.177
66.6712, 310.177
66.7096, 310.177
66.7285, 310.177
66.7686, 310.177
66.8215, 310.177
66.8297, 310.177
66.8421, 310.177
66.8748, 310.177
66.9392, 310.177
66.9398, 310.177
66.9399, 310.177
66.978, 310.177
67.0187, 310.177
67.0287, 310.177
67.0776, 310.177
67.0945, 310.177
67.1288, 310.177
67.1482, 310.177
67.1502, 310.177
67.1533, 310.177
67.1591, 310.177
67.25, 310.177
67.2544, 310.177
67.2891, 310.177
67.3018, 310.177
67.3472, 310.178
67.374, 310.178
67.4596, 310.178
67.4675, 310.178
67.4789, 310.178
67.5118, 310.178
67.5432, 310.178
67.5581, 310.178
67.5926, 310.178
67.6131, 310.178
67.6486, 310.178
67.6501, 310.178
67.6572, 310.178
67.7046, 310.178
67.7617, 310.178
67.7905, 310.178
67.8217, 310.178
67.89, 310.178
67.9111, 310.178
67.9192, 310.178
67.9431, 310.178
67.9657, 310.178
67.9941, 310.178
68.0205, 310.178
68.0524, 310.178
68.0525, 310.178
68.0526, 310.178
68.0529, 310.178
68.1227, 310.178
68.1364, 310.178
68.1549, 310.179
68.1873, 310.179
68.22, 310.179
68.2594, 310.179
68.275, 310.179
68.3005, 310.179
68.3179, 310.179
68.3454, 310.179
68.3618, 310.179
68.3866, 310.179
68.4098, 310.179
68.4251, 310.179
68.4748, 310.179
68.4756, 310.179
68.4801, 310.179
68.5355, 310.179
68.5396, 310.179
68.5493, 310.179
68.5797, 310.179
68.5922, 310.179
68.6557, 310.179
68.6688, 310.179
68.705, 310.179
68.7099, 310.179
68.77, 310.179
68.7757, 310.179
68.8065, 310.179
68.8467, 310.179
68.8526, 310.179
68.9008, 310.179
68.942, 310.18
68.9894, 310.18
69.0016, 310.18
69.0571, 310.18
69.074, 310.18
69.1285, 310.18
69.1537, 310.18
69.1663, 310.18
69.2134, 310.18
69.2158, 310.18
69.2436, 310.18
69.2611, 310.18
69.2661, 310.18
69.3135, 310.18
69.3586, 310.18
69.3643, 310.18
69.41, 310.18
69.4436, 310.18
69.4475, 310.18
69.4498, 310.18
69.48, 310.18
69.5205, 310.18
69.5356, 310.18
69.5705, 310.18
69.6013, 310.18
69.6664, 310.181
69.6783, 310.181
69.7301, 310.181
69.7322, 310.181
69.7525, 310.181
69.7836, 310.181
69.8029, 310.181
69.8089, 310.181
69.8314, 310.181
69.84, 310.181
69.8811, 310.181
69.8943, 310.181
69.8957, 310.181
69.9296, 310.181
69.9319, 310.181
69.9362, 310.181
69.9581, 310.181
69.982, 310.181
70.0171, 310.181
70.0676, 310.181
70.0814, 310.181
70.1144, 310.181
70.1379, 310.181
70.1631, 310.181
70.1889, 310.181
70.2494, 310.181
70.2605, 310.181
70.2717, 310.181
70.2964, 310.181
70.3034, 310.181
70.3266, 310.181
70.3368, 310.182
70.3519, 310.182
70.3736, 310.182
70.3977, 310.182
70.4121, 310.182
70.4583, 310.182
70.4832, 310.182
70.5418, 310.182
70.5558, 310.182
70.5991, 310.182
70.6508, 310.182
70.6875, 310.182
70.7075, 310.182
70.7207, 310.182
70.7447, 310.182
70.76, 310.182
70.7987, 310.182
70.8087, 310.182
70.8142, 310.182
70.8475, 310.182
70.8802, 310.182
70.9321, 310.182
70.9381, 310.182
70.9589, 310.182
70.9932, 310.183
71.0514, 310.183
71.0538, 310.183
71.0582, 310.183
71.0833, 310.183
71.129, 310.183
71.1294, 310.183
71.1297, 310.183
71.1614, 310.183
71.1905, 310.183
71.1976, 310.183
71.2427, 310.183
71.27, 310.183
71.2786, 310.183
71.3056, 310.183
71.3379, 310.183
71.3708, 310.183
71.3889, 310.183
71.4052, 310.183
71.4584, 310.183
71.4591, 310.183
71.4595, 310.183
71.5086, 310.183
71.5351, 310.183
71.6034, 310.184
71.6302, 310.184
71.636, 310.184
71.6614, 310.184
71.6825, 310.184
71.697, 310.184
71.7464, 310.184
71.7806, 310.184
71.8293, 310.184
71.8313, 310.184
71.8352, 310.184
71.9044, 310.184
71.9052, 310.184
71.9058, 310.184
71.9436, 310.184
71.9808, 310.184
71.9991, 310.184
72.0054, 310.184
72.0253, 310.184
72.0694, 310.184
72.0695, 310.184
72.1293, 310.184
72.1392, 310.184
72.1813, 310.184
72.2057, 310.185
72.2145, 310.185
72.2437, 310.185
72.2645, 310.185
72.2662, 310.185
72.281, 310.185
72.3066, 310.185
72.3629, 310.185
72.3939, 310.185
72.4043, 310.185
72.4105, 310.185
72.4458, 310.185
72.4739, 310.185
72.5035, 310.185
72.5165, 310.185
72.56, 310.185
72.5842, 310.185
72.6005, 310.185
72.624, 310.185
72.6393, 310.185
72.6641, 310.185
72.6702, 310.185
72.7008, 310.185
72.7198, 310.185
72.7554, 310.186
72.7873, 310.186
72.809, 310.186
72.8356, 310.186
72.8497, 310.186
72.8936, 310.186
72.912, 310.186
72.958, 310.186
72.9936, 310.186
72.9999, 310.186
73.0017, 310.186
73.0114, 310.186
73.0566, 310.186
73.0958, 310.186
73.1474, 310.186
73.2136, 310.186
73.2141, 310.186
73.2622, 310.186
73.2934, 310.187
73.3445, 310.187
73.3911, 310.187
73.4086, 310.187
73.4206, 310.187
73.4627, 310.187
73.4913, 310.187
73.5256, 310.187
73.5344, 310.187
73.5547, 310.187
73.5975, 310.187
73.6158, 310.187
73.6843, 310.187
73.7171, 310.187
73.7412, 310.187
73.7688, 310.187
73.8079, 310.188
73.816, 310.188
73.8608, 310.188
73.8614, 310.188
73.8931, 310.188
73.9133, 310.188
73.9339, 310.188
73.9386, 310.188
73.9724, 310.188
73.9942, 310.188
74.025, 310.188
74.0792, 310.188
74.0842, 310.188
74.1456, 310.188
74.1518, 310.188
74.1716, 310.188
74.1927, 310.188
74.2019, 310.188
74.253, 310.188
74.2695, 310.188
74.3124, 310.189
74.3207, 310.189
74.3499, 310.189
74.3663, 310.189
74.4083, 310.189
74.4247, 310.189
74.4693, 310.189
74.4934, 310.189
74.5025, 310.189
74.507, 310.189
74.5104, 310.189
74.547, 310.189
74.5559, 310.189
74.5954, 310.189
74.6157, 310.189
74.6581, 310.189
74.7065, 310.189
74.7083, 310.189
74.7087, 310.189
74.7508, 310.189
74.7604, 310.189
74.7958, 310.19
74.8354, 310.19
74.841, 310.19
74.876, 310.19
74.8779, 310.19
74.9426, 310.19
74.9571, 310.19
74.9702, 310.19
75.0134, 310.19
75.02, 310.19
75.0246, 310.19
75.0942, 310.19
75.1224, 310.19
75.1334, 310.19
75.1812, 310.19
75.1979, 310.19
75.2229, 310.19
75.2291, 310.19
75.2417, 310.191
75.2834, 310.191
75.3111, 310.191
75.3382, 310.191
75.3757, 310.191
75.3912, 310.191
75.4391, 310.191
75.4874, 310.191
75.4979, 310.191
75.5123, 310.191
75.5571, 310.191
75.5933, 310.191
75.6072, 310.191
75.66, 310.191
75.6863, 310.192
75.7109, 310.192
75.7356, 310.192
75.7498, 310.192
75.7875, 310.192
75.8211, 310.192
75.8344, 310.192
75.8681, 310.192
75.9097, 310.192
75.923, 310.192
75.995, 310.192
76.0018, 310.192
76.0639, 310.192
76.0647, 310.192
76.0652, 310.192
76.0981, 310.192
76.0989, 310.192
76.1315, 310.193
76.1498, 310.193
76.1888, 310.193
76.1921, 310.193
76.2389, 310.193
76.2772, 310.193
76.3046, 310.193
76.3811, 310.193
76.3823, 310.193
76.4139, 310.193
76.432, 310.193
76.4388, 310.193
76.4616, 310.193
76.4811, 310.193
76.5116, 310.193
76.5377, 310.194
76.5575, 310.194
76.5752, 310.194
76.6019, 310.194
76.6458, 310.194
76.6678, 310.194
76.7055, 310.194
76.736, 310.194
76.7544, 310.194
76.7647, 310.194
76.7931, 310.194
76.8099, 310.194
76.8161, 310.194
76.8396, 310.194
76.9169, 310.194
76.9204, 310.194
76.9257, 310.194
76.9647, 310.195
76.9872, 310.195
77.0202, 310.195
77.0444, 310.195
77.0563, 310.195
77.0759, 310.195
77.1457, 310.195
77.1469, 310.195
77.1699, 310.195
77.2067, 310.195
77.2083, 310.195
77.2238, 310.195
77.2559, 310.195
77.2775, 310.195
77.2929, 310.195
77.3349, 310.195
77.3888, 310.196
77.4079, 310.196
77.4394, 310.196
77.4424, 310.196
77.4597, 310.196
77.4917, 310.196
77.5325, 310.196
77.5566, 310.196
77.5577, 310.196
77.5586, 310.196
77.6252, 310.196
77.6336, 310.196
77.646, 310.196
77.7049, 310.196
77.7331, 310.197
77.746, 310.197
77.8108, 310.197
77.821, 310.197
77.8552, 310.197
77.8674, 310.197
77.9, 310.197
77.9215, 310.197
77.9471, 310.197
77.9611, 310.197
78.0073, 310.197
78.0487, 310.197
78.0679, 310.197
78.0992, 310.198
78.124, 310.198
78.1631, 310.198
78.1718, 310.198
78.2001, 310.198
78.2137, 310.198
78.2422, 310.198
78.2626, 310.198
78.2683, 310.198
78.3083, 310.198
78.3208, 310.198
78.3722, 310.198
78.4122, 310.198
78.4236, 310.198
78.4634, 310.199
78.4705, 310.199
78.5301, 310.199
78.5412, 310.199
78.5611, 310.199
78.5894, 310.199
78.6311, 310.199
78.6659, 310.199
78.6695, 310.199
78.7278, 310.199
78.7532, 310.199
78.7622, 310.199
78.7826, 310.199
78.7925, 310.199
78.8172, 310.2
78.8215, 310.2
78.8441, 310.2
78.8564, 310.2
78.8784, 310.2
78.8906, 310.2
78.9272, 310.2
78.9529, 310.2
78.9728, 310.2
79.0348, 310.2
79.0384, 310.2
79.0716, 310.2
79.1253, 310.2
79.1817, 310.201
79.1913, 310.201
79.1926, 310.201
79.1997, 310.201
79.2504, 310.201
79.264, 310.201
79.3051, 310.201
79.3267, 310.201
79.3505, 310.201
79.3711, 310.201
79.3964, 310.201
79.4159, 310.201
79.4665, 310.201
79.4866, 310.201
79.5037, 310.202
79.5468, 310.202
79.5548, 310.202
79.6132, 310.202
79.6275, 310.202
79.6744, 310.202
79.7048, 310.202
79.7435, 310.202
79.8092, 310.202
79.8104, 310.202
79.8463, 310.203
79.8652, 310.203
79.8839, 310.203
79.9242, 310.203
79.9771, 310.203
79.9834, 310.203
80.0278, 310.203
80.0657, 310.203
80.0782, 310.203
80.0927, 310.203
80.1297, 310.203
80.1748, 310.204
80.1962, 310.204
80.2232, 310.204
80.2555, 310.204
80.2741, 310.204
80.2964, 310.204
80.3241, 310.204
80.3248, 310.204
80.3261, 310.204
80.3814, 310.204
80.392, 310.204
80.4211, 310.204
80.4569, 310.205
80.4622, 310.205
80.4715, 310.205
80.5001, 310.205
80.5256, 310.205
80.5818, 310.205
80.6116, 310.205
80.6355, 310.205
80.6635, 310.205
80.684, 310.205
80.7138, 310.205
80.7359, 310.205
80.7614, 310.206
80.7878, 310.206
80.8095, 310.206
80.8414, 310.206
80.8602, 310.206
80.8908, 310.206
80.9363, 310.206
80.9637, 310.206
81.0525, 310.207
81.0552, 310.207
81.0565, 310.207
81.1275, 310.207
81.1478, 310.207
81.1798, 310.207
81.181, 310.207
81.1823, 310.207
81.1894, 310.207
81.2558, 310.207
81.2938, 310.207
81.3192, 310.207
81.3226, 310.207
81.3361, 310.207
81.383, 310.208
81.4291, 310.208
81.4582, 310.208
81.4831, 310.208
81.5172, 310.208
81.5334, 310.208
81.5592, 310.208
81.585, 310.208
81.6115, 310.208
81.6249, 310.208
81.6704, 310.209
81.7038, 310.209
81.7168, 310.209
81.7362, 310.209
81.7605, 310.209
81.7796, 310.209
81.8388, 310.209
81.8635, 310.209
81.9094, 310.21
81.9602, 310.21
81.9643, 310.21
81.966, 310.21
81.9675, 310.21
81.9713, 310.21
81.9898, 310.21
82.0183, 310.21
82.0215, 310.21
82.0287, 310.21
82.0831, 310.21
82.0988, 310.21
82.1527, 310.21
82.174, 310.21
82.1838, 310.211
82.1938, 310.211
82.2405, 310.211
82.2869, 310.211
82.2979, 310.211
82.3305, 310.211
82.3366, 310.211
82.3562, 310.211
82.3681, 310.211
82.4093, 310.211
82.4491, 310.211
82.4519, 310.211
82.4531, 310.212
82.4549, 310.212
82.4889, 310.212
82.5494, 310.212
82.5557, 310.212
82.5636, 310.212
82.576, 310.212
82.616, 310.212
82.6305, 310.212
82.6712, 310.212
82.6912, 310.212
82.7163, 310.213
82.7631, 310.213
82.772, 310.213
82.7752, 310.213
82.8305, 310.213
82.8631, 310.213
82.8697, 310.213
82.8716, 310.213
82.8754, 310.213
82.932, 310.213
82.9723, 310.213
83.0077, 310.214
83.0218, 310.214
83.0278, 310.214
83.0845, 310.214
83.1201, 310.214
83.1205, 310.214
83.1692, 310.214
83.1732, 310.214
83.2349, 310.215
83.2379, 310.215
83.3065, 310.215
83.3276, 310.215
83.3467, 310.215
83.3804, 310.215
83.3936, 310.215
83.4424, 310.215
83.446, 310.215
83.4523, 310.215
83.4784, 310.216
83.4944, 310.216
83.5565, 310.216
83.5881, 310.216
83.6216, 310.216
83.6537, 310.216
83.7552, 310.217
83.7702, 310.217
83.8181, 310.217
83.8488, 310.217
83.8795, 310.217
83.9191, 310.217
83.9458, 310.217
84.0043, 310.218
84.0678, 310.218
84.0851, 310.218
84.1206, 310.218
84.1534, 310.218
84.1748, 310.218
84.1973, 310.219
84.2141, 310.219
84.2517, 310.219
84.2784, 310.219
84.2891, 310.219
84.3426, 310.219
84.3928, 310.219
84.3946, 310.219
84.3956, 310.219
84.4014, 310.219
84.4575, 310.22
84.5, 310.22
84.5504, 310.22
84.5518, 310.22
84.5821, 310.22
84.6217, 310.22
84.6261, 310.22
84.6669, 310.221
84.6872, 310.221
84.7161, 310.221
84.7501, 310.221
84.7504, 310.221
84.7505, 310.221
84.7934, 310.221
84.8101, 310.221
84.8285, 310.221
84.8472, 310.221
84.8572, 310.221
84.8694, 310.221
84.8801, 310.222
84.8908, 310.222
84.9181, 310.222
84.9268, 310.222
84.971, 310.222
84.9763, 310.222
85.0039, 310.222
85.047, 310.222
85.0941, 310.222
85.0995, 310.223
85.106, 310.223
85.141, 310.223
85.1858, 310.223
85.2037, 310.223
85.2274, 310.223
85.3045, 310.223
85.3148, 310.224
85.3265, 310.224
85.3649, 310.224
85.3826, 310.224
85.4534, 310.224
85.4639, 310.224
85.4817, 310.224
85.5004, 310.224
85.5286, 310.225
85.5393, 310.225
85.5451, 310.225
85.6048, 310.225
85.6082, 310.225
85.63, 310.225
85.6483, 310.225
85.678, 310.225
85.6808, 310.225
85.7233, 310.225
85.7541, 310.226
85.7946, 310.226
85.806, 310.226
85.8425, 310.226
85.8569, 310.226
85.8733, 310.226
85.8885, 310.226
85.9187, 310.226
85.9578, 310.227
85.9778, 310.227
86.0096, 310.227
86.017, 310.227
86.0522, 310.227
86.0633, 310.227
86.0655, 310.227
86.0892, 310.227
86.1112, 310.227
86.1546, 310.228
86.171, 310.228
86.2124, 310.228
86.2522, 310.228
86.2525, 310.228
86.2527, 310.228
86.2536, 310.228
86.3235, 310.228
86.3828, 310.229
86.4095, 310.229
86.4113, 310.229
86.4234, 310.229
86.4432, 310.229
86.4576, 310.229
86.4793, 310.229
86.512, 310.229
86.5324, 310.229
86.5401, 310.23
86.5516, 310.23
86.5817, 310.23
86.6055, 310.23
86.608, 310.23
86.6413, 310.23
86.6613, 310.23
86.6907, 310.23
86.699, 310.23
86.7007, 310.23
86.7601, 310.231
86.7929, 310.231
86.8049, 310.231
86.8149, 310.231
86.8373, 310.231
86.8885, 310.231
86.9289, 310.232
86.9295, 310.232
86.9651, 310.232
86.9895, 310.232
87.0444, 310.232
87.0457, 310.232
87.0506, 310.232
87.0958, 310.232
87.0985, 310.232
87.1423, 310.233
87.1668, 310.233
87.1794, 310.233
87.2422, 310.233
87.2488, 310.233
87.2824, 310.233
87.2984, 310.234
87.356, 310.234
87.3702, 310.234
87.3833, 310.234
87.4454, 310.234
87.4573, 310.234
87.4709, 310.234
87.4842, 310.235
87.4927, 310.235
87.516, 310.235
87.5702, 310.235
87.587, 310.235
87.6448, 310.235
87.646, 310.235
87.692, 310.236
87.7395, 310.236
87.7419, 310.236
87.7457, 310.236
87.7904, 310.236
87.8306, 310.236
87.8726, 310.237
87.9089, 310.237
87.9165, 310.237
87.961, 310.237
87.9624, 310.237
88.0071, 310.238
88.0136, 310.238
88.0532, 310.238
88.0916, 310.238
88.1074, 310.238
88.1269, 310.238
88.1538, 310.238
88.1725, 310.238
88.2097, 310.239
88.2161, 310.239
88.2412, 310.239
88.2466, 310.239
88.2761, 310.239
88.3045, 310.239
88.32, 310.239
88.3735, 310.24
88.4123, 310.24
88.4212, 310.24
88.4258, 310.24
88.4282, 310.24
88.4511, 310.24
88.4764, 310.24
88.5526, 310.241
88.584, 310.241
88.6034, 310.241
88.6196, 310.241
88.644, 310.241
88.6697, 310.241
88.7097, 310.242
88.72, 310.242
88.7264, 310.242
88.7566, 310.242
88.7849, 310.242
88.8108, 310.242
88.8574, 310.243
88.8824, 310.243
88.9138, 310.243
88.9319, 310.243
88.9584, 310.243
88.9763, 310.243
88.9864, 310.243
89.0222, 310.244
89.0746, 310.244
89.0861, 310.244
89.1054, 310.244
89.1229, 310.244
89.1505, 310.244
89.1704, 310.245
89.2186, 310.245
89.2349, 310.245
89.2707, 310.245
89.3285, 310.246
89.3294, 310.246
89.3298, 310.246
89.3801, 310.246
89.3899, 310.246
89.4103, 310.246
89.4218, 310.246
89.4319, 310.246
89.4929, 310.247
89.5267, 310.247
89.5501, 310.247
89.5837, 310.247
89.5873, 310.247
89.6, 310.247
89.6361, 310.248
89.6438, 310.248
89.6469, 310.248
89.6825, 310.248
89.687, 310.248
89.7049, 310.248
89.7182, 310.248
89.7319, 310.248
89.7585, 310.248
89.7983, 310.249
89.8252, 310.249
89.8729, 310.249
89.8949, 310.249
89.9112, 310.249
89.9432, 310.25
89.9709, 310.25
90.0125, 310.25
90.0516, 310.25
90.0952, 310.251
90.1129, 310.251
90.1172, 310.251
90.1481, 310.251
90.172, 310.251
90.2075, 310.251
90.2177, 310.251
90.2666, 310.252
90.2741, 310.252
90.329, 310.252
90.3578, 310.252
90.3691, 310.253
90.3929, 310.253
90.3996, 310.253
90.402, 310.253
90.4314, 310.253
90.4479, 310.253
90.4737, 310.253
90.4887, 310.253
90.5441, 310.254
90.5538, 310.254
90.5829, 310.254
90.5996, 310.254
90.6617, 310.255
90.6625, 310.255
90.6637, 310.255
90.6921, 310.255
90.7305, 310.255
90.7372, 310.255
90.7917, 310.256
90.7938, 310.256
90.8282, 310.256
90.8924, 310.256
90.9577, 310.257
90.9651, 310.257
90.9664, 310.257
90.9683, 310.257
90.993, 310.257
91.0083, 310.257
91.0427, 310.257
91.0641, 310.258
91.0938, 310.258
91.1237, 310.258
91.1686, 310.258
91.1985, 310.259
91.2118, 310.259
91.2506, 310.259
91.2594, 310.259
91.2668, 310.259
91.3187, 310.259
91.3272, 310.259
91.3767, 310.26
91.3875, 310.26
91.4346, 310.26
91.4714, 310.261
91.4833, 310.261
91.4923, 310.261
91.5237, 310.261
91.575, 310.261
91.5983, 310.262
91.6097, 310.262
91.6568, 310.262
91.6571, 310.262
91.6663, 310.262
91.699, 310.262
91.6999, 310.262
91.7017, 310.262
91.7597, 310.263
91.7795, 310.263
91.8044, 310.263
91.85, 310.264
91.851, 310.264
91.8528, 310.264
91.9017, 310.264
91.928, 310.264
91.9593, 310.264
91.9732, 310.265
91.9902, 310.265
92.0075, 310.265
92.0463, 310.265
92.0571, 310.265
92.0609, 310.265
92.0774, 310.265
92.0924, 310.265
92.1081, 310.266
92.138, 310.266
92.178, 310.266
92.1811, 310.266
92.2346, 310.267
92.2539, 310.267
92.2601, 310.267
92.3025, 310.267
92.3169, 310.267
92.3332, 310.267
92.3598, 310.268
92.3899, 310.268
92.3949, 310.268
92.4257, 310.268
92.4309, 310.268
92.4388, 310.268
92.463, 310.269
92.4945, 310.269
92.5297, 310.269
92.5402, 310.269
92.592, 310.27
92.5968, 310.27
92.6544, 310.27
92.6646, 310.27
92.6837, 310.27
92.7073, 310.271
92.7151, 310.271
92.7632, 310.271
92.7667, 310.271
92.8235, 310.272
92.8263, 310.272
92.8347, 310.272
92.8728, 310.272
92.8862, 310.272
92.892, 310.272
92.9221, 310.272
92.9525, 310.273
92.9551, 310.273
92.9942, 310.273
93.011, 310.273
93.0336, 310.273
93.057, 310.274
93.0617, 310.274
93.069, 310.274
93.0892, 310.274
93.151, 310.274
93.1817, 310.275
93.2233, 310.275
93.2245, 310.275
93.2268, 310.275
93.286, 310.276
93.332, 310.276
93.3502, 310.276
93.3752, 310.276
93.3905, 310.277
93.4169, 310.277
93.4247, 310.277
93.4338, 310.277
93.4744, 310.277
93.5197, 310.278
93.5327, 310.278
93.5602, 310.278
93.5719, 310.278
93.5909, 310.278
93.6301, 310.279
93.6771, 310.279
93.6975, 310.279
93.7178, 310.28
93.7251, 310.28
93.7428, 310.28
93.7721, 310.28
93.7879, 310.28
93.8077, 310.28
93.8225, 310.281
93.8488, 310.281
93.8721, 310.281
93.9, 310.281
93.9231, 310.282
93.9679, 310.282
94.013, 310.282
94.0203, 310.282
94.0957, 310.283
94.1035, 310.283
94.1117, 310.283
94.1556, 310.284
94.176, 310.284
94.2061, 310.284
94.2114, 310.284
94.2135, 310.284
94.2395, 310.285
94.2571, 310.285
94.2593, 310.285
94.3013, 310.285
94.3485, 310.286
94.3498, 310.286
94.35, 310.286
94.3524, 310.286
94.3994, 310.286
94.4148, 310.286
94.4591, 310.287
94.4859, 310.287
94.5202, 310.287
94.5741, 310.288
94.6081, 310.288
94.622, 310.288
94.6248, 310.288
94.6518, 310.289
94.6958, 310.289
94.7714, 310.29
94.7727, 310.29
94.7729, 310.29
94.8151, 310.29
94.8575, 310.291
94.8825, 310.291
94.9309, 310.292
94.9407, 310.292
94.9774, 310.292
95.0054, 310.292
95.0536, 310.293
95.0862, 310.293
95.1027, 310.293
95.1176, 310.294
95.1378, 310.294
95.1718, 310.294
95.1955, 310.294
95.2518, 310.295
95.2557, 310.295
95.3157, 310.296
95.3273, 310.296
95.3581, 310.296
95.4118, 310.297
95.4198, 310.297
95.465, 310.297
95.487, 310.298
95.4976, 310.298
95.5266, 310.298
95.5518, 310.298
95.5841, 310.299
95.6108, 310.299
95.6495, 310.299
95.6946, 310.3
95.696, 310.3
95.7253, 310.3
95.736, 310.3
95.7742, 310.301
95.8038, 310.301
95.8158, 310.301
95.8326, 310.302
95.8469, 310.302
95.8809, 310.302
95.8927, 310.302
95.934, 310.303
95.955, 310.303
96.0328, 310.304
96.0561, 310.304
96.068, 310.304
96.0873, 310.304
96.1055, 310.305
96.1221, 310.305
96.1475, 310.305
96.1986, 310.306
96.2323, 310.306
96.2541, 310.306
96.2664, 310.307
96.309, 310.307
96.3458, 310.308
96.3713, 310.308
96.3936, 310.308
96.4437, 310.309
96.4633, 310.309
96.4867, 310.309
96.5255, 310.31
96.5361, 310.31
96.5741, 310.31
96.6177, 310.311
96.633, 310.311
96.6424, 310.311
96.6816, 310.312
96.7365, 310.312
96.7481, 310.313
96.7872, 310.313
96.8423, 310.314
96.8617, 310.314
96.9076, 310.315
96.9446, 310.315
96.9663, 310.315
96.9982, 310.316
97.0046, 310.316
97.066, 310.317
97.1071, 310.317
97.1194, 310.317
97.1722, 310.318
97.177, 310.318
97.2174, 310.319
97.257, 310.319
97.2859, 310.319
97.3142, 310.32
97.3435, 310.32
97.3447, 310.32
97.3981, 310.321
97.4282, 310.321
97.4831, 310.322
97.4994, 310.322
97.5528, 310.323
97.567, 310.323
97.6012, 310.324
97.605, 310.324
97.6147, 310.324
97.6402, 310.324
97.6637, 310.325
97.6821, 310.325
97.6908, 310.325
97.7303, 310.325
97.7431, 310.326
97.8083, 310.327
97.8451, 310.327
97.8762, 310.328
97.9295, 310.328
97.9393, 310.328
97.9439, 310.328
97.9479, 310.329
97.9814, 310.329
98.0135, 310.329
98.0865, 310.33
98.0901, 310.331
98.1486, 310.331
98.1587, 310.332
98.1878, 310.332
98.1961, 310.332
98.2551, 310.333
98.2573, 310.333
98.261, 310.333
98.3108, 310.334
98.3634, 310.335
98.3898, 310.335
98.4079, 310.335
98.4564, 310.336
98.4616, 310.336
98.5056, 310.337
98.5763, 310.338
98.603, 310.338
98.6218, 310.338
98.6703, 310.339
98.6835, 310.339
98.7163, 310.34
98.7238, 310.34
98.7432, 310.34
98.7649, 310.341
98.831, 310.342
98.831, 310.342
98.8313, 310.342
98.8829, 310.342
98.8841, 310.342
98.9071, 310.343
98.9255, 310.343
98.9263, 310.343
98.9338, 310.343
98.9852, 310.344
99.0119, 310.344
99.0454, 310.345
99.0751, 310.345
99.0918, 310.346
99.1339, 310.346
99.1892, 310.347
99.1936, 310.347
99.2021, 310.347
99.2281, 310.348
99.2813, 310.348
99.2957, 310.349
99.3047, 310.349
99.3325, 310.349
99.3824, 310.35
99.3855, 310.35
99.3991, 310.35
99.4641, 310.351
99.4797, 310.352
99.4879, 310.352
99.4984, 310.352
99.5266, 310.352
99.5671, 310.353
99.585, 310.353
99.6037, 310.354
99.6419, 310.354
99.6801, 310.355
99.7075, 310.355
99.7401, 310.356
99.7946, 310.357
99.8119, 310.357
99.8176, 310.357
99.8281, 310.357
99.8798, 310.358
99.8971, 310.358
99.9423, 310.359
99.9432, 310.359
99.9436, 310.359
100.002, 310.36
100.027, 310.36
100.086, 310.361
100.09, 310.361
100.143, 310.362
100.185, 310.363
100.203, 310.363
100.233, 310.364
100.272, 310.364
100.306, 310.365
100.352, 310.366
100.363, 310.366
100.405, 310.366
100.455, 310.367
100.475, 310.368
100.498, 310.368
100.512, 310.368
100.554, 310.369
100.595, 310.37
100.628, 310.37
100.647, 310.37
100.673, 310.371
100.712, 310.371
100.753, 310.372
100.773, 310.372
100.797, 310.373
100.856, 310.374
100.865, 310.374
100.873, 310.374
100.926, 310.375
100.951, 310.375
100.995, 310.376
101.01, 310.376
101.04, 310.377
101.097, 310.378
101.12, 310.378
101.174, 310.379
101.19, 310.379
101.196, 310.379
101.226, 310.38
101.268, 310.38
101.271, 310.38
101.301, 310.381
101.336, 310.381
101.357, 310.382
101.406, 310.382
101.428, 310.383
101.438, 310.383
101.464, 310.383
101.475, 310.384
101.523, 310.384
101.542, 310.385
101.572, 310.385
101.624, 310.386
101.669, 310.387
101.671, 310.387
101.716, 310.387
101.733, 310.387
101.775, 310.388
101.779, 310.388
101.783, 310.388
101.816, 310.389
101.864, 310.389
101.895, 310.39
101.923, 310.39
101.942, 310.391
101.974, 310.391
102.005, 310.392
102.027, 310.392
102.041, 310.392
102.086, 310.393
102.102, 310.393
102.16, 310.394
102.164, 310.394
102.179, 310.394
102.227, 310.395
102.281, 310.396
102.297, 310.396
102.338, 310.397
102.368, 310.397
102.426, 310.398
102.463, 310.398
102.531, 310.399
102.54, 310.399
102.548, 310.4
102.581, 310.4
102.599, 310.4
102.631, 310.401
102.659, 310.401
102.66, 310.401
102.682, 310.401
102.683, 310.402
102.698, 310.402
102.705, 310.402
102.727, 310.402
102.784, 310.403
102.812, 310.403
102.841, 310.404
102.864, 310.404
102.916, 310.405
102.917, 310.405
102.921, 310.405
102.963, 310.405
103.026, 310.406
103.029, 310.406
103.053, 310.407
103.069, 310.407
103.08, 310.407
103.115, 310.407
103.143, 310.408
103.157, 310.408
103.217, 310.409
103.22, 310.409
103.225, 310.409
103.273, 310.41
103.315, 310.41
103.327, 310.41
103.363, 310.411
103.379, 310.411
103.438, 310.412
103.47, 310.412
103.477, 310.412
103.49, 310.412
103.501, 310.413
103.545, 310.413
103.57, 310.413
103.59, 310.414
103.621, 310.414
103.66, 310.415
103.669, 310.415
103.676, 310.415
103.704, 310.415
103.744, 310.416
103.765, 310.416
103.785, 310.416
103.847, 310.417
103.852, 310.417
103.919, 310.418
103.926, 310.418
103.93, 310.418
103.989, 310.419
104.06, 310.419
104.091, 310.42
104.102, 310.42
104.109, 310.42
104.15, 310.42
104.181, 310.421
104.254, 310.422
104.255, 310.422
104.257, 310.422
104.319, 310.422
104.336, 310.423
104.377, 310.423
104.394, 310.423
104.419, 310.424
104.477, 310.424
104.489, 310.424
104.511, 310.425
104.561, 310.425
104.579, 310.425
104.595, 310.425
104.63, 310.426
104.648, 310.426
104.69, 310.426
104.751, 310.427
104.752, 310.427
104.757, 310.427
104.79, 310.427
104.847, 310.428
104.861, 310.428
104.9, 310.429
104.919, 310.429
104.938, 310.429
104.971, 310.429
105.012, 310.43
105.014, 310.43
105.028, 310.43
105.055, 310.43
105.061, 310.43
105.088, 310.43
105.089, 310.43
105.098, 310.431
105.131, 310.431
105.178, 310.431
105.222, 310.432
105.245, 310.432
105.259, 310.432
105.282, 310.432
105.288, 310.432
105.293, 310.432
105.317, 310.433
105.357, 310.433
105.417, 310.433
105.438, 310.434
105.455, 310.434
105.471, 310.434
105.507, 310.434
105.52, 310.434
105.57, 310.435
105.578, 310.435
105.591, 310.435
105.636, 310.435
105.677, 310.436
105.682, 310.436
105.725, 310.436
105.736, 310.436
105.786, 310.437
105.802, 310.437
105.831, 310.437
105.86, 310.437
105.868, 310.437
105.894, 310.437
105.916, 310.438
105.979, 310.438
106.012, 310.438
106.027, 310.438
106.059, 310.439
106.093, 310.439
106.115, 310.439
106.146, 310.439
106.192, 310.44
106.194, 310.44
106.229, 310.44
106.256, 310.44
106.298, 310.44
106.321, 310.44
106.327, 310.44
106.335, 310.441
106.395, 310.441
106.412, 310.441
106.457, 310.441
106.492, 310.442
106.5, 310.442
106.507, 310.442
106.558, 310.442
106.624, 310.442
106.664, 310.443
106.673, 310.443
106.722, 310.443
106.76, 310.443
106.776, 310.443
106.785, 310.443
106.82, 310.443
106.856, 310.444
106.886, 310.444
106.933, 310.444
106.945, 310.444
106.969, 310.444
107.013, 310.444
107.073, 310.445
107.081, 310.445
107.131, 310.445
107.149, 310.445
107.206, 310.445
107.211, 310.445
107.243, 310.445
107.248, 310.446
107.27, 310.446
107.28, 310.446
107.327, 310.446
107.365, 310.446
107.386, 310.446
107.419, 310.446
107.433, 310.446
107.452, 310.446
107.485, 310.446
107.508, 310.447
107.559, 310.447
107.588, 310.447
107.605, 310.447
107.615, 310.447
107.639, 310.447
107.642, 310.447
107.688, 310.447
107.722, 310.447
107.746, 310.447
107.769, 310.447
107.788, 310.448
107.831, 310.448
107.842, 310.448
107.893, 310.448
107.921, 310.448
107.947, 310.448
107.961, 310.448
107.976, 310.448
108.02, 310.448
108.028, 310.448
108.081, 310.448
108.12, 310.448
108.135, 310.448
108.143, 310.448
108.194, 310.449
108.214, 310.449
108.259, 310.449
108.266, 310.449
108.308, 310.449
108.31, 310.449
108.338, 310.449
108.377, 310.449
108.396, 310.449
108.432, 310.449
108.468, 310.449
108.494, 310.449
108.522, 310.449
108.534, 310.449
108.591, 310.449
108.597, 310.449
108.605, 310.449
108.644, 310.449
108.678, 310.449
108.698, 310.449
108.727, 310.45
108.728, 310.45
108.728, 310.45
108.764, 310.45
108.787, 310.45
108.805, 310.45
108.818, 310.45
108.841, 310.45
108.869, 310.45
108.882, 310.45
108.918, 310.45
108.953, 310.45
108.979, 310.45
108.987, 310.45
108.999, 310.45
109.029, 310.45
109.037, 310.45
109.066, 310.45
109.079, 310.45
109.123, 310.45
109.135, 310.45
109.174, 310.45
109.177, 310.45
109.183, 310.45
109.239, 310.45
109.277, 310.45
109.283, 310.45
109.305, 310.45
109.311, 310.45
109.355, 310.45
109.358, 310.45
109.359, 310.45
109.36, 310.45
109.399, 310.45
109.434, 310.45
109.444, 310.45
109.485, 310.45
109.496, 310.45
109.517, 310.45
109.543, 310.45
109.568, 310.45
109.581, 310.45
109.621, 310.45
109.66, 310.45
109.672, 310.45
109.674, 310.45
109.7, 310.45
109.715, 310.45
109.728, 310.45
109.761, 310.45
109.814, 310.45
109.827, 310.45
109.859, 310.45
109.863, 310.45
109.932, 310.45
110, 310.45
110.137, 310.447
110.228, 310.445
110.258, 310.444
110.369, 310.443
110.482, 310.441
110.657, 310.44
110.693, 310.44
110.986, 310.438
111, 310.438


