X,T
6.61744e-18, 310.15
0.218929, 310.15
0.550309, 310.15
0.594245, 310.15
0.63223, 310.15
1.0221, 310.15
1.09653, 310.15
1.3127, 310.15
1.50767, 310.15
1.82249, 310.15
1.84818, 310.15
1.89406, 310.15
2.39258, 310.15
2.59809, 310.15
2.80939, 310.15
3.03114, 310.15
3.23573, 310.15
3.44789, 310.15
3.48652, 310.15
3.63828, 310.15
4.11593, 310.15
4.19606, 310.15
4.40834, 310.15
4.79507, 310.15
4.9333, 310.151
5.34396, 310.151
5.57963, 310.151
5.64073, 310.151
5.79769, 310.151
5.90374, 310.151
6.46707, 310.151
6.64901, 310.151
7.06043, 310.151
7.21256, 310.151
7.25458, 310.151
7.45405, 310.151
7.502, 310.151
8.11755, 310.151
8.16551, 310.151
8.53045, 310.151
8.62974, 310.151
8.83777, 310.151
9.14863, 310.151
9.21694, 310.151
9.2713, 310.151
9.65989, 310.151
9.99864, 310.151
10.2615, 310.151
10.4199, 310.151
10.4832, 310.151
10.7966, 310.151
10.8691, 310.151
11.0844, 310.151
11.3109, 310.151
11.574, 310.151
11.6794, 310.151
11.8032, 310.151
11.9853, 310.151
12.3235, 310.151
12.3982, 310.151
12.4175, 310.151
12.4711, 310.151
12.9605, 310.151
13.342, 310.151
13.5497, 310.151
13.659, 310.151
14.125, 310.151
14.1801, 310.151
14.6647, 310.151
14.76, 310.151
14.9756, 310.151
15.0007, 310.151
15.3889, 310.151
15.4864, 310.151
15.5638, 310.151
16.0141, 310.151
16.0475, 310.151
16.7868, 310.151
16.8102, 310.151
16.8267, 310.151
16.8577, 310.151
16.89, 310.151
16.9053, 310.151
16.947, 310.152
17.0954, 310.152
17.6533, 310.152
17.8684, 310.152
18.1183, 310.152
18.4107, 310.152
18.44, 310.152
18.7679, 310.152
18.781, 310.152
19.2986, 310.152
19.6503, 310.152
19.6862, 310.152
19.7037, 310.152
19.8208, 310.152
20.2753, 310.152
20.5018, 310.152
20.5736, 310.152
20.8955, 310.152
21.1019, 310.152
21.2044, 310.152
21.3189, 310.152
21.7144, 310.153
21.7239, 310.153
21.7306, 310.153
22.0058, 310.153
22.363, 310.153
22.5026, 310.153
22.5691, 310.153
22.7206, 310.153
22.9654, 310.153
23.1356, 310.153
23.5455, 310.153
23.5616, 310.153
23.5836, 310.153
24.037, 310.153
24.1319, 310.153
24.3547, 310.154
24.8164, 310.154
24.8368, 310.154
24.9714, 310.154
25.3511, 310.154
25.6705, 310.154
25.7847, 310.154
25.8695, 310.154
26.3709, 310.154
26.4035, 310.154
26.4737, 310.155
26.8378, 310.155
26.8816, 310.155
27.1544, 310.155
27.2015, 310.155
27.5661, 310.155
27.8455, 310.155
28.0003, 310.155
28.0412, 310.155
28.3352, 310.156
28.4807, 310.156
28.7955, 310.156
29.0975, 310.156
29.1346, 310.156
29.1527, 310.156
29.587, 310.157
29.8672, 310.157
30.3046, 310.157
30.3454, 310.157
30.4202, 310.157
30.6629, 310.157
30.9181, 310.158
31.061, 310.158
31.1452, 310.158
31.2318, 310.158
31.263, 310.158
31.4288, 310.158
31.4665, 310.158
31.5333, 310.158
31.816, 310.159
31.8832, 310.159
31.972, 310.159
32.4293, 310.159
32.4431, 310.159
32.6588, 310.16
33.1046, 310.16
33.2266, 310.16
33.5126, 310.161
33.7384, 310.161
33.7732, 310.161
33.9857, 310.161
34.1117, 310.162
34.438, 310.162
34.6161, 310.162
34.7378, 310.162
34.8568, 310.163
35.286, 310.163
35.4638, 310.164
35.8273, 310.164
35.8558, 310.164
36.0342, 310.165
36.0868, 310.165
37.0021, 310.167
37.0041, 310.167
37.0085, 310.167
37.3371, 310.167
37.6716, 310.168
37.7801, 310.168
38.0592, 310.169
38.2015, 310.169
38.3019, 310.17
38.4377, 310.17
38.807, 310.171
38.8196, 310.171
38.8365, 310.171
39.1903, 310.172
39.5504, 310.173
39.5622, 310.173
39.5691, 310.173
39.9789, 310.174
40.2294, 310.175
40.3863, 310.176
40.5716, 310.176
40.8754, 310.178
41.2023, 310.179
41.2219, 310.179
41.267, 310.179
41.3313, 310.179
41.4548, 310.18
41.5281, 310.18
41.8809, 310.181
42.0773, 310.182
42.1162, 310.182
42.395, 310.184
42.4632, 310.184
42.8927, 310.186
42.9779, 310.186
43.1941, 310.187
43.77, 310.191
43.7876, 310.191
43.8095, 310.191
43.819, 310.191
43.8612, 310.191
44.4594, 310.195
44.5321, 310.195
44.9012, 310.197
44.9892, 310.198
45.0127, 310.198
45.0645, 310.199
45.1188, 310.199
45.1803, 310.199
45.9582, 310.205
46.2566, 310.207
46.3333, 310.208
46.3972, 310.208
46.7096, 310.211
46.7535, 310.211
46.8871, 310.213
47.3672, 310.217
47.6186, 310.219
48.1408, 310.225
48.196, 310.225
48.2549, 310.226
48.7849, 310.232
49.0936, 310.236
49.1162, 310.236
49.2079, 310.237
49.3066, 310.239
49.3718, 310.239
50.1248, 310.25
50.163, 310.25
50.2722, 310.252
50.4819, 310.255
50.8833, 310.262
50.9845, 310.263
51.2781, 310.269
51.5548, 310.274
51.5722, 310.274
51.9915, 310.283
52.2132, 310.287
52.3394, 310.29
52.416, 310.291
52.4589, 310.292
52.8136, 310.3
53.2464, 310.311
53.4094, 310.315
53.4628, 310.317
53.5635, 310.319
53.8184, 310.327
54.3386, 310.343
54.4645, 310.346
54.839, 310.36
54.8561, 310.361
55.222, 310.374
55.2973, 310.376
55.5022, 310.385
55.9584, 310.404
56.3453, 310.423
56.4304, 310.427
56.7283, 310.443
56.985, 310.46
57.3087, 310.481
57.4281, 310.489
57.5979, 310.502
57.669, 310.507
57.7033, 310.51
57.853, 310.525
57.8712, 310.527
57.882, 310.528
58, 310.541
58.0443, 310.541
58.0895, 310.542
58.0966, 310.542
58.1251, 310.542
58.1477, 310.542
58.1706, 310.542
58.1875, 310.542
58.2133, 310.542
58.2265, 310.542
58.2607, 310.542
58.2888, 310.542
58.2944, 310.542
58.3032, 310.542
58.376, 310.542
58.4029, 310.542
58.4729, 310.543
58.4869, 310.543
58.5008, 310.543
58.5452, 310.543
58.5513, 310.543
58.5534, 310.543
58.6135, 310.543
58.6249, 310.543
58.6755, 310.544
58.7015, 310.544
58.7437, 310.544
58.7787, 310.544
58.7921, 310.544
58.8215, 310.544
58.8674, 310.544
58.8723, 310.544
58.9027, 310.545
58.9031, 310.545
58.9044, 310.545
58.9568, 310.545
58.9977, 310.545
58.9991, 310.545
59.0025, 310.545
59.0195, 310.545
59.045, 310.545
59.0472, 310.545
59.0938, 310.546
59.1153, 310.546
59.1395, 310.546
59.1551, 310.546
59.1781, 310.546
59.1947, 310.546
59.262, 310.547
59.287, 310.547
59.2981, 310.547
59.3307, 310.547
59.3856, 310.547
59.4202, 310.548
59.4302, 310.548
59.4422, 310.548
59.469, 310.548
59.4877, 310.548
59.5097, 310.548
59.5379, 310.548
59.555, 310.548
59.5636, 310.548
59.5974, 310.549
59.609, 310.549
59.6123, 310.549
59.6776, 310.549
59.686, 310.549
59.7125, 310.549
59.7297, 310.55
59.7498, 310.55
59.7625, 310.55
59.778, 310.55
59.7881, 310.55
59.8422, 310.55
59.8482, 310.55
59.8967, 310.551
59.8991, 310.551
59.923, 310.551
59.9843, 310.551
60.0112, 310.552
60.0478, 310.552
60.0501, 310.552
60.0556, 310.552
60.0754, 310.552
60.0965, 310.552
60.1089, 310.552
60.1375, 310.553
60.1777, 310.553
60.2182, 310.553
60.2231, 310.553
60.2301, 310.553
60.2703, 310.554
60.2772, 310.554
60.314, 310.554
60.3227, 310.554
60.3277, 310.554
60.3723, 310.554
60.398, 310.555
60.4031, 310.555
60.4469, 310.555
60.4644, 310.555
60.5061, 310.556
60.5456, 310.556
60.5718, 310.556
60.5905, 310.556
60.6161, 310.556
60.6386, 310.557
60.6696, 310.557
60.6699, 310.557
60.7207, 310.557
60.7341, 310.558
60.7466, 310.558
60.7652, 310.558
60.7854, 310.558
60.792, 310.558
60.8051, 310.558
60.8592, 310.559
60.8637, 310.559
60.9087, 310.559
60.9484, 310.559
60.9608, 310.56
60.9624, 310.56
60.9663, 310.56
61.0239, 310.56
61.0591, 310.56
61.0706, 310.561
61.1033, 310.561
61.1391, 310.561
61.1917, 310.562
61.2853, 310.563
61.2861, 310.563
61.2864, 310.563
61.3287, 310.563
61.3456, 310.563
61.3769, 310.564
61.3972, 310.564
61.4387, 310.564
61.4616, 310.564
61.491, 310.565
61.5509, 310.565
61.5648, 310.565
61.6045, 310.566
61.6252, 310.566
61.6416, 310.566
61.666, 310.567
61.6859, 310.567
61.736, 310.567
61.7589, 310.568
61.7642, 310.568
61.8214, 310.568
61.8353, 310.568
61.8903, 310.569
61.898, 310.569
61.9474, 310.57
61.9678, 310.57
62.0089, 310.57
62.0498, 310.571
62.0511, 310.571
62.1055, 310.571
62.1176, 310.571
62.1211, 310.572
62.1444, 310.572
62.1608, 310.572
62.2123, 310.573
62.2305, 310.573
62.2689, 310.573
62.2796, 310.573
62.2858, 310.573
62.2951, 310.574
62.3308, 310.574
62.3747, 310.574
62.3802, 310.575
62.3832, 310.575
62.4241, 310.575
62.4514, 310.575
62.4558, 310.575
62.4585, 310.575
62.4863, 310.576
62.5464, 310.577
62.59, 310.577
62.6098, 310.577
62.6167, 310.577
62.6374, 310.578
62.6565, 310.578
62.6691, 310.578
62.7105, 310.579
62.7369, 310.579
62.7597, 310.579
62.7723, 310.579
62.7867, 310.58
62.8171, 310.58
62.8196, 310.58
62.8234, 310.58
62.8261, 310.58
62.8608, 310.58
62.871, 310.581
62.8948, 310.581
62.9435, 310.581
62.9471, 310.582
62.948, 310.582
62.9696, 310.582
63.0525, 310.583
63.0784, 310.583
63.0831, 310.583
63.0983, 310.584
63.1392, 310.584
63.1885, 310.585
63.202, 310.585
63.2106, 310.585
63.2883, 310.586
63.2972, 310.586
63.3087, 310.586
63.3315, 310.587
63.3485, 310.587
63.3598, 310.587
63.3676, 310.587
63.4278, 310.588
63.4326, 310.588
63.4368, 310.588
63.4807, 310.589
63.5036, 310.589
63.5123, 310.589
63.5737, 310.59
63.5799, 310.59
63.6045, 310.59
63.6268, 310.591
63.6328, 310.591
63.6412, 310.591
63.6829, 310.592
63.7308, 310.592
63.7637, 310.593
63.7697, 310.593
63.8164, 310.593
63.8179, 310.593
63.8213, 310.594
63.8229, 310.594
63.8345, 310.594
63.873, 310.594
63.8986, 310.595
63.909, 310.595
63.9166, 310.595
63.9519, 310.595
63.9731, 310.596
63.9891, 310.596
64.014, 310.596
64.0339, 310.597
64.06, 310.597
64.072, 310.597
64.1075, 310.598
64.1319, 310.598
64.1529, 310.598
64.1825, 310.599
64.1937, 310.599
64.2633, 310.6
64.2925, 310.601
64.3143, 310.601
64.3369, 310.601
64.3482, 310.601
64.3678, 310.602
64.4394, 310.603
64.4753, 310.603
64.494, 310.604
64.5328, 310.604
64.5537, 310.605
64.5887, 310.605
64.6161, 310.606
64.633, 310.606
64.6729, 310.607
64.6757, 310.607
64.7222, 310.607
64.7588, 310.608
64.7741, 310.608
64.8085, 310.609
64.8508, 310.609
64.8619, 310.61
64.901, 310.61
64.931, 310.611
64.9517, 310.611
64.9741, 310.611
64.9889, 310.612
65.0009, 310.612
65.0416, 310.613
65.0535, 310.613
65.0982, 310.613
65.1362, 310.614
65.1577, 310.615
65.1636, 310.615
65.1743, 310.615
65.1959, 310.615
65.2005, 310.615
65.2077, 310.615
65.2714, 310.616
65.2753, 310.617
65.2829, 310.617
65.3371, 310.618
65.3852, 310.618
65.3901, 310.619
65.397, 310.619
65.4286, 310.619
65.4641, 310.62
65.4692, 310.62
65.4754, 310.62
65.5168, 310.621
65.5695, 310.622
65.5984, 310.622
65.6155, 310.622
65.6463, 310.623
65.6543, 310.623
65.6642, 310.623
65.6906, 310.624
65.6993, 310.624
65.7266, 310.624
65.7316, 310.625
65.7875, 310.626
65.806, 310.626
65.8522, 310.627
65.8687, 310.627
65.9028, 310.628
65.9352, 310.628
65.9356, 310.628
65.9931, 310.629
66.0291, 310.63
66.0438, 310.63
66.0652, 310.631
66.1107, 310.632
66.1271, 310.632
66.1337, 310.632
66.2113, 310.633
66.2154, 310.634
66.2571, 310.634
66.2719, 310.635
66.3122, 310.635
66.3195, 310.635
66.3769, 310.637
66.3865, 310.637
66.3952, 310.637
66.4303, 310.638
66.4493, 310.638
66.5482, 310.64
66.5581, 310.64
66.5781, 310.641
66.6128, 310.641
66.6371, 310.642
66.6712, 310.642
66.7096, 310.643
66.7285, 310.644
66.7686, 310.644
66.8215, 310.645
66.8297, 310.646
66.8421, 310.646
66.8748, 310.646
66.9392, 310.648
66.9398, 310.648
66.9399, 310.648
66.978, 310.649
67.0187, 310.649
67.0287, 310.65
67.0776, 310.651
67.0945, 310.651
67.1288, 310.652
67.1482, 310.652
67.1502, 310.652
67.1533, 310.652
67.1591, 310.652
67.25, 310.654
67.2544, 310.654
67.2891, 310.655
67.3018, 310.655
67.3472, 310.656
67.374, 310.657
67.4596, 310.659
67.4675, 310.659
67.4789, 310.659
67.5118, 310.66
67.5432, 310.66
67.5581, 310.661
67.5926, 310.662
67.6131, 310.662
67.6486, 310.663
67.6501, 310.663
67.6572, 310.663
67.7046, 310.664
67.7617, 310.665
67.7905, 310.666
67.8217, 310.667
67.89, 310.668
67.9111, 310.669
67.9192, 310.669
67.9431, 310.669
67.9657, 310.67
67.9941, 310.67
68.0205, 310.671
68.0524, 310.672
68.0525, 310.672
68.0526, 310.672
68.0529, 310.672
68.1227, 310.673
68.1364, 310.674
68.1549, 310.674
68.1873, 310.675
68.22, 310.676
68.2594, 310.676
68.275, 310.677
68.3005, 310.677
68.3179, 310.678
68.3454, 310.678
68.3618, 310.679
68.3866, 310.679
68.4098, 310.68
68.4251, 310.68
68.4748, 310.681
68.4756, 310.681
68.4801, 310.682
68.5355, 310.683
68.5396, 310.683
68.5493, 310.683
68.5797, 310.684
68.5922, 310.684
68.6557, 310.686
68.6688, 310.686
68.705, 310.687
68.7099, 310.687
68.77, 310.689
68.7757, 310.689
68.8065, 310.689
68.8467, 310.69
68.8526, 310.691
68.9008, 310.692
68.942, 310.693
68.9894, 310.694
69.0016, 310.694
69.0571, 310.696
69.074, 310.696
69.1285, 310.697
69.1537, 310.698
69.1663, 310.698
69.2134, 310.699
69.2158, 310.699
69.2436, 310.7
69.2611, 310.701
69.2661, 310.701
69.3135, 310.702
69.3586, 310.703
69.3643, 310.703
69.41, 310.704
69.4436, 310.705
69.4475, 310.705
69.4498, 310.705
69.48, 310.706
69.5205, 310.707
69.5356, 310.708
69.5705, 310.709
69.6013, 310.709
69.6664, 310.711
69.6783, 310.711
69.7301, 310.713
69.7322, 310.713
69.7525, 310.713
69.7836, 310.714
69.8029, 310.715
69.8089, 310.715
69.8314, 310.715
69.84, 310.716
69.8811, 310.717
69.8943, 310.717
69.8957, 310.717
69.9296, 310.718
69.9319, 310.718
69.9362, 310.718
69.9581, 310.719
69.982, 310.719
70.0171, 310.72
70.0676, 310.722
70.0814, 310.722
70.1144, 310.723
70.1379, 310.724
70.1631, 310.724
70.1889, 310.725
70.2494, 310.727
70.2605, 310.727
70.2717, 310.727
70.2964, 310.728
70.3034, 310.728
70.3266, 310.729
70.3368, 310.729
70.3519, 310.729
70.3736, 310.73
70.3977, 310.731
70.4121, 310.731
70.4583, 310.732
70.4832, 310.733
70.5418, 310.735
70.5558, 310.735
70.5991, 310.736
70.6508, 310.738
70.6875, 310.739
70.7075, 310.739
70.7207, 310.74
70.7447, 310.74
70.76, 310.741
70.7987, 310.742
70.8087, 310.742
70.8142, 310.742
70.8475, 310.743
70.8802, 310.744
70.9321, 310.746
70.9381, 310.746
70.9589, 310.747
70.9932, 310.748
71.0514, 310.749
71.0538, 310.749
71.0582, 310.75
71.0833, 310.75
71.129, 310.752
71.1294, 310.752
71.1297, 310.752
71.1614, 310.753
71.1905, 310.753
71.1976, 310.754
71.2427, 310.755
71.27, 310.756
71.2786, 310.756
71.3056, 310.757
71.3379, 310.758
71.3708, 310.759
71.3889, 310.759
71.4052, 310.76
71.4584, 310.761
71.4591, 310.761
71.4595, 310.761
71.5086, 310.763
71.5351, 310.764
71.6034, 310.766
71.6302, 310.767
71.636, 310.767
71.6614, 310.768
71.6825, 310.768
71.697, 310.769
71.7464, 310.77
71.7806, 310.771
71.8293, 310.773
71.8313, 310.773
71.8352, 310.773
71.9044, 310.775
71.9052, 310.775
71.9058, 310.775
71.9436, 310.776
71.9808, 310.778
71.9991, 310.778
72.0054, 310.778
72.0253, 310.779
72.0694, 310.78
72.0695, 310.78
72.1293, 310.782
72.1392, 310.783
72.1813, 310.784
72.2057, 310.785
72.2145, 310.785
72.2437, 310.786
72.2645, 310.787
72.2662, 310.787
72.281, 310.787
72.3066, 310.788
72.3629, 310.79
72.3939, 310.791
72.4043, 310.791
72.4105, 310.791
72.4458, 310.792
72.4739, 310.793
72.5035, 310.794
72.5165, 310.795
72.56, 310.796
72.5842, 310.797
72.6005, 310.798
72.624, 310.798
72.6393, 310.799
72.6641, 310.8
72.6702, 310.8
72.7008, 310.801
72.7198, 310.802
72.7554, 310.803
72.7873, 310.804
72.809, 310.805
72.8356, 310.805
72.8497, 310.806
72.8936, 310.807
72.912, 310.808
72.958, 310.81
72.9936, 310.811
72.9999, 310.811
73.0017, 310.811
73.0114, 310.811
73.0566, 310.813
73.0958, 310.814
73.1474, 310.816
73.2136, 310.818
73.2141, 310.818
73.2622, 310.82
73.2934, 310.821
73.3445, 310.823
73.3911, 310.825
73.4086, 310.825
73.4206, 310.826
73.4627, 310.827
73.4913, 310.828
73.5256, 310.829
73.5344, 310.83
73.5547, 310.83
73.5975, 310.832
73.6158, 310.833
73.6843, 310.835
73.7171, 310.836
73.7412, 310.837
73.7688, 310.838
73.8079, 310.839
73.816, 310.84
73.8608, 310.841
73.8614, 310.841
73.8931, 310.843
73.9133, 310.843
73.9339, 310.844
73.9386, 310.844
73.9724, 310.845
73.9942, 310.846
74.025, 310.847
74.0792, 310.849
74.0842, 310.85
74.1456, 310.852
74.1518, 310.852
74.1716, 310.853
74.1927, 310.854
74.2019, 310.854
74.253, 310.856
74.2695, 310.856
74.3124, 310.858
74.3207, 310.858
74.3499, 310.86
74.3663, 310.86
74.4083, 310.862
74.4247, 310.862
74.4693, 310.864
74.4934, 310.865
74.5025, 310.865
74.507, 310.866
74.5104, 310.866
74.547, 310.867
74.5559, 310.867
74.5954, 310.869
74.6157, 310.87
74.6581, 310.871
74.7065, 310.873
74.7083, 310.873
74.7087, 310.873
74.7508, 310.875
74.7604, 310.875
74.7958, 310.877
74.8354, 310.878
74.841, 310.878
74.876, 310.88
74.8779, 310.88
74.9426, 310.882
74.9571, 310.883
74.9702, 310.884
75.0134, 310.885
75.02, 310.886
75.0246, 310.886
75.0942, 310.888
75.1224, 310.89
75.1334, 310.89
75.1812, 310.892
75.1979, 310.893
75.2229, 310.894
75.2291, 310.894
75.2417, 310.894
75.2834, 310.896
75.3111, 310.897
75.3382, 310.898
75.3757, 310.9
75.3912, 310.901
75.4391, 310.902
75.4874, 310.904
75.4979, 310.905
75.5123, 310.905
75.5571, 310.907
75.5933, 310.909
75.6072, 310.909
75.66, 310.912
75.6863, 310.913
75.7109, 310.914
75.7356, 310.915
75.7498, 310.915
75.7875, 310.917
75.8211, 310.918
75.8344, 310.919
75.8681, 310.92
75.9097, 310.922
75.923, 310.923
75.995, 310.926
76.0018, 310.926
76.0639, 310.929
76.0647, 310.929
76.0652, 310.929
76.0981, 310.93
76.0989, 310.93
76.1315, 310.932
76.1498, 310.932
76.1888, 310.934
76.1921, 310.934
76.2389, 310.936
76.2772, 310.938
76.3046, 310.939
76.3811, 310.943
76.3823, 310.943
76.4139, 310.944
76.432, 310.945
76.4388, 310.945
76.4616, 310.946
76.4811, 310.947
76.5116, 310.948
76.5377, 310.949
76.5575, 310.95
76.5752, 310.951
76.6019, 310.952
76.6458, 310.954
76.6678, 310.955
76.7055, 310.957
76.736, 310.958
76.7544, 310.959
76.7647, 310.96
76.7931, 310.961
76.8099, 310.962
76.8161, 310.962
76.8396, 310.963
76.9169, 310.967
76.9204, 310.967
76.9257, 310.967
76.9647, 310.969
76.9872, 310.97
77.0202, 310.971
77.0444, 310.973
77.0563, 310.973
77.0759, 310.974
77.1457, 310.977
77.1469, 310.977
77.1699, 310.978
77.2067, 310.98
77.2083, 310.98
77.2238, 310.981
77.2559, 310.982
77.2775, 310.983
77.2929, 310.984
77.3349, 310.986
77.3888, 310.989
77.4079, 310.99
77.4394, 310.991
77.4424, 310.991
77.4597, 310.992
77.4917, 310.994
77.5325, 310.996
77.5566, 310.997
77.5577, 310.997
77.5586, 310.997
77.6252, 311
77.6336, 311
77.646, 311.001
77.7049, 311.004
77.7331, 311.005
77.746, 311.006
77.8108, 311.009
77.821, 311.01
77.8552, 311.011
77.8674, 311.012
77.9, 311.013
77.9215, 311.014
77.9471, 311.016
77.9611, 311.016
78.0073, 311.019
78.0487, 311.021
78.0679, 311.022
78.0992, 311.023
78.124, 311.025
78.1631, 311.026
78.1718, 311.027
78.2001, 311.028
78.2137, 311.029
78.2422, 311.03
78.2626, 311.032
78.2683, 311.032
78.3083, 311.034
78.3208, 311.034
78.3722, 311.037
78.4122, 311.039
78.4236, 311.04
78.4634, 311.042
78.4705, 311.042
78.5301, 311.045
78.5412, 311.046
78.5611, 311.047
78.5894, 311.048
78.6311, 311.05
78.6659, 311.052
78.6695, 311.052
78.7278, 311.055
78.7532, 311.057
78.7622, 311.057
78.7826, 311.058
78.7925, 311.059
78.8172, 311.06
78.8215, 311.06
78.8441, 311.062
78.8564, 311.062
78.8784, 311.063
78.8906, 311.064
78.9272, 311.066
78.9529, 311.067
78.9728, 311.068
79.0348, 311.072
79.0384, 311.072
79.0716, 311.074
79.1253, 311.077
79.1817, 311.08
79.1913, 311.08
79.1926, 311.08
79.1997, 311.081
79.2504, 311.083
79.264, 311.084
79.3051, 311.086
79.3267, 311.088
79.3505, 311.089
79.3711, 311.09
79.3964, 311.091
79.4159, 311.092
79.4665, 311.095
79.4866, 311.096
79.5037, 311.097
79.5468, 311.1
79.5548, 311.1
79.6132, 311.103
79.6275, 311.104
79.6744, 311.107
79.7048, 311.109
79.7435, 311.111
79.8092, 311.114
79.8104, 311.115
79.8463, 311.117
79.8652, 311.118
79.8839, 311.119
79.9242, 311.121
79.9771, 311.124
79.9834, 311.124
80.0278, 311.127
80.0657, 311.129
80.0782, 311.13
80.0927, 311.131
80.1297, 311.133
80.1748, 311.135
80.1962, 311.137
80.2232, 311.138
80.2555, 311.14
80.2741, 311.141
80.2964, 311.143
80.3241, 311.144
80.3248, 311.144
80.3261, 311.144
80.3814, 311.148
80.392, 311.148
80.4211, 311.15
80.4569, 311.152
80.4622, 311.152
80.4715, 311.153
80.5001, 311.155
80.5256, 311.156
80.5818, 311.16
80.6116, 311.161
80.6355, 311.163
80.6635, 311.165
80.684, 311.166
80.7138, 311.168
80.7359, 311.169
80.7614, 311.17
80.7878, 311.172
80.8095, 311.173
80.8414, 311.175
80.8602, 311.177
80.8908, 311.178
80.9363, 311.181
80.9637, 311.183
81.0525, 311.188
81.0552, 311.189
81.0565, 311.189
81.1275, 311.193
81.1478, 311.194
81.1798, 311.196
81.181, 311.196
81.1823, 311.196
81.1894, 311.197
81.2558, 311.201
81.2938, 311.204
81.3192, 311.205
81.3226, 311.205
81.3361, 311.206
81.383, 311.209
81.4291, 311.212
81.4582, 311.214
81.4831, 311.216
81.5172, 311.218
81.5334, 311.219
81.5592, 311.221
81.585, 311.222
81.6115, 311.224
81.6249, 311.225
81.6704, 311.228
81.7038, 311.23
81.7168, 311.231
81.7362, 311.232
81.7605, 311.234
81.7796, 311.235
81.8388, 311.239
81.8635, 311.24
81.9094, 311.243
81.9602, 311.247
81.9643, 311.247
81.966, 311.247
81.9675, 311.247
81.9713, 311.248
81.9898, 311.249
82.0183, 311.251
82.0215, 311.251
82.0287, 311.251
82.0831, 311.255
82.0988, 311.256
82.1527, 311.26
82.174, 311.261
82.1838, 311.262
82.1938, 311.262
82.2405, 311.266
82.2869, 311.269
82.2979, 311.27
82.3305, 311.272
82.3366, 311.272
82.3562, 311.274
82.3681, 311.274
82.4093, 311.277
82.4491, 311.28
82.4519, 311.28
82.4531, 311.28
82.4549, 311.28
82.4889, 311.283
82.5494, 311.287
82.5557, 311.287
82.5636, 311.288
82.576, 311.289
82.616, 311.292
82.6305, 311.293
82.6712, 311.295
82.6912, 311.297
82.7163, 311.299
82.7631, 311.302
82.772, 311.303
82.7752, 311.303
82.8305, 311.307
82.8631, 311.309
82.8697, 311.309
82.8716, 311.31
82.8754, 311.31
82.932, 311.314
82.9723, 311.317
83.0077, 311.319
83.0218, 311.32
83.0278, 311.321
83.0845, 311.325
83.1201, 311.327
83.1205, 311.327
83.1692, 311.331
83.1732, 311.331
83.2349, 311.336
83.2379, 311.336
83.3065, 311.341
83.3276, 311.343
83.3467, 311.344
83.3804, 311.347
83.3936, 311.348
83.4424, 311.351
83.446, 311.351
83.4523, 311.352
83.4784, 311.354
83.4944, 311.355
83.5565, 311.36
83.5881, 311.362
83.6216, 311.365
83.6537, 311.367
83.7552, 311.375
83.7702, 311.376
83.8181, 311.38
83.8488, 311.382
83.8795, 311.384
83.9191, 311.387
83.9458, 311.389
84.0043, 311.394
84.0678, 311.399
84.0851, 311.4
84.1206, 311.403
84.1534, 311.405
84.1748, 311.407
84.1973, 311.409
84.2141, 311.41
84.2517, 311.413
84.2784, 311.415
84.2891, 311.416
84.3426, 311.42
84.3928, 311.424
84.3946, 311.425
84.3956, 311.425
84.4014, 311.425
84.4575, 311.43
84.5, 311.433
84.5504, 311.437
84.5518, 311.437
84.5821, 311.44
84.6217, 311.443
84.6261, 311.443
84.6669, 311.447
84.6872, 311.448
84.7161, 311.451
84.7501, 311.453
84.7504, 311.453
84.7505, 311.453
84.7934, 311.457
84.8101, 311.458
84.8285, 311.46
84.8472, 311.461
84.8572, 311.462
84.8694, 311.463
84.8801, 311.464
84.8908, 311.465
84.9181, 311.467
84.9268, 311.468
84.971, 311.472
84.9763, 311.472
85.0039, 311.474
85.047, 311.478
85.0941, 311.482
85.0995, 311.482
85.106, 311.483
85.141, 311.486
85.1858, 311.49
85.2037, 311.491
85.2274, 311.493
85.3045, 311.5
85.3148, 311.501
85.3265, 311.502
85.3649, 311.505
85.3826, 311.507
85.4534, 311.513
85.4639, 311.514
85.4817, 311.515
85.5004, 311.517
85.5286, 311.519
85.5393, 311.52
85.5451, 311.521
85.6048, 311.526
85.6082, 311.526
85.63, 311.528
85.6483, 311.53
85.678, 311.532
85.6808, 311.533
85.7233, 311.536
85.7541, 311.539
85.7946, 311.543
85.806, 311.544
85.8425, 311.547
85.8569, 311.548
85.8733, 311.55
85.8885, 311.551
85.9187, 311.554
85.9578, 311.557
85.9778, 311.559
86.0096, 311.562
86.017, 311.563
86.0522, 311.566
86.0633, 311.567
86.0655, 311.567
86.0892, 311.569
86.1112, 311.571
86.1546, 311.575
86.171, 311.577
86.2124, 311.58
86.2522, 311.584
86.2525, 311.584
86.2527, 311.584
86.2536, 311.584
86.3235, 311.591
86.3828, 311.596
86.4095, 311.599
86.4113, 311.599
86.4234, 311.6
86.4432, 311.602
86.4576, 311.603
86.4793, 311.605
86.512, 311.608
86.5324, 311.61
86.5401, 311.611
86.5516, 311.612
86.5817, 311.615
86.6055, 311.617
86.608, 311.617
86.6413, 311.621
86.6613, 311.622
86.6907, 311.625
86.699, 311.626
86.7007, 311.626
86.7601, 311.632
86.7929, 311.635
86.8049, 311.636
86.8149, 311.637
86.8373, 311.639
86.8885, 311.644
86.9289, 311.648
86.9295, 311.648
86.9651, 311.652
86.9895, 311.654
87.0444, 311.659
87.0457, 311.66
87.0506, 311.66
87.0958, 311.664
87.0985, 311.665
87.1423, 311.669
87.1668, 311.671
87.1794, 311.673
87.2422, 311.679
87.2488, 311.68
87.2824, 311.683
87.2984, 311.685
87.356, 311.69
87.3702, 311.692
87.3833, 311.693
87.4454, 311.699
87.4573, 311.701
87.4709, 311.702
87.4842, 311.703
87.4927, 311.704
87.516, 311.707
87.5702, 311.712
87.587, 311.714
87.6448, 311.72
87.646, 311.72
87.692, 311.725
87.7395, 311.729
87.7419, 311.73
87.7457, 311.73
87.7904, 311.735
87.8306, 311.739
87.8726, 311.743
87.9089, 311.747
87.9165, 311.748
87.961, 311.753
87.9624, 311.753
88.0071, 311.757
88.0136, 311.758
88.0532, 311.762
88.0916, 311.766
88.1074, 311.768
88.1269, 311.77
88.1538, 311.773
88.1725, 311.775
88.2097, 311.779
88.2161, 311.78
88.2412, 311.782
88.2466, 311.783
88.2761, 311.786
88.3045, 311.789
88.32, 311.791
88.3735, 311.797
88.4123, 311.801
88.4212, 311.802
88.4258, 311.802
88.4282, 311.803
88.4511, 311.805
88.4764, 311.808
88.5526, 311.816
88.584, 311.82
88.6034, 311.822
88.6196, 311.824
88.644, 311.827
88.6697, 311.829
88.7097, 311.834
88.72, 311.835
88.7264, 311.836
88.7566, 311.839
88.7849, 311.842
88.8108, 311.845
88.8574, 311.851
88.8824, 311.853
88.9138, 311.857
88.9319, 311.859
88.9584, 311.862
88.9763, 311.864
88.9864, 311.865
89.0222, 311.869
89.0746, 311.875
89.0861, 311.877
89.1054, 311.879
89.1229, 311.881
89.1505, 311.884
89.1704, 311.886
89.2186, 311.892
89.2349, 311.894
89.2707, 311.898
89.3285, 311.905
89.3294, 311.905
89.3298, 311.905
89.3801, 311.911
89.3899, 311.912
89.4103, 311.915
89.4218, 311.916
89.4319, 311.917
89.4929, 311.924
89.5267, 311.928
89.5501, 311.931
89.5837, 311.935
89.5873, 311.936
89.6, 311.937
89.6361, 311.941
89.6438, 311.942
89.6469, 311.943
89.6825, 311.947
89.687, 311.948
89.7049, 311.95
89.7182, 311.951
89.7319, 311.953
89.7585, 311.956
89.7983, 311.961
89.8252, 311.964
89.8729, 311.97
89.8949, 311.973
89.9112, 311.975
89.9432, 311.979
89.9709, 311.982
90.0125, 311.988
90.0516, 311.992
90.0952, 311.998
90.1129, 312
90.1172, 312.001
90.1481, 312.005
90.172, 312.008
90.2075, 312.012
90.2177, 312.013
90.2666, 312.02
90.2741, 312.02
90.329, 312.027
90.3578, 312.031
90.3691, 312.033
90.3929, 312.036
90.3996, 312.036
90.402, 312.037
90.4314, 312.041
90.4479, 312.043
90.4737, 312.046
90.4887, 312.048
90.5441, 312.055
90.5538, 312.056
90.5829, 312.06
90.5996, 312.062
90.6617, 312.07
90.6625, 312.071
90.6637, 312.071
90.6921, 312.074
90.7305, 312.08
90.7372, 312.08
90.7917, 312.088
90.7938, 312.088
90.8282, 312.092
90.8924, 312.101
90.9577, 312.11
90.9651, 312.111
90.9664, 312.111
90.9683, 312.111
90.993, 312.115
91.0083, 312.117
91.0427, 312.121
91.0641, 312.124
91.0938, 312.128
91.1237, 312.132
91.1686, 312.138
91.1985, 312.143
91.2118, 312.144
91.2506, 312.15
91.2594, 312.151
91.2668, 312.152
91.3187, 312.159
91.3272, 312.16
91.3767, 312.167
91.3875, 312.169
91.4346, 312.175
91.4714, 312.18
91.4833, 312.182
91.4923, 312.183
91.5237, 312.188
91.575, 312.195
91.5983, 312.198
91.6097, 312.2
91.6568, 312.207
91.6571, 312.207
91.6663, 312.208
91.699, 312.213
91.6999, 312.213
91.7017, 312.213
91.7597, 312.221
91.7795, 312.224
91.8044, 312.228
91.85, 312.234
91.851, 312.235
91.8528, 312.235
91.9017, 312.242
91.928, 312.246
91.9593, 312.25
91.9732, 312.252
91.9902, 312.255
92.0075, 312.257
92.0463, 312.263
92.0571, 312.265
92.0609, 312.265
92.0774, 312.268
92.0924, 312.27
92.1081, 312.272
92.138, 312.277
92.178, 312.283
92.1811, 312.283
92.2346, 312.291
92.2539, 312.294
92.2601, 312.295
92.3025, 312.301
92.3169, 312.304
92.3332, 312.306
92.3598, 312.31
92.3899, 312.315
92.3949, 312.315
92.4257, 312.32
92.4309, 312.321
92.4388, 312.322
92.463, 312.326
92.4945, 312.331
92.5297, 312.336
92.5402, 312.338
92.592, 312.346
92.5968, 312.346
92.6544, 312.355
92.6646, 312.357
92.6837, 312.36
92.7073, 312.363
92.7151, 312.365
92.7632, 312.372
92.7667, 312.373
92.8235, 312.382
92.8263, 312.382
92.8347, 312.383
92.8728, 312.389
92.8862, 312.392
92.892, 312.393
92.9221, 312.397
92.9525, 312.402
92.9551, 312.403
92.9942, 312.409
93.011, 312.411
93.0336, 312.415
93.057, 312.419
93.0617, 312.42
93.069, 312.421
93.0892, 312.424
93.151, 312.434
93.1817, 312.439
93.2233, 312.446
93.2245, 312.446
93.2268, 312.446
93.286, 312.456
93.332, 312.464
93.3502, 312.467
93.3752, 312.471
93.3905, 312.473
93.4169, 312.478
93.4247, 312.479
93.4338, 312.481
93.4744, 312.487
93.5197, 312.495
93.5327, 312.497
93.5602, 312.502
93.5719, 312.504
93.5909, 312.507
93.6301, 312.514
93.6771, 312.522
93.6975, 312.525
93.7178, 312.528
93.7251, 312.53
93.7428, 312.533
93.7721, 312.538
93.7879, 312.541
93.8077, 312.544
93.8225, 312.546
93.8488, 312.551
93.8721, 312.555
93.9, 312.56
93.9231, 312.564
93.9679, 312.572
94.013, 312.58
94.0203, 312.581
94.0957, 312.594
94.1035, 312.596
94.1117, 312.597
94.1556, 312.605
94.176, 312.608
94.2061, 312.614
94.2114, 312.615
94.2135, 312.615
94.2395, 312.62
94.2571, 312.623
94.2593, 312.623
94.3013, 312.631
94.3485, 312.639
94.3498, 312.64
94.35, 312.64
94.3524, 312.64
94.3994, 312.649
94.4148, 312.651
94.4591, 312.659
94.4859, 312.664
94.5202, 312.671
94.5741, 312.681
94.6081, 312.687
94.622, 312.689
94.6248, 312.69
94.6518, 312.695
94.6958, 312.703
94.7714, 312.717
94.7727, 312.718
94.7729, 312.718
94.8151, 312.726
94.8575, 312.734
94.8825, 312.738
94.9309, 312.748
94.9407, 312.749
94.9774, 312.756
95.0054, 312.762
95.0536, 312.771
95.0862, 312.777
95.1027, 312.781
95.1176, 312.784
95.1378, 312.787
95.1718, 312.794
95.1955, 312.799
95.2518, 312.81
95.2557, 312.811
95.3157, 312.822
95.3273, 312.825
95.3581, 312.831
95.4118, 312.841
95.4198, 312.843
95.465, 312.852
95.487, 312.857
95.4976, 312.859
95.5266, 312.865
95.5518, 312.87
95.5841, 312.876
95.6108, 312.882
95.6495, 312.89
95.6946, 312.899
95.696, 312.899
95.7253, 312.905
95.736, 312.907
95.7742, 312.915
95.8038, 312.921
95.8158, 312.924
95.8326, 312.927
95.8469, 312.93
95.8809, 312.937
95.8927, 312.94
95.934, 312.948
95.955, 312.953
96.0328, 312.969
96.0561, 312.974
96.068, 312.977
96.0873, 312.981
96.1055, 312.985
96.1221, 312.988
96.1475, 312.994
96.1986, 313.005
96.2323, 313.012
96.2541, 313.017
96.2664, 313.019
96.309, 313.029
96.3458, 313.037
96.3713, 313.042
96.3936, 313.047
96.4437, 313.058
96.4633, 313.063
96.4867, 313.068
96.5255, 313.076
96.5361, 313.079
96.5741, 313.087
96.6177, 313.097
96.633, 313.101
96.6424, 313.103
96.6816, 313.111
96.7365, 313.124
96.7481, 313.127
96.7872, 313.135
96.8423, 313.148
96.8617, 313.153
96.9076, 313.163
96.9446, 313.172
96.9663, 313.177
96.9982, 313.184
97.0046, 313.186
97.066, 313.2
97.1071, 313.21
97.1194, 313.213
97.1722, 313.225
97.177, 313.226
97.2174, 313.236
97.257, 313.245
97.2859, 313.252
97.3142, 313.259
97.3435, 313.266
97.3447, 313.267
97.3981, 313.28
97.4282, 313.287
97.4831, 313.3
97.4994, 313.304
97.5528, 313.317
97.567, 313.321
97.6012, 313.329
97.605, 313.33
97.6147, 313.333
97.6402, 313.339
97.6637, 313.345
97.6821, 313.35
97.6908, 313.352
97.7303, 313.362
97.7431, 313.365
97.8083, 313.381
97.8451, 313.391
97.8762, 313.399
97.9295, 313.412
97.9393, 313.415
97.9439, 313.416
97.9479, 313.417
97.9814, 313.426
98.0135, 313.434
98.0865, 313.453
98.0901, 313.454
98.1486, 313.469
98.1587, 313.472
98.1878, 313.48
98.1961, 313.482
98.2551, 313.498
98.2573, 313.498
98.261, 313.499
98.3108, 313.513
98.3634, 313.527
98.3898, 313.534
98.4079, 313.539
98.4564, 313.552
98.4616, 313.553
98.5056, 313.565
98.5763, 313.585
98.603, 313.592
98.6218, 313.597
98.6703, 313.611
98.6835, 313.615
98.7163, 313.624
98.7238, 313.626
98.7432, 313.631
98.7649, 313.637
98.831, 313.656
98.831, 313.656
98.8313, 313.656
98.8829, 313.671
98.8841, 313.671
98.9071, 313.678
98.9255, 313.683
98.9263, 313.683
98.9338, 313.686
98.9852, 313.7
99.0119, 313.708
99.0454, 313.718
99.0751, 313.727
99.0918, 313.731
99.1339, 313.744
99.1892, 313.76
99.1936, 313.761
99.2021, 313.764
99.2281, 313.772
99.2813, 313.788
99.2957, 313.792
99.3047, 313.795
99.3325, 313.803
99.3824, 313.818
99.3855, 313.819
99.3991, 313.823
99.4641, 313.843
99.4797, 313.848
99.4879, 313.85
99.4984, 313.853
99.5266, 313.862
99.5671, 313.875
99.585, 313.88
99.6037, 313.886
99.6419, 313.898
99.6801, 313.91
99.7075, 313.919
99.7401, 313.929
99.7946, 313.946
99.8119, 313.952
99.8176, 313.953
99.8281, 313.957
99.8798, 313.973
99.8971, 313.979
99.9423, 313.994
99.9432, 313.994
99.9436, 313.994
100.002, 314.013
100.027, 314.021
100.086, 314.041
100.09, 314.042
100.143, 314.059
100.185, 314.074
100.203, 314.08
100.233, 314.09
100.272, 314.103
100.306, 314.114
100.352, 314.13
100.363, 314.134
100.405, 314.148
100.455, 314.166
100.475, 314.173
100.498, 314.181
100.512, 314.185
100.554, 314.2
100.595, 314.215
100.628, 314.227
100.647, 314.233
100.673, 314.243
100.712, 314.256
100.753, 314.271
100.773, 314.278
100.797, 314.287
100.856, 314.309
100.865, 314.312
100.873, 314.315
100.926, 314.335
100.951, 314.344
100.995, 314.36
101.01, 314.366
101.04, 314.377
101.097, 314.398
101.12, 314.407
101.174, 314.428
101.19, 314.434
101.196, 314.436
101.226, 314.448
101.268, 314.464
101.271, 314.465
101.301, 314.477
101.336, 314.491
101.357, 314.499
101.406, 314.518
101.428, 314.527
101.438, 314.531
101.464, 314.542
101.475, 314.546
101.523, 314.565
101.542, 314.573
101.572, 314.585
101.624, 314.606
101.669, 314.624
101.671, 314.626
101.716, 314.644
101.733, 314.651
101.775, 314.669
101.779, 314.67
101.783, 314.672
101.816, 314.686
101.864, 314.706
101.895, 314.719
101.923, 314.731
101.942, 314.739
101.974, 314.754
102.005, 314.767
102.027, 314.776
102.041, 314.782
102.086, 314.802
102.102, 314.809
102.16, 314.835
102.164, 314.837
102.179, 314.844
102.227, 314.865
102.281, 314.889
102.297, 314.896
102.338, 314.916
102.368, 314.929
102.426, 314.956
102.463, 314.973
102.531, 315.005
102.54, 315.009
102.548, 315.013
102.581, 315.028
102.599, 315.037
102.631, 315.052
102.659, 315.066
102.66, 315.066
102.682, 315.076
102.683, 315.077
102.698, 315.084
102.705, 315.088
102.727, 315.098
102.784, 315.126
102.812, 315.14
102.841, 315.154
102.864, 315.165
102.916, 315.191
102.917, 315.192
102.921, 315.193
102.963, 315.214
103.026, 315.246
103.029, 315.247
103.053, 315.26
103.069, 315.267
103.08, 315.273
103.115, 315.291
103.143, 315.305
103.157, 315.312
103.217, 315.343
103.22, 315.344
103.225, 315.346
103.273, 315.371
103.315, 315.393
103.327, 315.399
103.363, 315.418
103.379, 315.426
103.438, 315.456
103.47, 315.473
103.477, 315.477
103.49, 315.484
103.501, 315.489
103.545, 315.512
103.57, 315.525
103.59, 315.535
103.621, 315.551
103.66, 315.572
103.669, 315.577
103.676, 315.58
103.704, 315.595
103.744, 315.615
103.765, 315.627
103.785, 315.637
103.847, 315.67
103.852, 315.672
103.919, 315.707
103.926, 315.71
103.93, 315.713
103.989, 315.743
104.06, 315.779
104.091, 315.795
104.102, 315.801
104.109, 315.804
104.15, 315.825
104.181, 315.841
104.254, 315.877
104.255, 315.878
104.257, 315.879
104.319, 315.91
104.336, 315.918
104.377, 315.938
104.394, 315.947
104.419, 315.959
104.477, 315.987
104.489, 315.993
104.511, 316.003
104.561, 316.027
104.579, 316.035
104.595, 316.043
104.63, 316.059
104.648, 316.068
104.69, 316.087
104.751, 316.115
104.752, 316.115
104.757, 316.117
104.79, 316.132
104.847, 316.158
104.861, 316.164
104.9, 316.181
104.919, 316.189
104.938, 316.197
104.971, 316.211
105.012, 316.228
105.014, 316.229
105.028, 316.234
105.055, 316.245
105.061, 316.248
105.088, 316.258
105.089, 316.259
105.098, 316.263
105.131, 316.276
105.178, 316.293
105.222, 316.31
105.245, 316.319
105.259, 316.325
105.282, 316.333
105.288, 316.335
105.293, 316.337
105.317, 316.345
105.357, 316.359
105.417, 316.38
105.438, 316.387
105.455, 316.393
105.471, 316.398
105.507, 316.409
105.52, 316.413
105.57, 316.429
105.578, 316.431
105.591, 316.435
105.636, 316.448
105.677, 316.46
105.682, 316.461
105.725, 316.473
105.736, 316.476
105.786, 316.489
105.802, 316.493
105.831, 316.5
105.86, 316.507
105.868, 316.509
105.894, 316.515
105.916, 316.52
105.979, 316.534
106.012, 316.541
106.027, 316.544
106.059, 316.55
106.093, 316.556
106.115, 316.561
106.146, 316.566
106.192, 316.574
106.194, 316.574
106.229, 316.58
106.256, 316.584
106.298, 316.59
106.321, 316.593
106.327, 316.594
106.335, 316.595
106.395, 316.602
106.412, 316.604
106.457, 316.61
106.492, 316.613
106.5, 316.614
106.507, 316.614
106.558, 316.619
106.624, 316.624
106.664, 316.627
106.673, 316.628
106.722, 316.63
106.76, 316.632
106.776, 316.632
106.785, 316.633
106.82, 316.634
106.856, 316.635
106.886, 316.635
106.933, 316.636
106.945, 316.636
106.969, 316.636
107.013, 316.636
107.073, 316.636
107.081, 316.635
107.131, 316.634
107.149, 316.634
107.206, 316.632
107.211, 316.632
107.243, 316.631
107.248, 316.631
107.27, 316.63
107.28, 316.629
107.327, 316.627
107.365, 316.625
107.386, 316.624
107.419, 316.622
107.433, 316.621
107.452, 316.62
107.485, 316.618
107.508, 316.616
107.559, 316.612
107.588, 316.61
107.605, 316.609
107.615, 316.608
107.639, 316.606
107.642, 316.606
107.688, 316.602
107.722, 316.599
107.746, 316.596
107.769, 316.594
107.788, 316.592
107.831, 316.588
107.842, 316.587
107.893, 316.582
107.921, 316.579
107.947, 316.576
107.961, 316.575
107.976, 316.573
108.02, 316.569
108.028, 316.568
108.081, 316.562
108.12, 316.558
108.135, 316.556
108.143, 316.555
108.194, 316.549
108.214, 316.547
108.259, 316.542
108.266, 316.541
108.308, 316.536
108.31, 316.536
108.338, 316.533
108.377, 316.528
108.396, 316.526
108.432, 316.522
108.468, 316.518
108.494, 316.515
108.522, 316.511
108.534, 316.51
108.591, 316.504
108.597, 316.503
108.605, 316.502
108.644, 316.498
108.678, 316.494
108.698, 316.492
108.727, 316.488
108.728, 316.488
108.728, 316.488
108.764, 316.484
108.787, 316.482
108.805, 316.48
108.818, 316.479
108.841, 316.476
108.869, 316.473
108.882, 316.472
108.918, 316.468
108.953, 316.465
108.979, 316.462
108.987, 316.461
108.999, 316.46
109.029, 316.457
109.037, 316.457
109.066, 316.454
109.079, 316.453
109.123, 316.449
109.135, 316.448
109.174, 316.444
109.177, 316.444
109.183, 316.444
109.239, 316.439
109.277, 316.436
109.283, 316.436
109.305, 316.434
109.311, 316.433
109.355, 316.43
109.358, 316.43
109.359, 316.43
109.36, 316.43
109.399, 316.427
109.434, 316.425
109.444, 316.424
109.485, 316.422
109.496, 316.421
109.517, 316.42
109.543, 316.418
109.568, 316.417
109.581, 316.416
109.621, 316.414
109.66, 316.412
109.672, 316.412
109.674, 316.412
109.7, 316.411
109.715, 316.41
109.728, 316.41
109.761, 316.408
109.814, 316.407
109.827, 316.407
109.859, 316.406
109.863, 316.405
109.932, 316.405
110, 316.404
110.137, 316.335
110.228, 316.291
110.258, 316.278
110.369, 316.246
110.482, 316.209
110.657, 316.184
110.693, 316.179
110.986, 316.135
111, 316.132


