X,T
0, 310.15
0.0343244, 310.15
0.174568, 310.15
0.765246, 310.15
0.958264, 310.15
1.11186, 310.15
1.41696, 310.15
1.60227, 310.15
1.71406, 310.15
2.01436, 310.15
2.27985, 310.15
2.44031, 310.15
2.63956, 310.15
2.94983, 310.15
2.98003, 310.15
2.98947, 310.15
3.23563, 310.15
3.88827, 310.15
3.90628, 310.15
4.05599, 310.15
4.18047, 310.15
4.20641, 310.15
4.21929, 310.15
4.71641, 310.15
4.81223, 310.15
4.97742, 310.15
5.20291, 310.15
5.6756, 310.15
5.72351, 310.15
6.02683, 310.15
6.64379, 310.15
6.83849, 310.15
6.91625, 310.15
7.01522, 310.15
7.45745, 310.15
7.52279, 310.15
7.74955, 310.15
7.81674, 310.15
8.0298, 310.15
8.28125, 310.15
8.52994, 310.15
8.72216, 310.15
9.02389, 310.15
9.22732, 310.15
9.48946, 310.15
10.0742, 310.15
10.2535, 310.15
10.3404, 310.15
10.4819, 310.15
10.7722, 310.15
11.0771, 310.15
11.23, 310.15
11.9333, 310.15
11.9849, 310.15
12.0027, 310.15
12.0346, 310.15
12.1037, 310.15
12.3003, 310.15
12.3279, 310.15
12.3435, 310.15
13.0484, 310.15
13.2092, 310.15
13.5659, 310.15
13.6954, 310.151
13.8388, 310.151
14.1251, 310.151
14.3167, 310.151
14.6438, 310.151
14.7961, 310.151
14.8081, 310.151
15.2319, 310.151
15.466, 310.151
15.5264, 310.151
15.7117, 310.151
16.1771, 310.151
16.2345, 310.151
16.6192, 310.151
16.7668, 310.151
16.9309, 310.151
16.9772, 310.151
17.2999, 310.151
17.5, 310.151
17.6, 310.151
17.67, 310.151
17.8495, 310.151
17.8913, 310.151
17.9736, 310.151
18.4529, 310.151
18.4709, 310.151
18.8665, 310.151
19.2199, 310.151
19.4539, 310.151
19.6047, 310.151
19.8594, 310.151
20.1007, 310.151
20.5531, 310.151
20.653, 310.151
20.6632, 310.151
20.686, 310.151
20.7128, 310.151
20.7327, 310.151
21.0334, 310.151
21.2868, 310.151
21.3868, 310.151
21.6064, 310.151
21.7547, 310.151
22.0962, 310.151
22.1825, 310.151
22.5149, 310.151
22.5538, 310.152
22.9507, 310.152
23.0495, 310.152
23.2884, 310.152
23.7994, 310.152
23.9464, 310.152
24.2563, 310.152
24.3468, 310.152
24.512, 310.152
24.692, 310.152
24.9899, 310.152
25.1739, 310.152
25.5264, 310.152
25.644, 310.152
25.8859, 310.152
26.187, 310.152
26.4093, 310.152
26.8295, 310.153
26.8859, 310.153
27.2831, 310.153
27.4601, 310.153
27.6843, 310.153
27.9337, 310.153
28.2722, 310.153
28.3454, 310.153
28.4418, 310.153
28.6171, 310.153
28.8292, 310.153
28.9785, 310.153
29.1175, 310.154
29.281, 310.154
29.7707, 310.154
29.839, 310.154
30.0296, 310.154
30.1345, 310.154
30.1751, 310.154
30.3173, 310.154
30.3576, 310.154
30.5837, 310.154
30.5982, 310.154
30.6746, 310.154
31.0768, 310.155
31.1101, 310.155
31.123, 310.155
31.2009, 310.155
31.5314, 310.155
32.0586, 310.155
32.1668, 310.155
32.3987, 310.155
32.4097, 310.155
32.4278, 310.156
32.6946, 310.156
33.2609, 310.156
33.4774, 310.156
33.7656, 310.157
33.8001, 310.157
34.2031, 310.157
34.3883, 310.157
34.647, 310.158
35.0021, 310.158
35.0231, 310.158
35.3158, 310.158
35.6404, 310.159
35.9897, 310.159
36.0518, 310.159
36.1423, 310.159
36.4283, 310.16
36.7404, 310.16
37.2586, 310.161
37.3264, 310.161
37.3377, 310.161
37.4473, 310.161
37.4473, 310.161
38.2541, 310.162
38.2639, 310.162
38.2918, 310.163
38.8038, 310.163
38.9325, 310.164
39.0063, 310.164
39.0777, 310.164
39.293, 310.164
39.6228, 310.165
39.6837, 310.165
40.199, 310.166
40.2652, 310.167
40.314, 310.167
40.4792, 310.167
40.5383, 310.167
41.0665, 310.169
41.0853, 310.169
41.1123, 310.169
41.179, 310.169
41.3146, 310.169
41.3426, 310.17
41.7255, 310.171
41.8226, 310.171
42.0304, 310.172
42.9266, 310.175
42.9659, 310.175
42.9678, 310.175
42.977, 310.175
42.9788, 310.175
42.9882, 310.175
43.7658, 310.178
44.0726, 310.179
44.1487, 310.18
44.5674, 310.182
44.6971, 310.182
45.0982, 310.184
45.1539, 310.185
45.1939, 310.185
45.4298, 310.186
45.5103, 310.187
45.9091, 310.189
46.2977, 310.191
46.5273, 310.193
46.5399, 310.193
46.5475, 310.193
46.56, 310.193
46.5913, 310.193
47.1568, 310.197
47.2355, 310.198
47.3692, 310.199
47.6064, 310.201
47.7014, 310.201
47.9077, 310.203
47.9981, 310.204
48.1237, 310.205
48.2773, 310.206
48.3384, 310.207
48.5611, 310.209
49.1638, 310.215
49.185, 310.215
49.2614, 310.216
49.2818, 310.216
49.3153, 310.216
50.0148, 310.224
50.059, 310.225
50.1242, 310.226
50.4039, 310.229
50.6904, 310.233
51.1501, 310.24
51.4877, 310.245
51.496, 310.245
51.6606, 310.248
51.8361, 310.251
52.2539, 310.258
52.2893, 310.258
52.3214, 310.259
52.9439, 310.271
52.9961, 310.272
53.0564, 310.274
53.1828, 310.276
53.211, 310.277
53.5541, 310.285
53.8364, 310.292
53.9196, 310.294
54.0284, 310.297
54.0705, 310.298
54.4107, 310.308
54.7141, 310.316
54.9296, 310.322
54.9541, 310.323
54.9997, 310.325
55.5452, 310.343
55.632, 310.347
55.8551, 310.354
56.118, 310.366
56.1758, 310.369
56.3508, 310.375
56.579, 310.387
56.7111, 310.393
57.0233, 310.41
57.3461, 310.429
57.5856, 310.445
57.7111, 310.454
57.7298, 310.455
57.8365, 310.466
58, 310.482
58.1184, 310.483
58.1266, 310.483
58.128, 310.483
58.1329, 310.483
58.2402, 310.483
58.2484, 310.483
58.2519, 310.483
58.2606, 310.483
58.2959, 310.483
58.334, 310.483
58.353, 310.483
58.4022, 310.483
58.4028, 310.483
58.4097, 310.483
58.4688, 310.484
58.4709, 310.484
58.4766, 310.484
58.5243, 310.484
58.5504, 310.484
58.5678, 310.484
58.5986, 310.484
58.644, 310.484
58.6573, 310.484
58.6694, 310.484
58.702, 310.484
58.7066, 310.484
58.7121, 310.485
58.7594, 310.485
58.7843, 310.485
58.799, 310.485
58.8564, 310.485
58.8755, 310.485
58.9056, 310.485
58.9322, 310.485
58.9937, 310.486
59.0023, 310.486
59.0393, 310.486
59.049, 310.486
59.0529, 310.486
59.0957, 310.486
59.105, 310.486
59.1228, 310.486
59.147, 310.487
59.1997, 310.487
59.2271, 310.487
59.2499, 310.487
59.2791, 310.487
59.2996, 310.487
59.3529, 310.488
59.3722, 310.488
59.4098, 310.488
59.425, 310.488
59.4668, 310.488
59.5142, 310.489
59.5334, 310.489
59.5678, 310.489
59.6028, 310.489
59.6054, 310.489
59.6091, 310.489
59.6494, 310.489
59.6644, 310.489
59.6814, 310.49
59.6962, 310.49
59.7277, 310.49
59.7604, 310.49
59.7717, 310.49
59.7791, 310.49
59.7867, 310.49
59.8426, 310.491
59.9002, 310.491
59.9167, 310.491
59.9645, 310.491
60.0193, 310.492
60.0292, 310.492
60.0661, 310.492
60.0944, 310.492
60.146, 310.493
60.1702, 310.493
60.2343, 310.493
60.2501, 310.493
60.2671, 310.493
60.2912, 310.494
60.3262, 310.494
60.3296, 310.494
60.331, 310.494
60.3776, 310.494
60.4075, 310.494
60.4174, 310.495
60.4412, 310.495
60.5063, 310.495
60.5144, 310.495
60.5232, 310.495
60.5309, 310.495
60.5423, 310.495
60.5719, 310.496
60.6314, 310.496
60.674, 310.497
60.6825, 310.497
60.6952, 310.497
60.7334, 310.497
60.7773, 310.497
60.7992, 310.498
60.8438, 310.498
60.8544, 310.498
60.9016, 310.498
60.9215, 310.499
60.9703, 310.499
60.9722, 310.499
60.9743, 310.499
60.9991, 310.499
61.0068, 310.499
61.0225, 310.499
61.0546, 310.5
61.0814, 310.5
61.1324, 310.5
61.1539, 310.5
61.178, 310.501
61.1842, 310.501
61.2224, 310.501
61.2289, 310.501
61.2586, 310.501
61.2794, 310.502
61.2994, 310.502
61.3376, 310.502
61.3493, 310.502
61.3637, 310.502
61.3948, 310.503
61.4427, 310.503
61.4546, 310.503
61.48, 310.503
61.5016, 310.504
61.5134, 310.504
61.5522, 310.504
61.5661, 310.504
61.6422, 310.505
61.6796, 310.505
61.7093, 310.506
61.7753, 310.506
61.8179, 310.507
61.8293, 310.507
61.8372, 310.507
61.8656, 310.507
61.8656, 310.507
61.8659, 310.507
61.916, 310.508
61.9164, 310.508
61.9521, 310.508
61.9697, 310.508
62.0069, 310.509
62.0518, 310.509
62.1015, 310.509
62.1037, 310.51
62.1518, 310.51
62.1751, 310.51
62.2119, 310.511
62.2441, 310.511
62.2963, 310.512
62.3058, 310.512
62.3452, 310.512
62.3828, 310.512
62.3885, 310.513
62.4293, 310.513
62.4719, 310.513
62.4842, 310.514
62.4898, 310.514
62.5099, 310.514
62.5296, 310.514
62.5448, 310.514
62.5638, 310.514
62.5937, 310.515
62.6031, 310.515
62.6243, 310.515
62.65, 310.515
62.6534, 310.515
62.6617, 310.516
62.6809, 310.516
62.6913, 310.516
62.7401, 310.516
62.7418, 310.516
62.7584, 310.517
62.7609, 310.517
62.8037, 310.517
62.8277, 310.517
62.8377, 310.518
62.8942, 310.518
62.9295, 310.519
62.9518, 310.519
63.0126, 310.52
63.0163, 310.52
63.0477, 310.52
63.061, 310.52
63.088, 310.52
63.1097, 310.521
63.163, 310.521
63.1985, 310.522
63.2439, 310.522
63.2557, 310.522
63.2687, 310.523
63.3135, 310.523
63.3231, 310.523
63.3316, 310.523
63.3649, 310.524
63.3891, 310.524
63.431, 310.525
63.4328, 310.525
63.4336, 310.525
63.4845, 310.525
63.5131, 310.526
63.5184, 310.526
63.558, 310.526
63.5956, 310.527
63.6048, 310.527
63.7106, 310.528
63.7331, 310.528
63.7482, 310.529
63.7614, 310.529
63.7818, 310.529
63.819, 310.53
63.8614, 310.53
63.8716, 310.53
63.8768, 310.53
63.9312, 310.531
63.9671, 310.532
63.9989, 310.532
64.0368, 310.533
64.0463, 310.533
64.0889, 310.533
64.1196, 310.534
64.1367, 310.534
64.1759, 310.534
64.185, 310.535
64.188, 310.535
64.2248, 310.535
64.2309, 310.535
64.2743, 310.536
64.297, 310.536
64.3566, 310.537
64.3802, 310.537
64.434, 310.538
64.4558, 310.538
64.4867, 310.539
64.5172, 310.539
64.5736, 310.54
64.6104, 310.541
64.646, 310.541
64.6962, 310.542
64.6999, 310.542
64.7091, 310.542
64.7831, 310.543
64.797, 310.543
64.8011, 310.543
64.8458, 310.544
64.8529, 310.544
64.8679, 310.544
64.9033, 310.545
64.9237, 310.545
64.9407, 310.545
64.9846, 310.546
65.0166, 310.547
65.0207, 310.547
65.0226, 310.547
65.0588, 310.547
65.0925, 310.548
65.1128, 310.548
65.1463, 310.549
65.1695, 310.549
65.2134, 310.55
65.265, 310.55
65.2668, 310.55
65.3269, 310.551
65.3305, 310.551
65.339, 310.552
65.3518, 310.552
65.3823, 310.552
65.3846, 310.552
65.3857, 310.552
65.427, 310.553
65.4667, 310.554
65.4761, 310.554
65.4941, 310.554
65.5214, 310.554
65.5309, 310.555
65.5725, 310.555
65.6134, 310.556
65.6226, 310.556
65.6588, 310.557
65.6982, 310.557
65.7019, 310.557
65.7103, 310.558
65.7839, 310.559
65.8211, 310.559
65.8356, 310.56
65.8522, 310.56
65.8596, 310.56
65.8777, 310.56
65.916, 310.561
65.9335, 310.561
65.9599, 310.562
65.9989, 310.562
66.0487, 310.563
66.0602, 310.563
66.0722, 310.564
66.1149, 310.564
66.158, 310.565
66.1765, 310.565
66.2197, 310.566
66.2497, 310.567
66.2805, 310.567
66.3378, 310.568
66.3815, 310.569
66.4185, 310.57
66.4219, 310.57
66.4259, 310.57
66.4671, 310.571
66.5025, 310.571
66.5161, 310.571
66.5409, 310.572
66.5617, 310.572
66.5759, 310.572
66.603, 310.573
66.6173, 310.573
66.6463, 310.574
66.6815, 310.574
66.6999, 310.575
66.7405, 310.575
66.7513, 310.576
66.7981, 310.577
66.8091, 310.577
66.8126, 310.577
66.8415, 310.577
66.8455, 310.577
66.8573, 310.578
66.8981, 310.578
66.9665, 310.58
66.9832, 310.58
67.0256, 310.581
67.0338, 310.581
67.0415, 310.581
67.0767, 310.582
67.1089, 310.582
67.1118, 310.582
67.1632, 310.583
67.1851, 310.584
67.2249, 310.585
67.2423, 310.585
67.2893, 310.586
67.3233, 310.586
67.3346, 310.587
67.3892, 310.588
67.4177, 310.588
67.4349, 310.589
67.4607, 310.589
67.4635, 310.589
67.5041, 310.59
67.5162, 310.59
67.5538, 310.591
67.5589, 310.591
67.6045, 310.592
67.6279, 310.592
67.6426, 310.593
67.6649, 310.593
67.6895, 310.594
67.7129, 310.594
67.7223, 310.594
67.7257, 310.594
67.7505, 310.595
67.761, 310.595
67.7835, 310.596
67.8248, 310.596
67.8547, 310.597
67.9073, 310.598
67.9136, 310.598
67.9411, 310.599
67.9564, 310.599
67.9776, 310.6
67.9997, 310.6
68.0375, 310.601
68.043, 310.601
68.0619, 310.601
68.0936, 310.602
68.1207, 310.602
68.1656, 310.603
68.1694, 310.604
68.2095, 310.604
68.2443, 310.605
68.2749, 310.606
68.2889, 310.606
68.3207, 310.607
68.3623, 310.608
68.3688, 310.608
68.4187, 310.609
68.4697, 310.61
68.4824, 310.61
68.4864, 310.61
68.5046, 310.611
68.5303, 310.611
68.5502, 310.612
68.5585, 310.612
68.5786, 310.612
68.5841, 310.612
68.5969, 310.613
68.6011, 310.613
68.6138, 310.613
68.6191, 310.613
68.645, 310.614
68.6542, 310.614
68.695, 310.615
68.6956, 310.615
68.7399, 310.616
68.7574, 310.616
68.7793, 310.617
68.813, 310.617
68.825, 310.618
68.8612, 310.619
68.9, 310.619
68.9111, 310.62
68.9682, 310.621
68.9701, 310.621
69.0237, 310.622
69.03, 310.622
69.059, 310.623
69.0954, 310.624
69.1147, 310.624
69.1542, 310.625
69.1577, 310.625
69.1952, 310.626
69.2095, 310.626
69.2349, 310.627
69.2745, 310.628
69.3069, 310.629
69.3375, 310.629
69.3435, 310.63
69.3899, 310.631
69.4325, 310.632
69.4374, 310.632
69.4398, 310.632
69.5026, 310.633
69.5097, 310.633
69.5799, 310.635
69.5909, 310.635
69.654, 310.637
69.656, 310.637
69.6799, 310.637
69.6853, 310.638
69.728, 310.639
69.7715, 310.64
69.79, 310.64
69.8548, 310.642
69.8577, 310.642
69.9029, 310.643
69.9254, 310.643
69.9724, 310.645
69.9919, 310.645
70.0404, 310.646
70.0508, 310.647
70.0778, 310.647
70.1033, 310.648
70.1184, 310.648
70.1391, 310.649
70.1687, 310.649
70.1923, 310.65
70.2259, 310.651
70.2273, 310.651
70.2283, 310.651
70.2956, 310.653
70.3087, 310.653
70.3121, 310.653
70.3721, 310.655
70.3859, 310.655
70.4147, 310.656
70.4485, 310.657
70.4738, 310.657
70.4973, 310.658
70.505, 310.658
70.5323, 310.659
70.5815, 310.66
70.5881, 310.66
70.6325, 310.661
70.6875, 310.663
70.7113, 310.663
70.7623, 310.665
70.7628, 310.665
70.8071, 310.666
70.8144, 310.666
70.8363, 310.667
70.851, 310.667
70.8713, 310.668
70.902, 310.668
70.9346, 310.669
70.9365, 310.669
70.9966, 310.671
70.9973, 310.671
70.9973, 310.671
70.9974, 310.671
71.0484, 310.672
71.0948, 310.674
71.1106, 310.674
71.1485, 310.675
71.1558, 310.675
71.1886, 310.676
71.2216, 310.677
71.2246, 310.677
71.2265, 310.677
71.2327, 310.677
71.2766, 310.679
71.3499, 310.681
71.3521, 310.681
71.3962, 310.682
71.4396, 310.683
71.4398, 310.683
71.44, 310.683
71.4918, 310.685
71.568, 310.687
71.5814, 310.687
71.6375, 310.689
71.6522, 310.689
71.6813, 310.69
71.7355, 310.691
71.7359, 310.691
71.7726, 310.693
71.8013, 310.693
71.8221, 310.694
71.8523, 310.695
71.8744, 310.695
71.914, 310.697
71.917, 310.697
71.9375, 310.697
71.9382, 310.697
71.9497, 310.698
71.9508, 310.698
71.9771, 310.698
71.9946, 310.699
72.015, 310.7
72.0449, 310.7
72.0696, 310.701
72.1192, 310.703
72.1337, 310.703
72.1558, 310.704
72.2034, 310.705
72.2161, 310.705
72.2668, 310.707
72.2742, 310.707
72.3229, 310.709
72.3748, 310.71
72.4061, 310.711
72.4484, 310.712
72.4501, 310.712
72.4617, 310.713
72.5112, 310.714
72.521, 310.715
72.5273, 310.715
72.5589, 310.716
72.6191, 310.718
72.6381, 310.718
72.673, 310.719
72.676, 310.719
72.715, 310.721
72.7363, 310.721
72.7565, 310.722
72.7854, 310.723
72.7922, 310.723
72.8371, 310.724
72.8585, 310.725
72.8719, 310.725
72.8878, 310.726
72.9197, 310.727
72.9421, 310.728
72.9865, 310.729
72.9911, 310.729
73.0668, 310.732
73.0716, 310.732
73.0755, 310.732
73.1183, 310.733
73.1492, 310.734
73.1534, 310.734
73.2072, 310.736
73.2345, 310.737
73.2395, 310.737
73.2791, 310.738
73.3218, 310.74
73.344, 310.741
73.3631, 310.741
73.3813, 310.742
73.4271, 310.743
73.48, 310.745
73.4871, 310.745
73.5159, 310.746
73.5527, 310.747
73.5731, 310.748
73.5974, 310.749
73.6353, 310.75
73.6774, 310.752
73.6955, 310.752
73.7278, 310.753
73.7443, 310.754
73.7962, 310.756
73.8345, 310.757
73.8485, 310.757
73.9416, 310.76
73.9586, 310.761
73.9688, 310.761
74.0017, 310.762
74.0269, 310.763
74.0513, 310.764
74.0687, 310.765
74.0844, 310.765
74.1117, 310.766
74.1473, 310.767
74.1626, 310.768
74.1813, 310.769
74.2195, 310.77
74.236, 310.771
74.2496, 310.771
74.2749, 310.772
74.3165, 310.773
74.3376, 310.774
74.3736, 310.775
74.3939, 310.776
74.416, 310.777
74.4429, 310.778
74.4816, 310.779
74.4914, 310.78
74.5156, 310.78
74.544, 310.781
74.64, 310.785
74.6411, 310.785
74.6419, 310.785
74.7022, 310.787
74.7075, 310.787
74.7379, 310.788
74.7802, 310.79
74.7892, 310.79
74.8259, 310.792
74.8768, 310.793
74.8844, 310.794
74.9349, 310.796
74.938, 310.796
74.9388, 310.796
74.9468, 310.796
75.0024, 310.798
75.0274, 310.799
75.0501, 310.8
75.0712, 310.801
75.1113, 310.802
75.1513, 310.804
75.1893, 310.805
75.2, 310.805
75.218, 310.806
75.2536, 310.807
75.2774, 310.808
75.3238, 310.81
75.3301, 310.81
75.3579, 310.811
75.3697, 310.812
75.3944, 310.813
75.4684, 310.816
75.4768, 310.816
75.482, 310.816
75.516, 310.817
75.5685, 310.82
75.5944, 310.821
75.6151, 310.821
75.6876, 310.824
75.691, 310.824
75.724, 310.826
75.7508, 310.827
75.7601, 310.827
75.7648, 310.827
75.7721, 310.827
75.8053, 310.829
75.8314, 310.83
75.8445, 310.83
75.859, 310.831
75.9199, 310.833
75.9322, 310.834
75.9441, 310.834
75.9877, 310.836
76.0112, 310.837
76.0261, 310.838
76.0689, 310.839
76.0997, 310.84
76.1227, 310.841
76.137, 310.842
76.1807, 310.844
76.2145, 310.845
76.2277, 310.846
76.2434, 310.846
76.2744, 310.848
76.3011, 310.849
76.3409, 310.85
76.3673, 310.851
76.3963, 310.853
76.4047, 310.853
76.4656, 310.855
76.4917, 310.856
76.5246, 310.858
76.5531, 310.859
76.5651, 310.86
76.6084, 310.861
76.6303, 310.862
76.6624, 310.864
76.7149, 310.866
76.7308, 310.867
76.7461, 310.867
76.7904, 310.869
76.8235, 310.87
76.8347, 310.871
76.8793, 310.873
76.9025, 310.874
76.9171, 310.874
76.9587, 310.876
76.9641, 310.876
76.9752, 310.877
77.0101, 310.878
77.0289, 310.879
77.0554, 310.88
77.0733, 310.881
77.1075, 310.883
77.1307, 310.884
77.1761, 310.886
77.2195, 310.888
77.2284, 310.888
77.234, 310.888
77.2943, 310.891
77.3091, 310.891
77.3478, 310.893
77.3502, 310.893
77.355, 310.894
77.4262, 310.897
77.4631, 310.898
77.4768, 310.899
77.4963, 310.9
77.5031, 310.9
77.5654, 310.903
77.5741, 310.903
77.6405, 310.906
77.6661, 310.907
77.6827, 310.908
77.7206, 310.91
77.7213, 310.91
77.7723, 310.912
77.7803, 310.913
77.8578, 310.916
77.8737, 310.917
77.9095, 310.919
77.912, 310.919
77.9441, 310.92
77.9558, 310.921
77.9627, 310.921
77.9786, 310.922
78.0087, 310.923
78.0364, 310.925
78.0502, 310.925
78.0803, 310.927
78.1141, 310.928
78.1482, 310.93
78.1698, 310.931
78.2021, 310.932
78.2133, 310.933
78.2313, 310.934
78.2578, 310.935
78.2755, 310.936
78.303, 310.937
78.3204, 310.938
78.3578, 310.94
78.3633, 310.94
78.372, 310.94
78.3944, 310.941
78.4208, 310.943
78.43, 310.943
78.4575, 310.944
78.4922, 310.946
78.5515, 310.949
78.5677, 310.95
78.573, 310.95
78.6143, 310.952
78.6264, 310.953
78.6386, 310.953
78.6604, 310.954
78.7236, 310.957
78.7269, 310.958
78.7283, 310.958
78.7653, 310.96
78.787, 310.961
78.7883, 310.961
78.8144, 310.962
78.8353, 310.963
78.836, 310.963
78.8758, 310.965
78.8836, 310.965
78.9022, 310.966
78.9406, 310.968
78.9865, 310.971
79.0191, 310.972
79.0493, 310.974
79.07, 310.975
79.081, 310.975
79.1073, 310.977
79.1547, 310.979
79.1627, 310.979
79.1976, 310.981
79.2025, 310.981
79.2136, 310.982
79.2597, 310.984
79.2803, 310.985
79.2975, 310.986
79.3479, 310.989
79.3584, 310.989
79.3751, 310.99
79.4042, 310.992
79.4278, 310.993
79.4536, 310.994
79.4616, 310.995
79.4983, 310.997
79.5165, 310.998
79.5457, 310.999
79.5667, 311
79.5938, 311.002
79.6253, 311.003
79.6458, 311.004
79.6813, 311.006
79.6983, 311.007
79.7261, 311.009
79.742, 311.01
79.7494, 311.01
79.7928, 311.012
79.8406, 311.015
79.8728, 311.017
79.873, 311.017
79.8736, 311.017
79.8749, 311.017
79.9288, 311.02
79.9548, 311.021
79.9987, 311.023
80.0148, 311.024
80.0399, 311.026
80.1024, 311.029
80.1528, 311.032
80.1537, 311.032
80.1546, 311.032
80.1552, 311.032
80.2164, 311.035
80.2735, 311.038
80.3013, 311.04
80.3153, 311.041
80.327, 311.041
80.3664, 311.044
80.3925, 311.045
80.4141, 311.046
80.4524, 311.048
80.4772, 311.05
80.4955, 311.051
80.5415, 311.053
80.5518, 311.054
80.6033, 311.057
80.6331, 311.059
80.6542, 311.06
80.6867, 311.062
80.7164, 311.063
80.8081, 311.069
80.8309, 311.07
80.858, 311.071
80.8737, 311.072
80.9309, 311.076
80.9569, 311.077
80.9842, 311.079
81.0158, 311.081
81.0184, 311.081
81.0268, 311.081
81.0574, 311.083
81.0647, 311.084
81.1367, 311.088
81.1698, 311.09
81.1884, 311.091
81.2089, 311.092
81.2191, 311.093
81.2324, 311.093
81.256, 311.095
81.2727, 311.096
81.285, 311.097
81.3003, 311.097
81.3222, 311.099
81.3598, 311.101
81.3926, 311.103
81.414, 311.104
81.4651, 311.107
81.4696, 311.108
81.5151, 311.11
81.5167, 311.111
81.5176, 311.111
81.5269, 311.111
81.5743, 311.114
81.5888, 311.115
81.6341, 311.118
81.6549, 311.119
81.6904, 311.121
81.7044, 311.122
81.7494, 311.125
81.7681, 311.126
81.7909, 311.127
81.8146, 311.129
81.8534, 311.131
81.8793, 311.133
81.9097, 311.135
81.9173, 311.135
81.9304, 311.136
81.9595, 311.138
82.0082, 311.141
82.0083, 311.141
82.0085, 311.141
82.0427, 311.143
82.0764, 311.145
82.0819, 311.146
82.1045, 311.147
82.127, 311.149
82.1797, 311.152
82.1876, 311.152
82.1946, 311.153
82.2406, 311.156
82.2764, 311.158
82.2947, 311.159
82.3007, 311.16
82.3312, 311.162
82.3736, 311.164
82.3751, 311.165
82.3767, 311.165
82.4008, 311.166
82.5078, 311.173
82.5079, 311.173
82.5081, 311.173
82.509, 311.173
82.5612, 311.177
82.5684, 311.177
82.6263, 311.181
82.6678, 311.184
82.6727, 311.184
82.6743, 311.184
82.715, 311.187
82.7503, 311.189
82.7627, 311.19
82.7998, 311.193
82.8123, 311.193
82.8369, 311.195
82.871, 311.197
82.8769, 311.198
82.9009, 311.199
82.9329, 311.202
82.9574, 311.203
82.9876, 311.205
83.0235, 311.208
83.0394, 311.209
83.0618, 311.21
83.1044, 311.213
83.1457, 311.216
83.1624, 311.217
83.2171, 311.221
83.2485, 311.223
83.2783, 311.225
83.2997, 311.227
83.3112, 311.228
83.3353, 311.229
83.3984, 311.234
83.4125, 311.235
83.4171, 311.235
83.4573, 311.238
83.4928, 311.24
83.5127, 311.242
83.5859, 311.247
83.6208, 311.25
83.6499, 311.252
83.6615, 311.253
83.6771, 311.254
83.7421, 311.258
83.7773, 311.261
83.8256, 311.264
83.8355, 311.265
83.8787, 311.268
83.9037, 311.27
83.9183, 311.271
83.9488, 311.273
83.9536, 311.274
83.9568, 311.274
83.9584, 311.274
83.9999, 311.277
84.0361, 311.28
84.0579, 311.281
84.1023, 311.285
84.1563, 311.289
84.2018, 311.292
84.2214, 311.294
84.2849, 311.298
84.3412, 311.303
84.3508, 311.303
84.388, 311.306
84.3988, 311.307
84.4241, 311.309
84.4453, 311.311
84.459, 311.312
84.4892, 311.314
84.5038, 311.315
84.5451, 311.318
84.5535, 311.319
84.5869, 311.321
84.6076, 311.323
84.6229, 311.324
84.6479, 311.326
84.6665, 311.328
84.7316, 311.333
84.734, 311.333
84.7426, 311.334
84.7846, 311.337
84.8041, 311.338
84.8261, 311.34
84.8601, 311.343
84.9044, 311.346
84.9409, 311.349
84.9647, 311.351
84.9854, 311.353
85.0071, 311.354
85.0296, 311.356
85.0616, 311.359
85.0985, 311.362
85.1542, 311.366
85.1566, 311.366
85.1668, 311.367
85.1972, 311.37
85.2022, 311.37
85.2145, 311.371
85.2375, 311.373
85.2477, 311.374
85.305, 311.378
85.3143, 311.379
85.3163, 311.379
85.3196, 311.38
85.375, 311.384
85.3892, 311.385
85.405, 311.387
85.4277, 311.389
85.4763, 311.393
85.5037, 311.395
85.5267, 311.397
85.5841, 311.402
85.604, 311.403
85.636, 311.406
85.6503, 311.407
85.6696, 311.409
85.7078, 311.412
85.731, 311.414
85.7556, 311.416
85.7833, 311.418
85.8066, 311.42
85.8381, 311.423
85.8774, 311.426
85.8915, 311.427
85.902, 311.428
85.9281, 311.431
85.9317, 311.431
85.9748, 311.435
85.9909, 311.436
86.0207, 311.439
86.031, 311.439
86.0593, 311.442
86.1114, 311.446
86.1326, 311.448
86.1504, 311.45
86.1914, 311.453
86.2149, 311.456
86.2392, 311.458
86.2457, 311.458
86.2558, 311.459
86.2861, 311.462
86.3082, 311.464
86.333, 311.466
86.3394, 311.467
86.3549, 311.468
86.3997, 311.472
86.416, 311.473
86.4232, 311.474
86.4368, 311.475
86.4681, 311.478
86.4932, 311.48
86.5201, 311.483
86.5314, 311.484
86.5385, 311.484
86.5641, 311.487
86.5844, 311.488
86.6054, 311.49
86.624, 311.492
86.6504, 311.494
86.6842, 311.498
86.7092, 311.5
86.7377, 311.502
86.7387, 311.502
86.7396, 311.503
86.7895, 311.507
86.8005, 311.508
86.8201, 311.51
86.8481, 311.513
86.8584, 311.513
86.9136, 311.519
86.9495, 311.522
86.9722, 311.524
86.9927, 311.526
87.0469, 311.531
87.073, 311.534
87.1549, 311.541
87.1789, 311.544
87.2063, 311.546
87.26, 311.551
87.2604, 311.551
87.2752, 311.553
87.3329, 311.558
87.3503, 311.56
87.3902, 311.564
87.4128, 311.566
87.4441, 311.569
87.4522, 311.57
87.5142, 311.576
87.5332, 311.578
87.5536, 311.58
87.6213, 311.586
87.6398, 311.588
87.6472, 311.589
87.681, 311.592
87.6903, 311.593
87.7231, 311.596
87.7329, 311.597
87.7863, 311.603
87.8071, 311.605
87.8212, 311.606
87.8489, 311.609
87.8681, 311.611
87.8858, 311.613
87.9187, 311.616
87.9607, 311.62
87.9744, 311.621
87.9813, 311.622
87.9895, 311.623
88.029, 311.627
88.0334, 311.627
88.0639, 311.631
88.0831, 311.633
88.109, 311.635
88.1285, 311.637
88.1637, 311.641
88.195, 311.644
88.2002, 311.645
88.2049, 311.645
88.241, 311.649
88.2701, 311.652
88.2895, 311.654
88.3033, 311.655
88.3338, 311.658
88.3663, 311.662
88.3765, 311.663
88.3871, 311.664
88.4403, 311.67
88.4516, 311.671
88.4869, 311.674
88.5356, 311.68
88.5448, 311.681
88.556, 311.682
88.5777, 311.684
88.6085, 311.687
88.634, 311.69
88.6807, 311.695
88.7191, 311.699
88.7198, 311.699
88.7594, 311.704
88.7594, 311.704
88.7603, 311.704
88.8448, 311.713
88.8832, 311.717
88.8943, 311.718
88.9016, 311.719
88.9245, 311.721
88.9594, 311.725
88.989, 311.729
89.0268, 311.733
89.0312, 311.733
89.0405, 311.734
89.098, 311.741
89.1192, 311.743
89.1289, 311.744
89.152, 311.747
89.1728, 311.749
89.228, 311.755
89.2389, 311.756
89.2741, 311.76
89.295, 311.763
89.319, 311.765
89.3502, 311.769
89.3979, 311.774
89.4039, 311.775
89.4189, 311.777
89.463, 311.782
89.4853, 311.784
89.4927, 311.785
89.5421, 311.791
89.5465, 311.791
89.6156, 311.799
89.6196, 311.8
89.6218, 311.8
89.6279, 311.801
89.6942, 311.808
89.7212, 311.812
89.7568, 311.816
89.7746, 311.818
89.796, 311.82
89.8176, 311.823
89.8375, 311.825
89.8853, 311.831
89.928, 311.836
89.9508, 311.839
89.9599, 311.84
90.0094, 311.846
90.0188, 311.847
90.0643, 311.852
90.0917, 311.856
90.1301, 311.86
90.165, 311.864
90.1762, 311.866
90.2148, 311.87
90.253, 311.875
90.2873, 311.879
90.3214, 311.884
90.3237, 311.884
90.3769, 311.89
90.4067, 311.894
90.41, 311.894
90.45, 311.899
90.4842, 311.904
90.4929, 311.905
90.5378, 311.91
90.5398, 311.911
90.5413, 311.911
90.5746, 311.915
90.6026, 311.919
90.6572, 311.925
90.6625, 311.926
90.6637, 311.926
90.6926, 311.93
90.7096, 311.932
90.734, 311.935
90.7477, 311.937
90.7658, 311.939
90.7884, 311.942
90.7922, 311.943
90.7938, 311.943
90.8282, 311.947
90.8924, 311.956
90.9577, 311.964
90.9651, 311.965
90.9664, 311.965
90.9683, 311.965
90.993, 311.969
91.0083, 311.971
91.0427, 311.975
91.0641, 311.978
91.0938, 311.982
91.1237, 311.986
91.1686, 311.992
91.1985, 311.996
91.2118, 311.997
91.2506, 312.002
91.2594, 312.004
91.2668, 312.005
91.3187, 312.012
91.3272, 312.013
91.3767, 312.019
91.3875, 312.021
91.4346, 312.027
91.4714, 312.032
91.4833, 312.034
91.4923, 312.035
91.5237, 312.039
91.575, 312.046
91.5983, 312.049
91.6097, 312.051
91.6568, 312.058
91.6571, 312.058
91.6663, 312.059
91.699, 312.063
91.6999, 312.063
91.7017, 312.064
91.7597, 312.072
91.7795, 312.075
91.8044, 312.078
91.85, 312.084
91.851, 312.085
91.8528, 312.085
91.9017, 312.092
91.928, 312.095
91.9593, 312.1
91.9732, 312.102
91.9902, 312.104
92.0075, 312.107
92.0463, 312.112
92.0581, 312.114
92.0609, 312.114
92.0774, 312.117
92.0924, 312.119
92.1081, 312.121
92.138, 312.125
92.1782, 312.131
92.1792, 312.131
92.2219, 312.137
92.2427, 312.14
92.2586, 312.143
92.3025, 312.149
92.318, 312.151
92.3332, 312.154
92.3598, 312.158
92.3899, 312.162
92.3949, 312.163
92.4257, 312.167
92.4309, 312.168
92.4388, 312.169
92.463, 312.173
92.4945, 312.177
92.5297, 312.183
92.5402, 312.184
92.592, 312.192
92.6074, 312.194
92.6639, 312.203
92.6667, 312.203
92.7151, 312.211
92.7632, 312.218
92.7667, 312.218
92.8235, 312.227
92.8263, 312.227
92.8347, 312.229
92.8728, 312.235
92.8862, 312.237
92.892, 312.238
92.9221, 312.242
92.9525, 312.247
92.9551, 312.247
92.9942, 312.253
93.011, 312.256
93.0336, 312.259
93.057, 312.263
93.0617, 312.264
93.069, 312.265
93.0892, 312.268
93.151, 312.278
93.1817, 312.283
93.2233, 312.289
93.2245, 312.289
93.2268, 312.29
93.286, 312.299
93.332, 312.307
93.3502, 312.31
93.3752, 312.314
93.3905, 312.316
93.4169, 312.32
93.4247, 312.321
93.4338, 312.323
93.4744, 312.33
93.5197, 312.337
93.5327, 312.339
93.546, 312.341
93.6214, 312.354
93.6283, 312.355
93.6348, 312.356
93.6771, 312.363
93.6975, 312.366
93.7178, 312.369
93.7249, 312.371
93.7523, 312.375
93.7943, 312.382
93.7948, 312.382
93.7995, 312.383
93.838, 312.39
93.8413, 312.39
93.9156, 312.403
93.9217, 312.404
93.955, 312.409
93.9951, 312.416
93.9998, 312.417
94.0481, 312.425
94.079, 312.43
94.0887, 312.432
94.1381, 312.441
94.1464, 312.442
94.1781, 312.447
94.2177, 312.454
94.2235, 312.455
94.229, 312.456
94.289, 312.467
94.3636, 312.48
94.3908, 312.485
94.4248, 312.491
94.4491, 312.495
94.5016, 312.504
94.5046, 312.505
94.5649, 312.516
94.5692, 312.516
94.5914, 312.52
94.6245, 312.526
94.6588, 312.533
94.6712, 312.535
94.6849, 312.537
94.6977, 312.54
94.7313, 312.546
94.7832, 312.555
94.8199, 312.562
94.8361, 312.565
94.878, 312.573
94.9213, 312.581
94.939, 312.584
94.9896, 312.593
94.9976, 312.595
95.0446, 312.604
95.0805, 312.61
95.0938, 312.613
95.1434, 312.622
95.1588, 312.625
95.1815, 312.63
95.2546, 312.643
95.2582, 312.644
95.2585, 312.644
95.3104, 312.654
95.3121, 312.655
95.3269, 312.657
95.3723, 312.666
95.3792, 312.668
95.4411, 312.68
95.4468, 312.681
95.4837, 312.688
95.5207, 312.695
95.5329, 312.698
95.5657, 312.704
95.586, 312.708
95.6511, 312.721
95.6595, 312.723
95.6921, 312.729
95.7113, 312.733
95.7445, 312.74
95.7868, 312.748
95.7981, 312.75
95.8466, 312.76
95.8927, 312.77
95.934, 312.778
95.955, 312.782
96.0328, 312.798
96.0561, 312.803
96.068, 312.806
96.0873, 312.81
96.1055, 312.814
96.1221, 312.817
96.1475, 312.822
96.1986, 312.833
96.2323, 312.84
96.2541, 312.845
96.2664, 312.847
96.309, 312.856
96.3458, 312.864
96.3713, 312.87
96.3936, 312.874
96.4437, 312.885
96.4633, 312.889
96.4867, 312.894
96.5255, 312.903
96.5361, 312.905
96.5741, 312.913
96.6177, 312.923
96.633, 312.926
96.6424, 312.928
96.6816, 312.937
96.7365, 312.949
96.7481, 312.952
96.7872, 312.96
96.8423, 312.973
96.8617, 312.977
96.9076, 312.988
96.9446, 312.996
96.9663, 313.001
96.9982, 313.008
97.0046, 313.01
97.066, 313.024
97.1071, 313.033
97.1194, 313.036
97.1722, 313.048
97.177, 313.049
97.2174, 313.059
97.257, 313.068
97.2859, 313.075
97.3142, 313.081
97.3435, 313.088
97.3447, 313.089
97.3981, 313.101
97.4282, 313.108
97.4831, 313.122
97.4994, 313.126
97.5528, 313.138
97.567, 313.142
97.6012, 313.15
97.605, 313.151
97.6147, 313.153
97.6402, 313.16
97.6637, 313.165
97.6821, 313.17
97.6908, 313.172
97.7303, 313.182
97.7431, 313.185
97.8083, 313.201
97.8451, 313.21
97.8762, 313.218
97.9295, 313.231
97.9393, 313.234
97.9439, 313.235
97.9479, 313.236
97.9814, 313.244
98.0135, 313.253
98.0865, 313.271
98.0901, 313.272
98.1486, 313.287
98.1587, 313.29
98.1878, 313.297
98.1961, 313.3
98.2551, 313.315
98.2573, 313.315
98.261, 313.316
98.3108, 313.33
98.3634, 313.343
98.3898, 313.35
98.4079, 313.355
98.4564, 313.368
98.4616, 313.369
98.5056, 313.381
98.5763, 313.4
98.603, 313.408
98.6218, 313.413
98.6703, 313.426
98.6835, 313.43
98.7163, 313.439
98.7238, 313.441
98.7432, 313.446
98.7649, 313.452
98.831, 313.47
98.831, 313.47
98.8313, 313.471
98.8829, 313.485
98.8841, 313.485
98.9071, 313.492
98.9255, 313.497
98.9263, 313.497
98.9338, 313.499
98.9852, 313.514
99.0119, 313.521
99.0454, 313.531
99.0751, 313.54
99.0918, 313.544
99.1339, 313.557
99.1892, 313.573
99.1936, 313.574
99.2021, 313.576
99.2281, 313.584
99.2813, 313.6
99.2957, 313.604
99.3047, 313.606
99.3325, 313.615
99.3824, 313.629
99.3855, 313.63
99.3991, 313.634
99.4641, 313.654
99.4797, 313.659
99.4879, 313.661
99.4984, 313.664
99.5266, 313.673
99.5671, 313.685
99.585, 313.691
99.6037, 313.696
99.6419, 313.708
99.6801, 313.72
99.7075, 313.728
99.7401, 313.739
99.7946, 313.756
99.8119, 313.761
99.8176, 313.763
99.8281, 313.766
99.8798, 313.783
99.8971, 313.788
99.9423, 313.802
99.9432, 313.803
99.9436, 313.803
100.002, 313.822
100.027, 313.83
100.086, 313.849
100.09, 313.85
100.143, 313.867
100.185, 313.881
100.203, 313.887
100.233, 313.897
100.272, 313.91
100.306, 313.922
100.352, 313.937
100.363, 313.941
100.405, 313.955
100.455, 313.972
100.475, 313.979
100.498, 313.987
100.512, 313.992
100.554, 314.006
100.595, 314.021
100.628, 314.033
100.647, 314.039
100.673, 314.048
100.712, 314.062
100.753, 314.077
100.773, 314.084
100.797, 314.093
100.856, 314.114
100.865, 314.117
100.873, 314.12
100.926, 314.14
100.951, 314.149
100.995, 314.165
101.01, 314.171
101.04, 314.182
101.097, 314.203
101.12, 314.212
101.174, 314.233
101.19, 314.239
101.196, 314.241
101.226, 314.253
101.268, 314.269
101.271, 314.27
101.301, 314.281
101.336, 314.295
101.357, 314.303
101.406, 314.322
101.428, 314.331
101.438, 314.335
101.464, 314.346
101.475, 314.35
101.523, 314.369
101.542, 314.377
101.572, 314.389
101.624, 314.411
101.669, 314.429
101.671, 314.43
101.716, 314.449
101.733, 314.456
101.775, 314.473
101.779, 314.475
101.783, 314.476
101.816, 314.491
101.864, 314.511
101.895, 314.524
101.923, 314.536
101.942, 314.545
101.974, 314.559
102.005, 314.572
102.027, 314.582
102.041, 314.588
102.086, 314.608
102.102, 314.615
102.157, 314.64
102.16, 314.641
102.169, 314.645
102.208, 314.663
102.264, 314.689
102.303, 314.707
102.305, 314.708
102.306, 314.708
102.363, 314.735
102.403, 314.754
102.423, 314.763
102.452, 314.777
102.507, 314.804
102.522, 314.811
102.563, 314.831
102.572, 314.835
102.617, 314.858
102.627, 314.863
102.689, 314.894
102.698, 314.898
102.722, 314.91
102.731, 314.915
102.744, 314.922
102.786, 314.943
102.83, 314.966
102.84, 314.971
102.888, 314.997
102.915, 315.011
102.935, 315.021
102.957, 315.033
102.983, 315.047
103.025, 315.07
103.03, 315.073
103.068, 315.093
103.101, 315.112
103.11, 315.117
103.139, 315.133
103.158, 315.144
103.217, 315.178
103.221, 315.18
103.273, 315.21
103.31, 315.231
103.325, 315.24
103.376, 315.271
103.376, 315.271
103.402, 315.286
103.439, 315.309
103.487, 315.339
103.5, 315.347
103.504, 315.349
103.507, 315.351
103.542, 315.373
103.569, 315.391
103.625, 315.426
103.626, 315.426
103.679, 315.462
103.681, 315.463
103.715, 315.485
103.726, 315.493
103.728, 315.494
103.769, 315.522
103.817, 315.555
103.825, 315.56
103.858, 315.583
103.884, 315.601
103.894, 315.608
103.931, 315.635
103.964, 315.659
103.985, 315.675
104.022, 315.702
104.043, 315.717
104.049, 315.722
104.068, 315.737
104.102, 315.762
104.14, 315.792
104.152, 315.801
104.184, 315.827
104.24, 315.872
104.286, 315.91
104.294, 315.917
104.34, 315.956
104.372, 315.984
104.375, 315.987
104.383, 315.994
104.416, 316.023
104.449, 316.052
104.474, 316.074
104.512, 316.11
104.547, 316.143
104.579, 316.174
104.619, 316.213
104.657, 316.251
104.664, 316.259
104.697, 316.293
104.717, 316.314
104.725, 316.323
104.772, 316.373
104.795, 316.4
104.842, 316.453
104.844, 316.455
104.87, 316.485
104.904, 316.527
104.949, 316.583
104.958, 316.594
104.965, 316.602
104.973, 316.614
105.013, 316.666
105.029, 316.686
105.04, 316.701
105.059, 316.728
105.067, 316.739
105.09, 316.772
105.116, 316.811
105.137, 316.842
105.188, 316.92
105.233, 316.995
105.241, 317.007
105.279, 317.073
105.3, 317.111
105.36, 317.234
105.387, 317.289
105.434, 317.386
105.44, 317.4
105.442, 317.402
105.443, 317.406
105.508, 317.565
105.509, 317.569
105.57, 317.741
105.578, 317.761
105.591, 317.808
105.629, 317.934
105.67, 318.103
105.682, 318.149
105.725, 318.332
105.736, 318.386
105.786, 318.646
105.802, 318.751
105.831, 318.929
105.86, 319.101
105.868, 319.137
105.894, 319.319
105.916, 319.461
105.979, 319.694
106.012, 319.75
106.027, 319.742
106.046, 319.69
106.066, 319.622
106.077, 319.57
106.093, 319.467
106.115, 319.327
106.146, 319.101
106.192, 318.861
106.196, 318.835
106.234, 318.609
106.255, 318.499
106.268, 318.434
106.288, 318.364
106.3, 318.322
106.31, 318.283
106.351, 318.143
106.379, 318.064
106.413, 317.969
106.457, 317.848
106.492, 317.774
106.501, 317.756
106.541, 317.669
106.558, 317.639
106.624, 317.524
106.664, 317.461
106.673, 317.446
106.722, 317.38
106.76, 317.329
106.776, 317.308
106.785, 317.297
106.82, 317.255
106.856, 317.214
106.886, 317.178
106.933, 317.132
106.945, 317.12
106.969, 317.098
107.013, 317.055
107.073, 317.004
107.081, 316.998
107.131, 316.957
107.149, 316.943
107.206, 316.903
107.211, 316.9
107.243, 316.876
107.248, 316.873
107.27, 316.859
107.28, 316.853
107.327, 316.823
107.365, 316.799
107.386, 316.786
107.419, 316.768
107.433, 316.76
107.452, 316.75
107.485, 316.731
107.508, 316.72
107.559, 316.694
107.588, 316.68
107.605, 316.671
107.615, 316.667
107.639, 316.656
107.642, 316.655
107.688, 316.634
107.722, 316.62
107.746, 316.609
107.769, 316.6
107.788, 316.592
107.831, 316.575
107.842, 316.571
107.893, 316.552
107.921, 316.543
107.947, 316.533
107.961, 316.528
107.976, 316.523
108.02, 316.509
108.028, 316.506
108.081, 316.49
108.12, 316.478
108.135, 316.473
108.143, 316.471
108.194, 316.456
108.214, 316.451
108.259, 316.439
108.266, 316.437
108.308, 316.426
108.31, 316.426
108.338, 316.418
108.377, 316.409
108.396, 316.405
108.432, 316.396
108.468, 316.388
108.494, 316.382
108.522, 316.376
108.534, 316.374
108.591, 316.362
108.597, 316.361
108.605, 316.36
108.644, 316.352
108.678, 316.346
108.698, 316.342
108.727, 316.337
108.728, 316.337
108.728, 316.336
108.764, 316.33
108.787, 316.326
108.805, 316.323
108.818, 316.321
108.841, 316.318
108.869, 316.313
108.882, 316.311
108.918, 316.306
108.953, 316.301
108.979, 316.297
108.987, 316.296
108.999, 316.294
109.029, 316.29
109.037, 316.289
109.066, 316.286
109.079, 316.284
109.123, 316.279
109.135, 316.277
109.174, 316.273
109.177, 316.273
109.183, 316.272
109.239, 316.266
109.253, 316.265
109.304, 316.26
109.358, 316.255
109.358, 316.255
109.36, 316.254
109.417, 316.25
109.424, 316.249
109.465, 316.246
109.476, 316.245
109.496, 316.244
109.542, 316.24
109.569, 316.239
109.599, 316.237
109.621, 316.236
109.648, 316.234
109.659, 316.234
109.667, 316.233
109.703, 316.232
109.735, 316.23
109.796, 316.228
109.799, 316.228
109.803, 316.228
109.862, 316.226
109.899, 316.225
109.946, 316.224
109.951, 316.224
110, 316.224
110.151, 316.147
110.225, 316.115
110.271, 316.094
110.414, 316.058
110.51, 316.031
110.539, 316.024
110.605, 316.018
110.711, 316.006
111, 315.968


