X,T
6.61744e-18, 310.15
0.218929, 310.15
0.550309, 310.15
0.594245, 310.15
0.63223, 310.15
1.0221, 310.15
1.09653, 310.15
1.3127, 310.15
1.50767, 310.15
1.82249, 310.15
1.84818, 310.15
1.89406, 310.15
2.39258, 310.15
2.59809, 310.15
2.80939, 310.15
3.03114, 310.15
3.23573, 310.15
3.44789, 310.15
3.48652, 310.15
3.63828, 310.15
4.11593, 310.15
4.19606, 310.15
4.40834, 310.15
4.79507, 310.15
4.9333, 310.15
5.34396, 310.15
5.57963, 310.15
5.64073, 310.15
5.79769, 310.15
5.90374, 310.15
6.46707, 310.15
6.64901, 310.15
7.06043, 310.15
7.21256, 310.15
7.25458, 310.15
7.45405, 310.15
7.502, 310.15
8.11755, 310.15
8.16551, 310.15
8.53045, 310.15
8.62974, 310.15
8.83777, 310.15
9.14863, 310.15
9.21694, 310.15
9.2713, 310.15
9.65989, 310.15
9.99864, 310.15
10.2615, 310.15
10.4199, 310.15
10.4832, 310.15
10.7966, 310.15
10.8691, 310.15
11.0844, 310.15
11.3109, 310.15
11.574, 310.15
11.6794, 310.15
11.8032, 310.15
11.9853, 310.15
12.3235, 310.15
12.3982, 310.15
12.4175, 310.15
12.4711, 310.15
12.9605, 310.15
13.342, 310.15
13.5497, 310.15
13.659, 310.15
14.125, 310.15
14.1801, 310.15
14.6647, 310.15
14.76, 310.151
14.9756, 310.151
15.0007, 310.151
15.3889, 310.151
15.4864, 310.151
15.5638, 310.151
16.0141, 310.151
16.0475, 310.151
16.7868, 310.151
16.8102, 310.151
16.8267, 310.151
16.8577, 310.151
16.89, 310.151
16.9053, 310.151
16.947, 310.151
17.0954, 310.151
17.6533, 310.151
17.8684, 310.151
18.1183, 310.151
18.4107, 310.151
18.44, 310.151
18.7679, 310.151
18.781, 310.151
19.2986, 310.151
19.6503, 310.151
19.6862, 310.151
19.7037, 310.151
19.8208, 310.151
20.2753, 310.151
20.5018, 310.151
20.5736, 310.151
20.8955, 310.151
21.1019, 310.151
21.2044, 310.151
21.3189, 310.151
21.7144, 310.151
21.7239, 310.151
21.7306, 310.151
22.0058, 310.151
22.363, 310.151
22.5026, 310.151
22.5691, 310.151
22.7206, 310.151
22.9654, 310.151
23.1356, 310.151
23.5455, 310.151
23.5616, 310.151
23.5836, 310.151
24.037, 310.151
24.1319, 310.151
24.3547, 310.151
24.8164, 310.152
24.8368, 310.152
24.9714, 310.152
25.3511, 310.152
25.6705, 310.152
25.7847, 310.152
25.8695, 310.152
26.3709, 310.152
26.4035, 310.152
26.4737, 310.152
26.8378, 310.152
26.8816, 310.152
27.1544, 310.152
27.2015, 310.152
27.5661, 310.152
27.8455, 310.152
28.0003, 310.152
28.0412, 310.152
28.3352, 310.152
28.4807, 310.152
28.7955, 310.153
29.0975, 310.153
29.1346, 310.153
29.1527, 310.153
29.587, 310.153
29.8672, 310.153
30.3046, 310.153
30.3454, 310.153
30.4202, 310.153
30.6629, 310.153
30.9181, 310.153
31.061, 310.153
31.1452, 310.153
31.2318, 310.153
31.263, 310.153
31.4288, 310.153
31.4665, 310.154
31.5333, 310.154
31.816, 310.154
31.8832, 310.154
31.972, 310.154
32.4293, 310.154
32.4431, 310.154
32.6588, 310.154
33.1046, 310.154
33.2266, 310.154
33.5126, 310.155
33.7384, 310.155
33.7732, 310.155
33.9857, 310.155
34.1117, 310.155
34.438, 310.155
34.6161, 310.155
34.7378, 310.155
34.8568, 310.155
35.286, 310.156
35.4638, 310.156
35.8273, 310.156
35.8558, 310.156
36.0342, 310.156
36.0868, 310.156
37.0021, 310.157
37.0041, 310.157
37.0085, 310.157
37.3371, 310.157
37.6716, 310.158
37.7801, 310.158
38.0592, 310.158
38.2015, 310.158
38.3019, 310.158
38.4377, 310.158
38.807, 310.159
38.8196, 310.159
38.8365, 310.159
39.1903, 310.159
39.5504, 310.16
39.5622, 310.16
39.5691, 310.16
39.9789, 310.16
40.2294, 310.161
40.3863, 310.161
40.5716, 310.161
40.8754, 310.162
41.2023, 310.162
41.2219, 310.162
41.267, 310.162
41.3313, 310.162
41.4548, 310.163
41.5281, 310.163
41.8809, 310.163
42.0773, 310.164
42.1162, 310.164
42.395, 310.164
42.4632, 310.164
42.8927, 310.165
42.9779, 310.165
43.1941, 310.166
43.77, 310.167
43.7876, 310.167
43.8095, 310.167
43.819, 310.167
43.8612, 310.167
44.4594, 310.169
44.5321, 310.169
44.9012, 310.17
44.9892, 310.17
45.0127, 310.17
45.0645, 310.171
45.1188, 310.171
45.1803, 310.171
45.9582, 310.173
46.2566, 310.174
46.3333, 310.174
46.3972, 310.175
46.7096, 310.176
46.7535, 310.176
46.8871, 310.176
47.3672, 310.178
47.6186, 310.179
48.1408, 310.182
48.196, 310.182
48.2549, 310.182
48.7849, 310.185
49.0936, 310.186
49.1162, 310.186
49.2079, 310.187
49.3066, 310.187
49.3718, 310.188
50.1248, 310.192
50.163, 310.192
50.2722, 310.193
50.4819, 310.195
50.8833, 310.197
50.9845, 310.198
51.2781, 310.2
51.5548, 310.202
51.5722, 310.202
51.9915, 310.206
52.2132, 310.208
52.3394, 310.209
52.416, 310.21
52.4589, 310.21
52.8136, 310.214
53.2464, 310.218
53.4094, 310.22
53.4628, 310.22
53.5635, 310.222
53.8184, 310.225
54.3386, 310.231
54.4645, 310.233
54.839, 310.239
54.8561, 310.239
55.222, 310.245
55.2973, 310.246
55.5022, 310.249
55.9584, 310.257
56.3453, 310.265
56.4304, 310.267
56.7283, 310.274
56.985, 310.281
57.3087, 310.29
57.4281, 310.293
57.5979, 310.299
57.669, 310.301
57.7033, 310.302
57.853, 310.308
57.8712, 310.309
57.882, 310.31
58, 310.315
58.0443, 310.316
58.0895, 310.316
58.0966, 310.316
58.1251, 310.316
58.1477, 310.316
58.1706, 310.316
58.1875, 310.316
58.2133, 310.316
58.2265, 310.316
58.2607, 310.316
58.2888, 310.316
58.2944, 310.316
58.3032, 310.316
58.376, 310.316
58.4029, 310.316
58.4729, 310.316
58.4869, 310.316
58.5008, 310.316
58.5452, 310.316
58.5513, 310.316
58.5534, 310.316
58.6135, 310.316
58.6249, 310.316
58.6755, 310.316
58.7015, 310.316
58.7437, 310.316
58.7787, 310.317
58.7921, 310.317
58.8215, 310.317
58.8674, 310.317
58.8723, 310.317
58.9027, 310.317
58.9031, 310.317
58.9044, 310.317
58.9568, 310.317
58.9977, 310.317
58.9991, 310.317
59.0025, 310.317
59.0195, 310.317
59.045, 310.317
59.0472, 310.317
59.0938, 310.317
59.1153, 310.317
59.1395, 310.317
59.1551, 310.317
59.1781, 310.317
59.1947, 310.317
59.262, 310.318
59.287, 310.318
59.2981, 310.318
59.3307, 310.318
59.3856, 310.318
59.4202, 310.318
59.4302, 310.318
59.4422, 310.318
59.469, 310.318
59.4877, 310.318
59.5097, 310.318
59.5379, 310.318
59.555, 310.318
59.5636, 310.318
59.5974, 310.319
59.609, 310.319
59.6123, 310.319
59.6776, 310.319
59.686, 310.319
59.7125, 310.319
59.7297, 310.319
59.7498, 310.319
59.7625, 310.319
59.778, 310.319
59.7881, 310.319
59.8422, 310.319
59.8482, 310.319
59.8967, 310.319
59.8991, 310.319
59.923, 310.32
59.9843, 310.32
60.0112, 310.32
60.0478, 310.32
60.0501, 310.32
60.0556, 310.32
60.0754, 310.32
60.0965, 310.32
60.1089, 310.32
60.1375, 310.32
60.1777, 310.32
60.2182, 310.32
60.2231, 310.32
60.2301, 310.32
60.2703, 310.321
60.2772, 310.321
60.314, 310.321
60.3227, 310.321
60.3277, 310.321
60.3723, 310.321
60.398, 310.321
60.4031, 310.321
60.4469, 310.321
60.4644, 310.321
60.5061, 310.321
60.5456, 310.322
60.5718, 310.322
60.5905, 310.322
60.6161, 310.322
60.6386, 310.322
60.6696, 310.322
60.6699, 310.322
60.7207, 310.322
60.7341, 310.322
60.7466, 310.322
60.7652, 310.322
60.7854, 310.322
60.792, 310.322
60.8051, 310.323
60.8592, 310.323
60.8637, 310.323
60.9087, 310.323
60.9484, 310.323
60.9608, 310.323
60.9624, 310.323
60.9663, 310.323
61.0239, 310.323
61.0591, 310.324
61.0706, 310.324
61.1033, 310.324
61.1391, 310.324
61.1917, 310.324
61.2853, 310.324
61.2861, 310.324
61.2864, 310.324
61.3287, 310.325
61.3456, 310.325
61.3769, 310.325
61.3972, 310.325
61.4387, 310.325
61.4616, 310.325
61.491, 310.325
61.5509, 310.326
61.5648, 310.326
61.6045, 310.326
61.6252, 310.326
61.6416, 310.326
61.666, 310.326
61.6859, 310.326
61.736, 310.326
61.7589, 310.327
61.7642, 310.327
61.8214, 310.327
61.8353, 310.327
61.8903, 310.327
61.898, 310.327
61.9474, 310.327
61.9678, 310.327
62.0089, 310.328
62.0498, 310.328
62.0511, 310.328
62.1055, 310.328
62.1176, 310.328
62.1211, 310.328
62.1444, 310.328
62.1608, 310.328
62.2123, 310.329
62.2305, 310.329
62.2689, 310.329
62.2796, 310.329
62.2858, 310.329
62.2951, 310.329
62.3308, 310.329
62.3747, 310.329
62.3802, 310.329
62.3832, 310.329
62.4241, 310.33
62.4514, 310.33
62.4558, 310.33
62.4585, 310.33
62.4863, 310.33
62.5464, 310.33
62.59, 310.331
62.6098, 310.331
62.6167, 310.331
62.6374, 310.331
62.6565, 310.331
62.6691, 310.331
62.7105, 310.331
62.7369, 310.331
62.7597, 310.331
62.7723, 310.331
62.7867, 310.332
62.8171, 310.332
62.8196, 310.332
62.8234, 310.332
62.8261, 310.332
62.8608, 310.332
62.871, 310.332
62.8948, 310.332
62.9435, 310.332
62.9471, 310.332
62.948, 310.332
62.9696, 310.333
63.0525, 310.333
63.0784, 310.333
63.0831, 310.333
63.0983, 310.333
63.1392, 310.333
63.1885, 310.334
63.202, 310.334
63.2106, 310.334
63.2883, 310.334
63.2972, 310.334
63.3087, 310.334
63.3315, 310.335
63.3485, 310.335
63.3598, 310.335
63.3676, 310.335
63.4278, 310.335
63.4326, 310.335
63.4368, 310.335
63.4807, 310.335
63.5036, 310.336
63.5123, 310.336
63.5737, 310.336
63.5799, 310.336
63.6045, 310.336
63.6268, 310.336
63.6328, 310.336
63.6412, 310.336
63.6829, 310.337
63.7308, 310.337
63.7637, 310.337
63.7697, 310.337
63.8164, 310.337
63.8179, 310.337
63.8213, 310.337
63.8229, 310.338
63.8345, 310.338
63.873, 310.338
63.8986, 310.338
63.909, 310.338
63.9166, 310.338
63.9519, 310.338
63.9731, 310.338
63.9891, 310.339
64.014, 310.339
64.0339, 310.339
64.06, 310.339
64.072, 310.339
64.1075, 310.339
64.1319, 310.339
64.1529, 310.34
64.1825, 310.34
64.1937, 310.34
64.2633, 310.34
64.2925, 310.34
64.3143, 310.341
64.3369, 310.341
64.3482, 310.341
64.3678, 310.341
64.4394, 310.341
64.4753, 310.342
64.494, 310.342
64.5328, 310.342
64.5537, 310.342
64.5887, 310.342
64.6161, 310.343
64.633, 310.343
64.6729, 310.343
64.6757, 310.343
64.7222, 310.343
64.7588, 310.344
64.7741, 310.344
64.8085, 310.344
64.8508, 310.344
64.8619, 310.344
64.901, 310.345
64.931, 310.345
64.9517, 310.345
64.9741, 310.345
64.9889, 310.345
65.0009, 310.345
65.0416, 310.346
65.0535, 310.346
65.0982, 310.346
65.1362, 310.346
65.1577, 310.346
65.1636, 310.346
65.1743, 310.346
65.1959, 310.347
65.2005, 310.347
65.2077, 310.347
65.2714, 310.347
65.2753, 310.347
65.2829, 310.347
65.3371, 310.348
65.3852, 310.348
65.3901, 310.348
65.397, 310.348
65.4286, 310.348
65.4641, 310.349
65.4692, 310.349
65.4754, 310.349
65.5168, 310.349
65.5695, 310.349
65.5984, 310.35
65.6155, 310.35
65.6463, 310.35
65.6543, 310.35
65.6642, 310.35
65.6906, 310.35
65.6993, 310.35
65.7266, 310.351
65.7316, 310.351
65.7875, 310.351
65.806, 310.351
65.8522, 310.352
65.8687, 310.352
65.9028, 310.352
65.9352, 310.352
65.9356, 310.352
65.9931, 310.353
66.0291, 310.353
66.0438, 310.353
66.0652, 310.353
66.1107, 310.354
66.1271, 310.354
66.1337, 310.354
66.2113, 310.354
66.2154, 310.354
66.2571, 310.355
66.2719, 310.355
66.3122, 310.355
66.3195, 310.355
66.3769, 310.356
66.3865, 310.356
66.3952, 310.356
66.4303, 310.356
66.4493, 310.356
66.5482, 310.357
66.5581, 310.357
66.5781, 310.357
66.6128, 310.358
66.6371, 310.358
66.6712, 310.358
66.7096, 310.358
66.7285, 310.359
66.7686, 310.359
66.8215, 310.359
66.8297, 310.359
66.8421, 310.36
66.8748, 310.36
66.9392, 310.36
66.9398, 310.36
66.9399, 310.36
66.978, 310.361
67.0187, 310.361
67.0287, 310.361
67.0776, 310.362
67.0945, 310.362
67.1288, 310.362
67.1482, 310.362
67.1502, 310.362
67.1533, 310.362
67.1591, 310.362
67.25, 310.363
67.2544, 310.363
67.2891, 310.363
67.3018, 310.364
67.3472, 310.364
67.374, 310.364
67.4596, 310.365
67.4675, 310.365
67.4789, 310.365
67.5118, 310.366
67.5432, 310.366
67.5581, 310.366
67.5926, 310.366
67.6131, 310.366
67.6486, 310.367
67.6501, 310.367
67.6572, 310.367
67.7046, 310.367
67.7617, 310.368
67.7905, 310.368
67.8217, 310.368
67.89, 310.369
67.9111, 310.369
67.9192, 310.369
67.9431, 310.37
67.9657, 310.37
67.9941, 310.37
68.0205, 310.37
68.0524, 310.371
68.0525, 310.371
68.0526, 310.371
68.0529, 310.371
68.1227, 310.371
68.1364, 310.371
68.1549, 310.372
68.1873, 310.372
68.22, 310.372
68.2594, 310.373
68.275, 310.373
68.3005, 310.373
68.3179, 310.373
68.3454, 310.373
68.3618, 310.374
68.3866, 310.374
68.4098, 310.374
68.4251, 310.374
68.4748, 310.375
68.4756, 310.375
68.4801, 310.375
68.5355, 310.375
68.5396, 310.375
68.5493, 310.375
68.5797, 310.376
68.5922, 310.376
68.6557, 310.376
68.6688, 310.377
68.705, 310.377
68.7099, 310.377
68.77, 310.378
68.7757, 310.378
68.8065, 310.378
68.8467, 310.378
68.8526, 310.379
68.9008, 310.379
68.942, 310.379
68.9894, 310.38
69.0016, 310.38
69.0571, 310.381
69.074, 310.381
69.1285, 310.381
69.1537, 310.382
69.1663, 310.382
69.2134, 310.382
69.2158, 310.382
69.2436, 310.383
69.2611, 310.383
69.2661, 310.383
69.3135, 310.383
69.3586, 310.384
69.3643, 310.384
69.41, 310.384
69.4436, 310.385
69.4475, 310.385
69.4498, 310.385
69.48, 310.385
69.5205, 310.386
69.5356, 310.386
69.5705, 310.386
69.6013, 310.386
69.6664, 310.387
69.6783, 310.387
69.7301, 310.388
69.7322, 310.388
69.7525, 310.388
69.7836, 310.388
69.8029, 310.389
69.8089, 310.389
69.8314, 310.389
69.84, 310.389
69.8811, 310.39
69.8943, 310.39
69.8957, 310.39
69.9296, 310.39
69.9319, 310.39
69.9362, 310.39
69.9581, 310.39
69.982, 310.391
70.0171, 310.391
70.0676, 310.392
70.0814, 310.392
70.1144, 310.392
70.1379, 310.392
70.1631, 310.393
70.1889, 310.393
70.2494, 310.394
70.2605, 310.394
70.2717, 310.394
70.2964, 310.394
70.3034, 310.394
70.3266, 310.395
70.3368, 310.395
70.3519, 310.395
70.3736, 310.395
70.3977, 310.395
70.4121, 310.396
70.4583, 310.396
70.4832, 310.397
70.5418, 310.397
70.5558, 310.397
70.5991, 310.398
70.6508, 310.398
70.6875, 310.399
70.7075, 310.399
70.7207, 310.399
70.7447, 310.4
70.76, 310.4
70.7987, 310.4
70.8087, 310.4
70.8142, 310.4
70.8475, 310.401
70.8802, 310.401
70.9321, 310.402
70.9381, 310.402
70.9589, 310.402
70.9932, 310.403
71.0514, 310.403
71.0538, 310.403
71.0582, 310.403
71.0833, 310.404
71.129, 310.404
71.1294, 310.404
71.1297, 310.404
71.1614, 310.405
71.1905, 310.405
71.1976, 310.405
71.2427, 310.406
71.27, 310.406
71.2786, 310.406
71.3056, 310.407
71.3379, 310.407
71.3708, 310.407
71.3889, 310.408
71.4052, 310.408
71.4584, 310.408
71.4591, 310.408
71.4595, 310.409
71.5086, 310.409
71.5351, 310.409
71.6034, 310.41
71.6302, 310.411
71.636, 310.411
71.6614, 310.411
71.6825, 310.411
71.697, 310.412
71.7464, 310.412
71.7806, 310.413
71.8293, 310.413
71.8313, 310.413
71.8352, 310.413
71.9044, 310.414
71.9052, 310.414
71.9058, 310.414
71.9436, 310.415
71.9808, 310.415
71.9991, 310.416
72.0054, 310.416
72.0253, 310.416
72.0694, 310.416
72.0695, 310.416
72.1293, 310.417
72.1392, 310.417
72.1813, 310.418
72.2057, 310.418
72.2145, 310.418
72.2437, 310.419
72.2645, 310.419
72.2662, 310.419
72.281, 310.419
72.3066, 310.42
72.3629, 310.42
72.3939, 310.421
72.4043, 310.421
72.4105, 310.421
72.4458, 310.422
72.4739, 310.422
72.5035, 310.422
72.5165, 310.423
72.56, 310.423
72.5842, 310.424
72.6005, 310.424
72.624, 310.424
72.6393, 310.424
72.6641, 310.425
72.6702, 310.425
72.7008, 310.425
72.7198, 310.425
72.7554, 310.426
72.7873, 310.426
72.809, 310.427
72.8356, 310.427
72.8497, 310.427
72.8936, 310.428
72.912, 310.428
72.958, 310.429
72.9936, 310.429
72.9999, 310.429
73.0017, 310.429
73.0114, 310.43
73.0566, 310.43
73.0958, 310.431
73.1474, 310.432
73.2136, 310.433
73.2141, 310.433
73.2622, 310.433
73.2934, 310.434
73.3445, 310.434
73.3911, 310.435
73.4086, 310.435
73.4206, 310.436
73.4627, 310.436
73.4913, 310.437
73.5256, 310.437
73.5344, 310.437
73.5547, 310.438
73.5975, 310.438
73.6158, 310.439
73.6843, 310.44
73.7171, 310.44
73.7412, 310.44
73.7688, 310.441
73.8079, 310.441
73.816, 310.442
73.8608, 310.442
73.8614, 310.442
73.8931, 310.443
73.9133, 310.443
73.9339, 310.443
73.9386, 310.443
73.9724, 310.444
73.9942, 310.444
74.025, 310.445
74.0792, 310.446
74.0842, 310.446
74.1456, 310.447
74.1518, 310.447
74.1716, 310.447
74.1927, 310.447
74.2019, 310.448
74.253, 310.448
74.2695, 310.449
74.3124, 310.449
74.3207, 310.45
74.3499, 310.45
74.3663, 310.45
74.4083, 310.451
74.4247, 310.451
74.4693, 310.452
74.4934, 310.452
74.5025, 310.452
74.507, 310.452
74.5104, 310.453
74.547, 310.453
74.5559, 310.453
74.5954, 310.454
74.6157, 310.454
74.6581, 310.455
74.7065, 310.456
74.7083, 310.456
74.7087, 310.456
74.7508, 310.456
74.7604, 310.457
74.7958, 310.457
74.8354, 310.458
74.841, 310.458
74.876, 310.459
74.8779, 310.459
74.9426, 310.46
74.9571, 310.46
74.9702, 310.46
75.0134, 310.461
75.02, 310.461
75.0246, 310.461
75.0942, 310.462
75.1224, 310.463
75.1334, 310.463
75.1812, 310.464
75.1979, 310.464
75.2229, 310.464
75.2291, 310.465
75.2417, 310.465
75.2834, 310.465
75.3111, 310.466
75.3382, 310.466
75.3757, 310.467
75.3912, 310.467
75.4391, 310.468
75.4874, 310.469
75.4979, 310.469
75.5123, 310.469
75.5571, 310.47
75.5933, 310.471
75.6072, 310.471
75.66, 310.472
75.6863, 310.472
75.7109, 310.473
75.7356, 310.473
75.7498, 310.474
75.7875, 310.474
75.8211, 310.475
75.8344, 310.475
75.8681, 310.476
75.9097, 310.476
75.923, 310.477
75.995, 310.478
76.0018, 310.478
76.0639, 310.479
76.0647, 310.479
76.0652, 310.479
76.0981, 310.48
76.0989, 310.48
76.1315, 310.48
76.1498, 310.481
76.1888, 310.482
76.1921, 310.482
76.2389, 310.482
76.2772, 310.483
76.3046, 310.484
76.3811, 310.485
76.3823, 310.485
76.4139, 310.486
76.432, 310.486
76.4388, 310.486
76.4616, 310.487
76.4811, 310.487
76.5116, 310.488
76.5377, 310.488
76.5575, 310.488
76.5752, 310.489
76.6019, 310.489
76.6458, 310.49
76.6678, 310.49
76.7055, 310.491
76.736, 310.492
76.7544, 310.492
76.7647, 310.492
76.7931, 310.493
76.8099, 310.493
76.8161, 310.493
76.8396, 310.494
76.9169, 310.495
76.9204, 310.495
76.9257, 310.495
76.9647, 310.496
76.9872, 310.497
77.0202, 310.497
77.0444, 310.498
77.0563, 310.498
77.0759, 310.498
77.1457, 310.5
77.1469, 310.5
77.1699, 310.5
77.2067, 310.501
77.2083, 310.501
77.2238, 310.501
77.2559, 310.502
77.2775, 310.502
77.2929, 310.503
77.3349, 310.503
77.3888, 310.505
77.4079, 310.505
77.4394, 310.506
77.4424, 310.506
77.4597, 310.506
77.4917, 310.507
77.5325, 310.507
77.5566, 310.508
77.5577, 310.508
77.5586, 310.508
77.6252, 310.509
77.6336, 310.51
77.646, 310.51
77.7049, 310.511
77.7331, 310.512
77.746, 310.512
77.8108, 310.513
77.821, 310.513
77.8552, 310.514
77.8674, 310.514
77.9, 310.515
77.9215, 310.515
77.9471, 310.516
77.9611, 310.516
78.0073, 310.517
78.0487, 310.518
78.0679, 310.519
78.0992, 310.519
78.124, 310.52
78.1631, 310.521
78.1718, 310.521
78.2001, 310.521
78.2137, 310.522
78.2422, 310.522
78.2626, 310.523
78.2683, 310.523
78.3083, 310.524
78.3208, 310.524
78.3722, 310.525
78.4122, 310.526
78.4236, 310.526
78.4634, 310.527
78.4705, 310.527
78.5301, 310.528
78.5412, 310.529
78.5611, 310.529
78.5894, 310.53
78.6311, 310.531
78.6659, 310.531
78.6695, 310.532
78.7278, 310.533
78.7532, 310.533
78.7622, 310.534
78.7826, 310.534
78.7925, 310.534
78.8172, 310.535
78.8215, 310.535
78.8441, 310.535
78.8564, 310.536
78.8784, 310.536
78.8906, 310.536
78.9272, 310.537
78.9529, 310.538
78.9728, 310.538
79.0348, 310.54
79.0384, 310.54
79.0716, 310.541
79.1253, 310.542
79.1817, 310.543
79.1913, 310.543
79.1926, 310.543
79.1997, 310.543
79.2504, 310.545
79.264, 310.545
79.3051, 310.546
79.3267, 310.546
79.3505, 310.547
79.3711, 310.547
79.3964, 310.548
79.4159, 310.548
79.4665, 310.55
79.4866, 310.55
79.5037, 310.551
79.5468, 310.552
79.5548, 310.552
79.6132, 310.553
79.6275, 310.553
79.6744, 310.555
79.7048, 310.555
79.7435, 310.556
79.8092, 310.558
79.8104, 310.558
79.8463, 310.559
79.8652, 310.559
79.8839, 310.56
79.9242, 310.561
79.9771, 310.562
79.9834, 310.562
80.0278, 310.563
80.0657, 310.564
80.0782, 310.564
80.0927, 310.565
80.1297, 310.566
80.1748, 310.567
80.1962, 310.567
80.2232, 310.568
80.2555, 310.569
80.2741, 310.569
80.2964, 310.57
80.3241, 310.57
80.3248, 310.57
80.3261, 310.57
80.3814, 310.572
80.392, 310.572
80.4211, 310.573
80.4569, 310.574
80.4622, 310.574
80.4715, 310.574
80.5001, 310.575
80.5256, 310.575
80.5818, 310.577
80.6116, 310.578
80.6355, 310.578
80.6635, 310.579
80.684, 310.579
80.7138, 310.58
80.7359, 310.581
80.7614, 310.581
80.7878, 310.582
80.8095, 310.583
80.8414, 310.584
80.8602, 310.584
80.8908, 310.585
80.9363, 310.586
80.9637, 310.587
81.0525, 310.589
81.0552, 310.589
81.0565, 310.589
81.1275, 310.591
81.1478, 310.592
81.1798, 310.592
81.181, 310.592
81.1823, 310.592
81.1894, 310.593
81.2558, 310.594
81.2938, 310.595
81.3192, 310.596
81.3226, 310.596
81.3361, 310.597
81.383, 310.598
81.4291, 310.599
81.4582, 310.6
81.4831, 310.601
81.5172, 310.601
81.5334, 310.602
81.5592, 310.603
81.585, 310.603
81.6115, 310.604
81.6249, 310.604
81.6704, 310.606
81.7038, 310.607
81.7168, 310.607
81.7362, 310.607
81.7605, 310.608
81.7796, 310.609
81.8388, 310.61
81.8635, 310.611
81.9094, 310.612
81.9602, 310.614
81.9643, 310.614
81.966, 310.614
81.9675, 310.614
81.9713, 310.614
81.9898, 310.615
82.0183, 310.615
82.0215, 310.615
82.0287, 310.616
82.0831, 310.617
82.0988, 310.618
82.1527, 310.619
82.174, 310.62
82.1838, 310.62
82.1938, 310.62
82.2405, 310.622
82.2869, 310.623
82.2979, 310.623
82.3305, 310.624
82.3366, 310.624
82.3562, 310.625
82.3681, 310.625
82.4093, 310.627
82.4491, 310.628
82.4519, 310.628
82.4531, 310.628
82.4549, 310.628
82.4889, 310.629
82.5494, 310.631
82.5557, 310.631
82.5636, 310.631
82.576, 310.631
82.616, 310.633
82.6305, 310.633
82.6712, 310.634
82.6912, 310.635
82.7163, 310.636
82.7631, 310.637
82.772, 310.637
82.7752, 310.637
82.8305, 310.639
82.8631, 310.64
82.8697, 310.64
82.8716, 310.64
82.8754, 310.64
82.932, 310.642
82.9723, 310.643
83.0077, 310.644
83.0218, 310.645
83.0278, 310.645
83.0845, 310.647
83.1201, 310.648
83.1205, 310.648
83.1692, 310.649
83.1732, 310.649
83.2349, 310.651
83.2379, 310.651
83.3065, 310.654
83.3276, 310.654
83.3467, 310.655
83.3804, 310.656
83.3936, 310.656
83.4424, 310.658
83.446, 310.658
83.4523, 310.658
83.4784, 310.659
83.4944, 310.66
83.5565, 310.661
83.5881, 310.662
83.6216, 310.664
83.6537, 310.665
83.7552, 310.668
83.7702, 310.668
83.8181, 310.67
83.8488, 310.671
83.8795, 310.672
83.9191, 310.673
83.9458, 310.674
84.0043, 310.676
84.0678, 310.678
84.0851, 310.679
84.1206, 310.68
84.1534, 310.681
84.1748, 310.682
84.1973, 310.682
84.2141, 310.683
84.2517, 310.684
84.2784, 310.685
84.2891, 310.685
84.3426, 310.687
84.3928, 310.689
84.3946, 310.689
84.3956, 310.689
84.4014, 310.689
84.4575, 310.691
84.5, 310.693
84.5504, 310.694
84.5518, 310.694
84.5821, 310.695
84.6217, 310.697
84.6261, 310.697
84.6669, 310.698
84.6872, 310.699
84.7161, 310.7
84.7501, 310.701
84.7504, 310.701
84.7505, 310.701
84.7934, 310.703
84.8101, 310.703
84.8285, 310.704
84.8472, 310.705
84.8572, 310.705
84.8694, 310.705
84.8801, 310.706
84.8908, 310.706
84.9181, 310.707
84.9268, 310.707
84.971, 310.709
84.9763, 310.709
85.0039, 310.71
85.047, 310.712
85.0941, 310.713
85.0995, 310.713
85.106, 310.714
85.141, 310.715
85.1858, 310.717
85.2037, 310.717
85.2274, 310.718
85.3045, 310.721
85.3148, 310.721
85.3265, 310.722
85.3649, 310.723
85.3826, 310.724
85.4534, 310.726
85.4639, 310.727
85.4817, 310.727
85.5004, 310.728
85.5286, 310.729
85.5393, 310.729
85.5451, 310.73
85.6048, 310.732
85.6082, 310.732
85.63, 310.733
85.6483, 310.733
85.678, 310.735
85.6808, 310.735
85.7233, 310.736
85.7541, 310.737
85.7946, 310.739
85.806, 310.739
85.8425, 310.741
85.8569, 310.741
85.8733, 310.742
85.8885, 310.742
85.9187, 310.744
85.9578, 310.745
85.9778, 310.746
86.0096, 310.747
86.017, 310.747
86.0522, 310.749
86.0633, 310.749
86.0655, 310.749
86.0892, 310.75
86.1112, 310.751
86.1546, 310.753
86.171, 310.753
86.2124, 310.755
86.2522, 310.756
86.2525, 310.756
86.2527, 310.756
86.2536, 310.756
86.3235, 310.759
86.3828, 310.762
86.4095, 310.763
86.4113, 310.763
86.4234, 310.763
86.4432, 310.764
86.4576, 310.765
86.4793, 310.765
86.512, 310.767
86.5324, 310.767
86.5401, 310.768
86.5516, 310.768
86.5817, 310.769
86.6055, 310.77
86.608, 310.771
86.6413, 310.772
86.6613, 310.773
86.6907, 310.774
86.699, 310.774
86.7007, 310.774
86.7601, 310.777
86.7929, 310.778
86.8049, 310.778
86.8149, 310.779
86.8373, 310.78
86.8885, 310.782
86.9289, 310.784
86.9295, 310.784
86.9651, 310.785
86.9895, 310.786
87.0444, 310.788
87.0457, 310.788
87.0506, 310.789
87.0958, 310.79
87.0985, 310.791
87.1423, 310.792
87.1668, 310.793
87.1794, 310.794
87.2422, 310.797
87.2488, 310.797
87.2824, 310.798
87.2984, 310.799
87.356, 310.801
87.3702, 310.802
87.3833, 310.803
87.4454, 310.805
87.4573, 310.806
87.4709, 310.806
87.4842, 310.807
87.4927, 310.807
87.516, 310.808
87.5702, 310.811
87.587, 310.811
87.6448, 310.814
87.646, 310.814
87.692, 310.816
87.7395, 310.818
87.7419, 310.818
87.7457, 310.818
87.7904, 310.82
87.8306, 310.822
87.8726, 310.824
87.9089, 310.825
87.9165, 310.826
87.961, 310.828
87.9624, 310.828
88.0071, 310.83
88.0136, 310.83
88.0532, 310.832
88.0916, 310.834
88.1074, 310.834
88.1269, 310.835
88.1538, 310.836
88.1725, 310.837
88.2097, 310.839
88.2161, 310.839
88.2412, 310.84
88.2466, 310.841
88.2761, 310.842
88.3045, 310.843
88.32, 310.844
88.3735, 310.846
88.4123, 310.848
88.4212, 310.849
88.4258, 310.849
88.4282, 310.849
88.4511, 310.85
88.4764, 310.851
88.5526, 310.855
88.584, 310.856
88.6034, 310.857
88.6196, 310.858
88.644, 310.859
88.6697, 310.86
88.7097, 310.862
88.72, 310.863
88.7264, 310.863
88.7566, 310.864
88.7849, 310.866
88.8108, 310.867
88.8574, 310.869
88.8824, 310.87
88.9138, 310.872
88.9319, 310.873
88.9584, 310.874
88.9763, 310.875
88.9864, 310.875
89.0222, 310.877
89.0746, 310.88
89.0861, 310.88
89.1054, 310.881
89.1229, 310.882
89.1505, 310.883
89.1704, 310.884
89.2186, 310.887
89.2349, 310.888
89.2707, 310.889
89.3285, 310.892
89.3294, 310.892
89.3298, 310.892
89.3801, 310.895
89.3899, 310.895
89.4103, 310.896
89.4218, 310.897
89.4319, 310.897
89.4929, 310.9
89.5267, 310.902
89.5501, 310.903
89.5837, 310.905
89.5873, 310.905
89.6, 310.906
89.6361, 310.908
89.6438, 310.908
89.6469, 310.908
89.6825, 310.91
89.687, 310.91
89.7049, 310.911
89.7182, 310.912
89.7319, 310.913
89.7585, 310.914
89.7983, 310.916
89.8252, 310.917
89.8729, 310.92
89.8949, 310.921
89.9112, 310.922
89.9432, 310.924
89.9709, 310.925
90.0125, 310.927
90.0516, 310.929
90.0952, 310.932
90.1129, 310.933
90.1172, 310.933
90.1481, 310.934
90.172, 310.936
90.2075, 310.938
90.2177, 310.938
90.2666, 310.941
90.2741, 310.941
90.329, 310.944
90.3578, 310.946
90.3691, 310.946
90.3929, 310.948
90.3996, 310.948
90.402, 310.948
90.4314, 310.95
90.4479, 310.951
90.4737, 310.952
90.4887, 310.953
90.5441, 310.956
90.5538, 310.956
90.5829, 310.958
90.5996, 310.959
90.6617, 310.962
90.6625, 310.962
90.6637, 310.962
90.6921, 310.964
90.7305, 310.966
90.7372, 310.967
90.7917, 310.97
90.7938, 310.97
90.8282, 310.972
90.8924, 310.975
90.9577, 310.979
90.9651, 310.979
90.9664, 310.98
90.9683, 310.98
90.993, 310.981
91.0083, 310.982
91.0427, 310.984
91.0641, 310.985
91.0938, 310.987
91.1237, 310.989
91.1686, 310.991
91.1985, 310.993
91.2118, 310.994
91.2506, 310.996
91.2594, 310.996
91.2668, 310.997
91.3187, 311
91.3272, 311
91.3767, 311.003
91.3875, 311.004
91.4346, 311.007
91.4714, 311.009
91.4833, 311.01
91.4923, 311.01
91.5237, 311.012
91.575, 311.015
91.5983, 311.017
91.6097, 311.017
91.6568, 311.02
91.6571, 311.02
91.6663, 311.021
91.699, 311.023
91.6999, 311.023
91.7017, 311.023
91.7597, 311.026
91.7795, 311.028
91.8044, 311.029
91.85, 311.032
91.851, 311.032
91.8528, 311.032
91.9017, 311.035
91.928, 311.037
91.9593, 311.039
91.9732, 311.039
91.9902, 311.041
92.0075, 311.042
92.0463, 311.044
92.0571, 311.045
92.0609, 311.045
92.0774, 311.046
92.0924, 311.047
92.1081, 311.048
92.138, 311.05
92.178, 311.052
92.1811, 311.053
92.2346, 311.056
92.2539, 311.057
92.2601, 311.058
92.3025, 311.06
92.3169, 311.061
92.3332, 311.062
92.3598, 311.064
92.3899, 311.066
92.3949, 311.066
92.4257, 311.068
92.4309, 311.069
92.4388, 311.069
92.463, 311.071
92.4945, 311.073
92.5297, 311.075
92.5402, 311.076
92.592, 311.079
92.5968, 311.079
92.6544, 311.083
92.6646, 311.084
92.6837, 311.085
92.7073, 311.087
92.7151, 311.087
92.7632, 311.09
92.7667, 311.091
92.8235, 311.094
92.8263, 311.095
92.8347, 311.095
92.8728, 311.098
92.8862, 311.099
92.892, 311.099
92.9221, 311.101
92.9525, 311.103
92.9551, 311.103
92.9942, 311.106
93.011, 311.107
93.0336, 311.109
93.057, 311.11
93.0617, 311.11
93.069, 311.111
93.0892, 311.112
93.151, 311.117
93.1817, 311.119
93.2233, 311.122
93.2245, 311.122
93.2268, 311.122
93.286, 311.126
93.332, 311.129
93.3502, 311.13
93.3752, 311.132
93.3905, 311.133
93.4169, 311.135
93.4247, 311.136
93.4338, 311.136
93.4744, 311.139
93.5197, 311.142
93.5327, 311.143
93.5602, 311.145
93.5719, 311.146
93.5909, 311.148
93.6301, 311.15
93.6771, 311.154
93.6975, 311.155
93.7178, 311.157
93.7251, 311.157
93.7428, 311.158
93.7721, 311.161
93.7879, 311.162
93.8077, 311.163
93.8225, 311.164
93.8488, 311.166
93.8721, 311.168
93.9, 311.17
93.9231, 311.172
93.9679, 311.175
94.013, 311.178
94.0203, 311.179
94.0957, 311.185
94.1035, 311.185
94.1117, 311.186
94.1556, 311.189
94.176, 311.191
94.2061, 311.193
94.2114, 311.193
94.2135, 311.193
94.2395, 311.195
94.2571, 311.197
94.2593, 311.197
94.3013, 311.2
94.3485, 311.204
94.3498, 311.204
94.35, 311.204
94.3524, 311.204
94.3994, 311.208
94.4148, 311.209
94.4591, 311.212
94.4859, 311.214
94.5202, 311.217
94.5741, 311.221
94.6081, 311.224
94.622, 311.225
94.6248, 311.225
94.6518, 311.227
94.6958, 311.231
94.7714, 311.237
94.7727, 311.237
94.7729, 311.237
94.8151, 311.24
94.8575, 311.244
94.8825, 311.246
94.9309, 311.25
94.9407, 311.251
94.9774, 311.254
95.0054, 311.256
95.0536, 311.26
95.0862, 311.263
95.1027, 311.264
95.1176, 311.265
95.1378, 311.267
95.1718, 311.27
95.1955, 311.272
95.2518, 311.276
95.2557, 311.277
95.3157, 311.282
95.3273, 311.283
95.3581, 311.285
95.4118, 311.29
95.4198, 311.291
95.465, 311.294
95.487, 311.296
95.4976, 311.297
95.5266, 311.3
95.5518, 311.302
95.5841, 311.305
95.6108, 311.307
95.6495, 311.31
95.6946, 311.314
95.696, 311.314
95.7253, 311.317
95.736, 311.318
95.7742, 311.321
95.8038, 311.324
95.8158, 311.325
95.8326, 311.326
95.8469, 311.328
95.8809, 311.331
95.8927, 311.332
95.934, 311.335
95.955, 311.337
96.0328, 311.344
96.0561, 311.346
96.068, 311.348
96.0873, 311.349
96.1055, 311.351
96.1221, 311.352
96.1475, 311.355
96.1986, 311.359
96.2323, 311.363
96.2541, 311.365
96.2664, 311.366
96.309, 311.37
96.3458, 311.373
96.3713, 311.376
96.3936, 311.378
96.4437, 311.382
96.4633, 311.384
96.4867, 311.386
96.5255, 311.39
96.5361, 311.391
96.5741, 311.395
96.6177, 311.399
96.633, 311.4
96.6424, 311.401
96.6816, 311.405
96.7365, 311.41
96.7481, 311.411
96.7872, 311.415
96.8423, 311.421
96.8617, 311.423
96.9076, 311.427
96.9446, 311.431
96.9663, 311.433
96.9982, 311.436
97.0046, 311.437
97.066, 311.443
97.1071, 311.447
97.1194, 311.448
97.1722, 311.453
97.177, 311.454
97.2174, 311.458
97.257, 311.462
97.2859, 311.465
97.3142, 311.468
97.3435, 311.471
97.3447, 311.471
97.3981, 311.477
97.4282, 311.48
97.4831, 311.485
97.4994, 311.487
97.5528, 311.493
97.567, 311.494
97.6012, 311.498
97.605, 311.498
97.6147, 311.499
97.6402, 311.502
97.6637, 311.504
97.6821, 311.506
97.6908, 311.507
97.7303, 311.511
97.7431, 311.513
97.8083, 311.52
97.8451, 311.524
97.8762, 311.527
97.9295, 311.533
97.9393, 311.534
97.9439, 311.535
97.9479, 311.535
97.9814, 311.539
98.0135, 311.542
98.0865, 311.55
98.0901, 311.551
98.1486, 311.557
98.1587, 311.558
98.1878, 311.561
98.1961, 311.562
98.2551, 311.569
98.2573, 311.569
98.261, 311.57
98.3108, 311.575
98.3634, 311.581
98.3898, 311.584
98.4079, 311.586
98.4564, 311.592
98.4616, 311.592
98.5056, 311.598
98.5763, 311.606
98.603, 311.609
98.6218, 311.611
98.6703, 311.617
98.6835, 311.618
98.7163, 311.622
98.7238, 311.623
98.7432, 311.625
98.7649, 311.628
98.831, 311.636
98.831, 311.636
98.8313, 311.636
98.8829, 311.642
98.8841, 311.642
98.9071, 311.645
98.9255, 311.647
98.9263, 311.647
98.9338, 311.648
98.9852, 311.654
99.0119, 311.657
99.0454, 311.661
99.0751, 311.665
99.0918, 311.667
99.1339, 311.672
99.1892, 311.679
99.1936, 311.679
99.2021, 311.68
99.2281, 311.684
99.2813, 311.69
99.2957, 311.692
99.3047, 311.693
99.3325, 311.696
99.3824, 311.703
99.3855, 311.703
99.3991, 311.705
99.4641, 311.713
99.4797, 311.715
99.4879, 311.716
99.4984, 311.717
99.5266, 311.721
99.5671, 311.726
99.585, 311.728
99.6037, 311.731
99.6419, 311.735
99.6801, 311.74
99.7075, 311.744
99.7401, 311.748
99.7946, 311.755
99.8119, 311.757
99.8176, 311.758
99.8281, 311.759
99.8798, 311.766
99.8971, 311.768
99.9423, 311.774
99.9432, 311.774
99.9436, 311.774
100.002, 311.782
100.027, 311.785
100.086, 311.793
100.09, 311.794
100.143, 311.801
100.185, 311.806
100.203, 311.809
100.233, 311.813
100.272, 311.818
100.306, 311.823
100.352, 311.829
100.363, 311.83
100.405, 311.836
100.455, 311.843
100.475, 311.846
100.498, 311.849
100.512, 311.851
100.554, 311.856
100.595, 311.862
100.628, 311.867
100.647, 311.869
100.673, 311.873
100.712, 311.878
100.753, 311.884
100.773, 311.887
100.797, 311.89
100.856, 311.898
100.865, 311.9
100.873, 311.901
100.926, 311.908
100.951, 311.912
100.995, 311.918
101.01, 311.92
101.04, 311.924
101.097, 311.933
101.12, 311.936
101.174, 311.944
101.19, 311.946
101.196, 311.947
101.226, 311.951
101.268, 311.957
101.271, 311.958
101.301, 311.962
101.336, 311.967
101.357, 311.97
101.406, 311.977
101.428, 311.98
101.438, 311.982
101.464, 311.986
101.475, 311.987
101.523, 311.994
101.542, 311.997
101.572, 312.001
101.624, 312.009
101.669, 312.016
101.671, 312.016
101.716, 312.023
101.733, 312.025
101.775, 312.031
101.779, 312.032
101.783, 312.032
101.816, 312.037
101.864, 312.045
101.895, 312.049
101.923, 312.053
101.942, 312.056
101.974, 312.061
102.005, 312.066
102.027, 312.069
102.041, 312.071
102.086, 312.078
102.102, 312.08
102.16, 312.089
102.164, 312.089
102.179, 312.092
102.227, 312.099
102.281, 312.107
102.297, 312.109
102.338, 312.115
102.368, 312.12
102.426, 312.128
102.463, 312.134
102.531, 312.144
102.54, 312.145
102.548, 312.147
102.581, 312.152
102.599, 312.154
102.631, 312.159
102.659, 312.163
102.66, 312.163
102.682, 312.167
102.683, 312.167
102.698, 312.169
102.705, 312.17
102.727, 312.173
102.784, 312.182
102.812, 312.186
102.841, 312.19
102.864, 312.194
102.916, 312.201
102.917, 312.201
102.921, 312.202
102.963, 312.208
103.026, 312.217
103.029, 312.218
103.053, 312.221
103.069, 312.224
103.08, 312.225
103.115, 312.23
103.143, 312.235
103.157, 312.236
103.217, 312.245
103.22, 312.246
103.225, 312.246
103.273, 312.253
103.315, 312.259
103.327, 312.261
103.363, 312.266
103.379, 312.268
103.438, 312.277
103.47, 312.281
103.477, 312.282
103.49, 312.284
103.501, 312.286
103.545, 312.292
103.57, 312.295
103.59, 312.298
103.621, 312.302
103.66, 312.308
103.669, 312.309
103.676, 312.31
103.704, 312.314
103.744, 312.319
103.765, 312.322
103.785, 312.325
103.847, 312.334
103.852, 312.334
103.919, 312.343
103.926, 312.344
103.93, 312.345
103.989, 312.352
104.06, 312.362
104.091, 312.366
104.102, 312.367
104.109, 312.368
104.15, 312.373
104.181, 312.377
104.254, 312.387
104.255, 312.387
104.257, 312.387
104.319, 312.395
104.336, 312.397
104.377, 312.402
104.394, 312.404
104.419, 312.407
104.477, 312.414
104.489, 312.415
104.511, 312.418
104.561, 312.424
104.579, 312.426
104.595, 312.428
104.63, 312.432
104.648, 312.434
104.69, 312.439
104.751, 312.446
104.752, 312.446
104.757, 312.447
104.79, 312.45
104.847, 312.457
104.861, 312.458
104.9, 312.463
104.919, 312.465
104.938, 312.467
104.971, 312.47
105.012, 312.475
105.014, 312.475
105.028, 312.476
105.055, 312.479
105.061, 312.48
105.088, 312.483
105.089, 312.483
105.098, 312.484
105.131, 312.487
105.178, 312.492
105.222, 312.496
105.245, 312.498
105.259, 312.5
105.282, 312.502
105.288, 312.503
105.293, 312.503
105.317, 312.505
105.357, 312.509
105.417, 312.515
105.438, 312.517
105.455, 312.519
105.471, 312.52
105.507, 312.523
105.52, 312.524
105.57, 312.529
105.578, 312.529
105.591, 312.531
105.636, 312.534
105.677, 312.538
105.682, 312.538
105.725, 312.542
105.736, 312.543
105.786, 312.547
105.802, 312.548
105.831, 312.55
105.86, 312.553
105.868, 312.553
105.894, 312.555
105.916, 312.557
105.979, 312.562
106.012, 312.564
106.027, 312.565
106.059, 312.568
106.093, 312.57
106.115, 312.572
106.146, 312.574
106.192, 312.577
106.194, 312.577
106.229, 312.579
106.256, 312.581
106.298, 312.584
106.321, 312.585
106.327, 312.586
106.335, 312.586
106.395, 312.59
106.412, 312.591
106.457, 312.594
106.492, 312.596
106.5, 312.596
106.507, 312.596
106.558, 312.599
106.624, 312.603
106.664, 312.605
106.673, 312.605
106.722, 312.608
106.76, 312.61
106.776, 312.61
106.785, 312.611
106.82, 312.612
106.856, 312.614
106.886, 312.615
106.933, 312.617
106.945, 312.618
106.969, 312.619
107.013, 312.621
107.073, 312.623
107.081, 312.623
107.131, 312.625
107.149, 312.626
107.206, 312.628
107.211, 312.628
107.243, 312.629
107.248, 312.629
107.27, 312.63
107.28, 312.63
107.327, 312.632
107.365, 312.633
107.386, 312.633
107.419, 312.634
107.433, 312.635
107.452, 312.635
107.485, 312.636
107.508, 312.637
107.559, 312.638
107.588, 312.639
107.605, 312.639
107.615, 312.639
107.639, 312.64
107.642, 312.64
107.688, 312.641
107.722, 312.641
107.746, 312.642
107.769, 312.642
107.788, 312.642
107.831, 312.643
107.842, 312.643
107.893, 312.644
107.921, 312.645
107.947, 312.645
107.961, 312.645
107.976, 312.645
108.02, 312.646
108.028, 312.646
108.081, 312.647
108.12, 312.647
108.135, 312.647
108.143, 312.647
108.194, 312.648
108.214, 312.648
108.259, 312.648
108.266, 312.648
108.308, 312.648
108.31, 312.648
108.338, 312.649
108.377, 312.649
108.396, 312.649
108.432, 312.649
108.468, 312.649
108.494, 312.649
108.522, 312.649
108.534, 312.649
108.591, 312.649
108.597, 312.649
108.605, 312.649
108.644, 312.649
108.678, 312.649
108.698, 312.649
108.727, 312.649
108.728, 312.649
108.728, 312.649
108.764, 312.649
108.787, 312.649
108.805, 312.649
108.818, 312.649
108.841, 312.649
108.869, 312.649
108.882, 312.649
108.918, 312.648
108.953, 312.648
108.979, 312.648
108.987, 312.648
108.999, 312.648
109.029, 312.648
109.037, 312.648
109.066, 312.648
109.079, 312.648
109.123, 312.647
109.135, 312.647
109.174, 312.647
109.177, 312.647
109.183, 312.647
109.239, 312.647
109.277, 312.646
109.283, 312.646
109.305, 312.646
109.311, 312.646
109.355, 312.646
109.358, 312.646
109.359, 312.646
109.36, 312.646
109.399, 312.645
109.434, 312.645
109.444, 312.645
109.485, 312.645
109.496, 312.645
109.517, 312.645
109.543, 312.644
109.568, 312.644
109.581, 312.644
109.621, 312.644
109.66, 312.644
109.672, 312.644
109.674, 312.644
109.7, 312.643
109.715, 312.643
109.728, 312.643
109.761, 312.643
109.814, 312.643
109.827, 312.643
109.859, 312.642
109.863, 312.642
109.932, 312.642
110, 312.642
110.137, 312.615
110.228, 312.598
110.258, 312.593
110.369, 312.58
110.482, 312.566
110.657, 312.556
110.693, 312.554
110.986, 312.537
111, 312.536


