X,T
8.47446e-17, 310.15
0.111652, 310.15
0.315758, 310.15
0.73668, 310.15
1.00612, 310.15
1.01592, 310.15
1.02414, 310.15
1.12028, 310.15
1.46844, 310.15
1.66192, 310.15
1.70063, 310.15
1.78833, 310.15
1.846, 310.15
1.97965, 310.15
2.37615, 310.15
2.76896, 310.15
2.90078, 310.15
3.01854, 310.15
3.16774, 310.15
3.49887, 310.15
3.72384, 310.15
3.84161, 310.15
4.11964, 310.15
4.16987, 310.15
4.22853, 310.15
4.3709, 310.15
4.59215, 310.15
4.77461, 310.15
5.06244, 310.15
5.15546, 310.15
5.27948, 310.15
5.35866, 310.15
5.67334, 310.15
5.89041, 310.15
5.96846, 310.15
6.19337, 310.15
6.42678, 310.15
6.85208, 310.15
6.97116, 310.15
7.36751, 310.15
7.40993, 310.15
7.46904, 310.15
7.94807, 310.15
8.15113, 310.15
8.46292, 310.15
8.78016, 310.15
8.80663, 310.15
8.8321, 310.15
8.99708, 310.15
9.46126, 310.15
9.78106, 310.15
9.80781, 310.15
10.0243, 310.15
10.1409, 310.15
10.497, 310.15
10.6887, 310.15
10.8609, 310.15
11.0499, 310.15
11.5922, 310.15
11.6942, 310.15
11.7731, 310.15
12.3491, 310.15
12.506, 310.15
12.8041, 310.15
12.8419, 310.15
13.478, 310.15
13.6249, 310.15
13.7113, 310.15
14.2378, 310.15
14.3086, 310.15
14.3699, 310.15
14.4185, 310.15
14.6491, 310.15
14.6729, 310.15
14.8749, 310.15
15.081, 310.15
15.4137, 310.15
15.6164, 310.15
15.7997, 310.15
16.1512, 310.15
16.1732, 310.15
16.6341, 310.15
16.6477, 310.15
16.7262, 310.15
17.0006, 310.15
17.4125, 310.15
17.5274, 310.15
17.6717, 310.15
17.7597, 310.15
18.1261, 310.15
18.1488, 310.15
18.2448, 310.15
18.7286, 310.15
18.8151, 310.15
18.847, 310.15
19.093, 310.15
19.1194, 310.15
19.4655, 310.15
19.6395, 310.15
19.7724, 310.15
20.1448, 310.15
20.3048, 310.15
20.5858, 310.15
20.9686, 310.15
21.0051, 310.15
21.0723, 310.15
21.4627, 310.15
21.5843, 310.15
21.6977, 310.15
22.0407, 310.15
22.3558, 310.15
22.479, 310.15
22.6905, 310.15
23.0136, 310.15
23.2881, 310.15
23.4066, 310.15
23.4581, 310.15
23.67, 310.15
24.1182, 310.15
24.12, 310.15
24.1253, 310.15
24.6205, 310.15
24.7725, 310.15
24.9719, 310.15
25.1938, 310.15
25.6072, 310.15
25.6525, 310.15
25.8455, 310.15
25.9775, 310.15
26.39, 310.15
26.4881, 310.15
26.8296, 310.15
26.9419, 310.15
27.2037, 310.15
27.2585, 310.15
27.5749, 310.15
27.9255, 310.15
28.0038, 310.15
28.1069, 310.15
28.261, 310.15
28.6084, 310.15
28.9068, 310.15
29.0502, 310.15
29.1616, 310.15
29.3986, 310.15
29.5489, 310.15
29.6948, 310.15
29.8482, 310.15
30.0039, 310.15
30.1716, 310.15
30.4566, 310.15
30.9191, 310.15
31.0755, 310.15
31.1655, 310.15
31.2569, 310.15
31.3821, 310.15
31.7557, 310.15
32.1219, 310.15
32.3609, 310.15
32.473, 310.15
32.4883, 310.15
33.0197, 310.15
33.1934, 310.15
33.2928, 310.15
33.7666, 310.15
33.9959, 310.15
34.1434, 310.15
34.4302, 310.15
34.5208, 310.15
34.7547, 310.15
34.862, 310.15
35.1038, 310.15
35.3176, 310.15
35.6089, 310.15
35.6309, 310.15
35.9287, 310.15
35.9795, 310.15
36.0669, 310.15
36.1307, 310.15
36.4949, 310.15
36.6301, 310.15
36.8378, 310.15
37.1328, 310.15
37.1873, 310.15
37.6126, 310.15
37.776, 310.15
38.0147, 310.15
38.2324, 310.15
38.2773, 310.15
38.7425, 310.15
38.8937, 310.15
38.9521, 310.15
39.2293, 310.151
39.401, 310.151
39.5488, 310.151
39.6218, 310.151
39.9036, 310.151
40.1342, 310.151
40.3005, 310.151
40.4641, 310.151
40.9278, 310.151
40.9746, 310.151
41.0122, 310.151
41.0613, 310.151
41.4204, 310.151
41.6219, 310.151
42.0433, 310.151
42.311, 310.151
42.413, 310.151
43.0483, 310.151
43.1028, 310.151
43.3058, 310.151
43.3252, 310.152
43.5169, 310.152
43.8242, 310.152
43.8621, 310.152
43.9371, 310.152
44.2768, 310.152
44.5324, 310.152
44.5707, 310.152
44.857, 310.152
45.2051, 310.152
45.2733, 310.153
45.4568, 310.153
45.6852, 310.153
46.0004, 310.153
46.2778, 310.153
46.282, 310.153
46.2898, 310.153
46.6911, 310.154
46.9151, 310.154
47.0461, 310.154
47.2811, 310.154
47.4533, 310.155
47.5226, 310.155
47.8495, 310.155
48.0224, 310.155
48.1761, 310.156
48.3848, 310.156
48.5335, 310.156
48.7407, 310.157
48.9032, 310.157
49.0072, 310.157
49.5589, 310.158
49.6848, 310.159
49.8709, 310.159
49.926, 310.159
50.0297, 310.16
50.3101, 310.16
50.5987, 310.161
50.7079, 310.161
51.111, 310.163
51.1345, 310.163
51.1665, 310.163
51.6399, 310.165
51.6465, 310.165
51.6557, 310.165
51.8268, 310.166
52.1695, 310.168
52.5554, 310.17
52.5954, 310.17
52.6271, 310.17
52.7117, 310.17
53.2141, 310.174
53.3854, 310.175
53.5523, 310.176
53.94, 310.179
54.1255, 310.181
54.5334, 310.185
54.8095, 310.187
54.8744, 310.188
55.1585, 310.191
55.3248, 310.193
55.5409, 310.197
55.8029, 310.2
55.8556, 310.201
56.0103, 310.203
56.0148, 310.204
56.0197, 310.204
56.0278, 310.204
56.4015, 310.21
56.7762, 310.218
56.7765, 310.218
57.0524, 310.224
57.3933, 310.232
57.598, 310.239
57.6451, 310.24
57.6928, 310.242
57.8541, 310.248
58, 310.254
58.0663, 310.254
58.1196, 310.254
58.123, 310.254
58.1674, 310.254
58.2046, 310.254
58.2089, 310.254
58.2365, 310.254
58.2553, 310.254
58.2818, 310.254
58.3068, 310.254
58.3114, 310.254
58.3655, 310.255
58.3688, 310.255
58.3943, 310.255
58.4095, 310.255
58.436, 310.255
58.4629, 310.255
58.4771, 310.255
58.4932, 310.255
58.5459, 310.255
58.5704, 310.255
58.5974, 310.255
58.6014, 310.255
58.6022, 310.255
58.6109, 310.255
58.66, 310.255
58.6986, 310.255
58.7077, 310.255
58.7453, 310.255
58.7489, 310.255
58.7498, 310.255
58.8011, 310.255
58.8332, 310.255
58.8484, 310.255
58.8821, 310.255
58.9199, 310.255
58.9304, 310.255
58.9801, 310.256
59.0022, 310.256
59.0167, 310.256
59.0623, 310.256
59.1019, 310.256
59.1033, 310.256
59.1736, 310.256
59.1875, 310.256
59.1952, 310.256
59.2163, 310.256
59.2401, 310.256
59.2783, 310.256
59.288, 310.256
59.294, 310.256
59.3549, 310.256
59.387, 310.257
59.4067, 310.257
59.4386, 310.257
59.475, 310.257
59.5019, 310.257
59.5178, 310.257
59.5383, 310.257
59.5988, 310.257
59.6009, 310.257
59.6236, 310.257
59.6707, 310.257
59.6731, 310.257
59.7177, 310.257
59.7413, 310.258
59.7694, 310.258
59.7995, 310.258
59.8317, 310.258
59.8371, 310.258
59.8694, 310.258
59.889, 310.258
59.9195, 310.258
59.9455, 310.258
59.9564, 310.258
60.0227, 310.258
60.0533, 310.258
60.0979, 310.259
60.1, 310.259
60.1344, 310.259
60.1455, 310.259
60.1575, 310.259
60.1887, 310.259
60.2246, 310.259
60.2442, 310.259
60.2487, 310.259
60.2904, 310.259
60.3253, 310.259
60.375, 310.259
60.3752, 310.259
60.4149, 310.26
60.4156, 310.26
60.4597, 310.26
60.4631, 310.26
60.4836, 310.26
60.499, 310.26
60.5032, 310.26
60.5354, 310.26
60.5404, 310.26
60.5572, 310.26
60.5885, 310.26
60.6232, 310.26
60.6649, 310.26
60.698, 310.261
60.7113, 310.261
60.7188, 310.261
60.733, 310.261
60.7687, 310.261
60.8096, 310.261
60.824, 310.261
60.846, 310.261
60.8837, 310.261
60.9007, 310.261
60.9351, 310.262
60.9401, 310.262
60.9487, 310.262
60.9841, 310.262
61.0157, 310.262
61.0584, 310.262
61.0735, 310.262
61.1013, 310.262
61.1072, 310.262
61.1171, 310.262
61.1752, 310.262
61.2147, 310.263
61.2272, 310.263
61.278, 310.263
61.3058, 310.263
61.3355, 310.263
61.3518, 310.263
61.402, 310.263
61.4431, 310.264
61.4554, 310.264
61.4981, 310.264
61.5243, 310.264
61.5487, 310.264
61.5722, 310.264
61.6036, 310.264
61.6245, 310.264
61.6469, 310.264
61.6565, 310.265
61.7019, 310.265
61.731, 310.265
61.7508, 310.265
61.7528, 310.265
61.7798, 310.265
61.8092, 310.265
61.8199, 310.265
61.8567, 310.265
61.8766, 310.266
61.9073, 310.266
61.9604, 310.266
61.9865, 310.266
62.0199, 310.266
62.0889, 310.267
62.1008, 310.267
62.1234, 310.267
62.1882, 310.267
62.1979, 310.267
62.2441, 310.267
62.299, 310.268
62.3036, 310.268
62.3089, 310.268
62.3333, 310.268
62.3488, 310.268
62.3953, 310.268
62.3997, 310.268
62.4329, 310.268
62.4545, 310.268
62.5514, 310.269
62.5553, 310.269
62.6061, 310.269
62.6097, 310.269
62.6177, 310.269
62.6383, 310.269
62.6607, 310.269
62.7074, 310.27
62.7129, 310.27
62.7611, 310.27
62.7889, 310.27
62.8154, 310.27
62.8443, 310.27
62.8582, 310.271
62.8806, 310.271
62.9136, 310.271
62.9326, 310.271
62.9548, 310.271
62.9629, 310.271
62.9672, 310.271
62.9915, 310.271
63.037, 310.272
63.0701, 310.272
63.1145, 310.272
63.1283, 310.272
63.1399, 310.272
63.1933, 310.272
63.2421, 310.273
63.2901, 310.273
63.2914, 310.273
63.292, 310.273
63.3096, 310.273
63.3251, 310.273
63.367, 310.273
63.3756, 310.273
63.4092, 310.274
63.4425, 310.274
63.46, 310.274
63.4646, 310.274
63.5183, 310.274
63.5457, 310.275
63.5927, 310.275
63.595, 310.275
63.6257, 310.275
63.6316, 310.275
63.6896, 310.275
63.7047, 310.275
63.7156, 310.276
63.7276, 310.276
63.7546, 310.276
63.7776, 310.276
63.8414, 310.276
63.8729, 310.277
63.8743, 310.277
63.9462, 310.277
63.9567, 310.277
63.9632, 310.277
64.0264, 310.278
64.067, 310.278
64.0806, 310.278
64.09, 310.278
64.1611, 310.278
64.1745, 310.279
64.1807, 310.279
64.2292, 310.279
64.2495, 310.279
64.2769, 310.279
64.2991, 310.279
64.3271, 310.28
64.3287, 310.28
64.3341, 310.28
64.3822, 310.28
64.4077, 310.28
64.4686, 310.281
64.4713, 310.281
64.496, 310.281
64.5117, 310.281
64.5133, 310.281
64.5257, 310.281
64.5583, 310.281
64.5876, 310.281
64.608, 310.282
64.6211, 310.282
64.6689, 310.282
64.6896, 310.282
64.7265, 310.282
64.7549, 310.283
64.7977, 310.283
64.8025, 310.283
64.8425, 310.283
64.8714, 310.283
64.884, 310.284
64.928, 310.284
64.9521, 310.284
64.9744, 310.284
65.0408, 310.285
65.0434, 310.285
65.1008, 310.285
65.1127, 310.285
65.1439, 310.285
65.1681, 310.286
65.1966, 310.286
65.2247, 310.286
65.2451, 310.286
65.2719, 310.286
65.3586, 310.287
65.3855, 310.287
65.4081, 310.288
65.4263, 310.288
65.4365, 310.288
65.4829, 310.288
65.4875, 310.288
65.4905, 310.288
65.5357, 310.289
65.5942, 310.289
65.6114, 310.289
65.6443, 310.289
65.6889, 310.29
65.7049, 310.29
65.7401, 310.29
65.7445, 310.29
65.784, 310.291
65.797, 310.291
65.8581, 310.291
65.8847, 310.291
65.9146, 310.292
65.9568, 310.292
65.9682, 310.292
66.007, 310.292
66.0167, 310.293
66.0366, 310.293
66.0854, 310.293
66.0873, 310.293
66.1054, 310.293
66.1487, 310.294
66.1621, 310.294
66.1639, 310.294
66.1942, 310.294
66.2169, 310.294
66.2618, 310.295
66.3103, 310.295
66.3491, 310.295
66.3823, 310.296
66.4319, 310.296
66.4426, 310.296
66.4472, 310.296
66.4931, 310.297
66.5075, 310.297
66.5163, 310.297
66.5231, 310.297
66.5289, 310.297
66.5723, 310.297
66.6144, 310.298
66.6297, 310.298
66.6415, 310.298
66.6668, 310.298
66.6768, 310.298
66.7056, 310.299
66.7164, 310.299
66.762, 310.299
66.7962, 310.299
66.8382, 310.3
66.8627, 310.3
66.9114, 310.301
66.9563, 310.301
66.9711, 310.301
67.0229, 310.302
67.0334, 310.302
67.0443, 310.302
67.0952, 310.302
67.1131, 310.303
67.1414, 310.303
67.1952, 310.303
67.2071, 310.303
67.2665, 310.304
67.2852, 310.304
67.3104, 310.304
67.3253, 310.305
67.3898, 310.305
67.3965, 310.305
67.4053, 310.305
67.4598, 310.306
67.4784, 310.306
67.5059, 310.306
67.5321, 310.307
67.5604, 310.307
67.5703, 310.307
67.5866, 310.307
67.6264, 310.308
67.628, 310.308
67.6292, 310.308
67.6355, 310.308
67.6917, 310.308
67.7159, 310.309
67.7374, 310.309
67.7855, 310.309
67.8145, 310.31
67.8294, 310.31
67.8427, 310.31
67.9132, 310.311
67.9228, 310.311
67.9311, 310.311
67.9656, 310.311
68.0153, 310.312
68.0179, 310.312
68.0197, 310.312
68.0564, 310.312
68.0991, 310.313
68.1149, 310.313
68.1671, 310.313
68.1899, 310.314
68.2053, 310.314
68.2189, 310.314
68.2603, 310.314
68.3056, 310.315
68.3068, 310.315
68.3246, 310.315
68.3419, 310.315
68.3482, 310.315
68.3998, 310.316
68.4155, 310.316
68.4512, 310.316
68.4558, 310.317
68.4832, 310.317
68.4935, 310.317
68.4957, 310.317
68.5323, 310.317
68.5571, 310.318
68.5939, 310.318
68.5964, 310.318
68.6507, 310.319
68.6688, 310.319
68.706, 310.319
68.7179, 310.319
68.7535, 310.32
68.7764, 310.32
68.7841, 310.32
68.816, 310.321
68.8456, 310.321
68.8603, 310.321
68.8739, 310.321
68.9209, 310.322
68.9583, 310.322
68.9612, 310.322
68.9622, 310.322
69.0267, 310.323
69.0434, 310.323
69.0624, 310.324
69.0823, 310.324
69.1112, 310.324
69.1384, 310.324
69.1735, 310.325
69.1918, 310.325
69.2025, 310.325
69.2318, 310.326
69.2726, 310.326
69.2749, 310.326
69.3006, 310.326
69.3387, 310.327
69.3432, 310.327
69.3474, 310.327
69.3547, 310.327
69.3772, 310.327
69.4067, 310.328
69.409, 310.328
69.4487, 310.328
69.4517, 310.328
69.4624, 310.328
69.4819, 310.329
69.4934, 310.329
69.5355, 310.329
69.5609, 310.33
69.5855, 310.33
69.6267, 310.33
69.64, 310.331
69.673, 310.331
69.6911, 310.331
69.7188, 310.332
69.7517, 310.332
69.7611, 310.332
69.8034, 310.333
69.8293, 310.333
69.9037, 310.334
69.9111, 310.334
69.954, 310.335
69.9593, 310.335
69.998, 310.335
70.0154, 310.336
70.0272, 310.336
70.0507, 310.336
70.0513, 310.336
70.0698, 310.336
70.0973, 310.337
70.117, 310.337
70.1237, 310.337
70.1306, 310.337
70.1504, 310.337
70.1634, 310.337
70.1929, 310.338
70.2167, 310.338
70.2466, 310.339
70.2907, 310.339
70.297, 310.339
70.3323, 310.34
70.3505, 310.34
70.359, 310.34
70.3734, 310.34
70.3846, 310.34
70.4145, 310.341
70.4299, 310.341
70.4851, 310.342
70.5128, 310.342
70.5229, 310.342
70.5644, 310.343
70.5811, 310.343
70.5978, 310.343
70.6211, 310.344
70.689, 310.345
70.7047, 310.345
70.713, 310.345
70.7623, 310.346
70.7991, 310.346
70.8452, 310.347
70.8547, 310.347
70.9023, 310.348
70.943, 310.348
70.9475, 310.348
70.9934, 310.349
71.0056, 310.349
71.0247, 310.35
71.0344, 310.35
71.0413, 310.35
71.048, 310.35
71.1003, 310.351
71.1226, 310.351
71.1345, 310.351
71.1491, 310.351
71.1673, 310.352
71.1999, 310.352
71.211, 310.352
71.2576, 310.353
71.2832, 310.353
71.3153, 310.354
71.3505, 310.354
71.3771, 310.355
71.4043, 310.355
71.4292, 310.356
71.4705, 310.356
71.4742, 310.356
71.5163, 310.357
71.5517, 310.357
71.5685, 310.358
71.5752, 310.358
71.6253, 310.359
71.6346, 310.359
71.665, 310.359
71.6947, 310.36
71.738, 310.36
71.7605, 310.361
71.7723, 310.361
71.7803, 310.361
71.8124, 310.361
71.8268, 310.362
71.8661, 310.362
71.871, 310.362
71.9055, 310.363
71.9464, 310.364
71.9878, 310.364
71.9932, 310.364
71.9965, 310.364
72.0041, 310.365
72.0381, 310.365
72.0735, 310.366
72.0813, 310.366
72.087, 310.366
72.1354, 310.367
72.1399, 310.367
72.1701, 310.367
72.1827, 310.367
72.2193, 310.368
72.2397, 310.368
72.2746, 310.369
72.3053, 310.369
72.3175, 310.37
72.3508, 310.37
72.3725, 310.371
72.4032, 310.371
72.4154, 310.371
72.4616, 310.372
72.4663, 310.372
72.5129, 310.373
72.5544, 310.374
72.5698, 310.374
72.5983, 310.374
72.6187, 310.375
72.6358, 310.375
72.647, 310.375
72.6748, 310.376
72.6819, 310.376
72.7128, 310.376
72.7618, 310.377
72.7654, 310.377
72.77, 310.377
72.8296, 310.378
72.852, 310.379
72.857, 310.379
72.8798, 310.379
72.9023, 310.38
72.9354, 310.38
72.9472, 310.38
72.9868, 310.381
72.9983, 310.381
73.0454, 310.382
73.0576, 310.382
73.063, 310.382
73.0781, 310.383
73.1294, 310.384
73.1492, 310.384
73.173, 310.384
73.228, 310.385
73.2397, 310.386
73.2666, 310.386
73.3431, 310.387
73.3984, 310.389
73.4209, 310.389
73.4266, 310.389
73.4347, 310.389
73.515, 310.391
73.5348, 310.391
73.5967, 310.392
73.6182, 310.393
73.6621, 310.393
73.6817, 310.394
73.713, 310.394
73.7217, 310.395
73.7407, 310.395
73.7661, 310.395
73.7973, 310.396
73.8278, 310.397
73.8451, 310.397
73.8819, 310.398
73.8999, 310.398
73.9331, 310.399
73.9482, 310.399
73.9868, 310.4
73.9979, 310.4
74.0241, 310.4
74.0326, 310.401
74.072, 310.401
74.0955, 310.402
74.134, 310.403
74.1459, 310.403
74.1593, 310.403
74.1833, 310.403
74.1994, 310.404
74.2186, 310.404
74.2714, 310.405
74.2829, 310.405
74.3743, 310.407
74.3826, 310.407
74.3983, 310.408
74.4315, 310.408
74.4352, 310.409
74.4446, 310.409
74.4879, 310.41
74.5354, 310.411
74.544, 310.411
74.5796, 310.411
74.5946, 310.412
74.5976, 310.412
74.6035, 310.412
74.6417, 310.413
74.6623, 310.413
74.6932, 310.414
74.7069, 310.414
74.7438, 310.415
74.7669, 310.415
74.803, 310.416
74.8522, 310.417
74.8545, 310.417
74.8935, 310.418
74.9012, 310.418
74.9583, 310.419
74.9768, 310.42
75.0077, 310.42
75.0199, 310.421
75.0314, 310.421
75.0572, 310.422
75.0808, 310.422
75.1006, 310.422
75.1215, 310.423
75.1318, 310.423
75.137, 310.423
75.2017, 310.425
75.2198, 310.425
75.2582, 310.426
75.291, 310.427
75.316, 310.427
75.3272, 310.427
75.3362, 310.428
75.377, 310.428
75.3812, 310.429
75.3979, 310.429
75.4605, 310.43
75.4773, 310.431
75.489, 310.431
75.549, 310.432
75.5565, 310.433
75.5879, 310.433
75.6008, 310.434
75.6863, 310.435
75.6881, 310.435
75.728, 310.436
75.7395, 310.437
75.7836, 310.438
75.7847, 310.438
75.7856, 310.438
75.829, 310.439
75.8784, 310.44
75.9151, 310.441
75.9175, 310.441
75.9212, 310.441
75.9634, 310.442
76.0001, 310.443
76.0238, 310.443
76.036, 310.444
76.0691, 310.444
76.0727, 310.444
76.0739, 310.444
76.1179, 310.445
76.1255, 310.446
76.1654, 310.447
76.1871, 310.447
76.249, 310.449
76.2505, 310.449
76.2534, 310.449
76.297, 310.45
76.3363, 310.451
76.3583, 310.451
76.3725, 310.452
76.4102, 310.453
76.4421, 310.453
76.4648, 310.454
76.4775, 310.454
76.5521, 310.456
76.566, 310.456
76.5984, 310.457
76.6469, 310.458
76.6494, 310.458
76.6502, 310.458
76.7028, 310.46
76.7329, 310.461
76.7507, 310.461
76.7522, 310.461
76.7593, 310.461
76.8077, 310.462
76.8341, 310.463
76.8614, 310.464
76.867, 310.464
76.9085, 310.465
76.9274, 310.465
76.934, 310.466
76.9736, 310.467
77.0019, 310.467
77.0817, 310.469
77.1085, 310.47
77.1422, 310.471
77.1509, 310.471
77.2103, 310.473
77.2153, 310.473
77.2895, 310.475
77.3117, 310.475
77.3585, 310.477
77.3615, 310.477
77.3997, 310.478
77.4203, 310.478
77.4374, 310.479
77.4837, 310.48
77.5203, 310.481
77.5405, 310.482
77.5566, 310.482
77.5849, 310.483
77.6375, 310.484
77.6457, 310.485
77.6487, 310.485
77.6529, 310.485
77.7113, 310.486
77.7352, 310.487
77.75, 310.487
77.7942, 310.489
77.8135, 310.489
77.8392, 310.49
77.8573, 310.49
77.8823, 310.491
77.9117, 310.492
77.963, 310.493
77.9709, 310.494
77.9939, 310.494
78.0237, 310.495
78.0426, 310.496
78.0644, 310.496
78.076, 310.497
78.0785, 310.497
78.0958, 310.497
78.1918, 310.5
78.2084, 310.5
78.2502, 310.502
78.2688, 310.502
78.2908, 310.503
78.3298, 310.504
78.337, 310.504
78.3829, 310.505
78.3949, 310.506
78.4291, 310.507
78.4901, 310.509
78.491, 310.509
78.4924, 310.509
78.5631, 310.511
78.5789, 310.511
78.632, 310.513
78.6416, 310.513
78.6785, 310.514
78.6936, 310.515
78.7144, 310.515
78.7583, 310.517
78.8003, 310.518
78.8109, 310.518
78.8442, 310.519
78.862, 310.52
78.904, 310.521
78.9319, 310.522
78.9557, 310.523
78.9653, 310.523
78.9932, 310.524
79.0327, 310.525
79.0489, 310.526
79.0978, 310.527
79.1102, 310.528
79.1318, 310.528
79.1762, 310.53
79.2284, 310.531
79.2403, 310.532
79.2676, 310.532
79.2784, 310.533
79.3027, 310.534
79.3307, 310.535
79.3637, 310.536
79.3781, 310.536
79.3804, 310.536
79.4137, 310.537
79.4238, 310.538
79.4353, 310.538
79.4817, 310.539
79.4877, 310.54
79.5235, 310.541
79.5822, 310.543
79.5947, 310.543
79.6327, 310.544
79.647, 310.545
79.6689, 310.546
79.6907, 310.546
79.7146, 310.547
79.7251, 310.547
79.7566, 310.548
79.8117, 310.55
79.8181, 310.551
79.8503, 310.552
79.8726, 310.552
79.9067, 310.553
79.9335, 310.554
79.9454, 310.555
79.9547, 310.555
79.9774, 310.556
80.0002, 310.557
80.0158, 310.557
80.0434, 310.558
80.0579, 310.559
80.0996, 310.56
80.1127, 310.561
80.1198, 310.561
80.1573, 310.562
80.1611, 310.562
80.1818, 310.563
80.2097, 310.564
80.2293, 310.565
80.2483, 310.565
80.2546, 310.565
80.2812, 310.566
80.3098, 310.567
80.3235, 310.568
80.3397, 310.568
80.3781, 310.57
80.4107, 310.571
80.4253, 310.571
80.4333, 310.572
80.4469, 310.572
80.4803, 310.573
80.487, 310.574
80.5344, 310.575
80.5458, 310.576
80.5637, 310.576
80.6033, 310.578
80.6256, 310.579
80.6457, 310.579
80.6698, 310.58
80.6879, 310.581
80.7154, 310.582
80.7465, 310.583
80.7582, 310.583
80.7918, 310.585
80.7929, 310.585
80.8266, 310.586
80.8558, 310.587
80.8944, 310.589
80.8965, 310.589
80.9, 310.589
80.9744, 310.592
80.986, 310.592
81.0266, 310.593
81.089, 310.596
81.0919, 310.596
81.0955, 310.596
81.1598, 310.599
81.2196, 310.601
81.2354, 310.601
81.2869, 310.603
81.3168, 310.605
81.3411, 310.605
81.3672, 310.606
81.3942, 310.608
81.4466, 310.61
81.4643, 310.61
81.4992, 310.612
81.5124, 310.612
81.5406, 310.613
81.5606, 310.614
81.5728, 310.615
81.6035, 310.616
81.6044, 310.616
81.6054, 310.616
81.6087, 310.616
81.6955, 310.619
81.7036, 310.62
81.7085, 310.62
81.7717, 310.622
81.799, 310.624
81.8303, 310.625
81.8435, 310.625
81.8699, 310.626
81.8957, 310.628
81.9084, 310.628
81.933, 310.629
81.9647, 310.63
82.0125, 310.632
82.0166, 310.632
82.0613, 310.634
82.0869, 310.635
82.093, 310.636
82.1393, 310.638
82.1656, 310.639
82.2044, 310.64
82.2136, 310.641
82.2544, 310.642
82.2793, 310.643
82.3305, 310.646
82.3622, 310.647
82.3685, 310.647
82.3711, 310.647
82.4139, 310.649
82.4212, 310.65
82.4445, 310.651
82.4664, 310.651
82.4734, 310.652
82.5191, 310.654
82.5804, 310.656
82.5834, 310.657
82.5868, 310.657
82.5887, 310.657
82.6365, 310.659
82.6568, 310.66
82.6683, 310.66
82.6774, 310.661
82.7058, 310.662
82.7229, 310.663
82.7542, 310.664
82.7636, 310.664
82.7706, 310.665
82.7827, 310.665
82.8392, 310.668
82.9038, 310.671
82.9287, 310.672
82.9623, 310.673
83.0092, 310.675
83.0187, 310.676
83.0666, 310.678
83.0782, 310.679
83.1286, 310.681
83.1346, 310.681
83.1719, 310.683
83.1791, 310.683
83.186, 310.684
83.2569, 310.687
83.2632, 310.687
83.2889, 310.688
83.3342, 310.69
83.357, 310.691
83.3656, 310.692
83.3799, 310.693
83.3844, 310.693
83.4158, 310.694
83.4725, 310.697
83.5105, 310.699
83.5213, 310.699
83.5588, 310.701
83.5748, 310.702
83.6173, 310.704
83.6662, 310.706
83.6986, 310.708
83.7103, 310.708
83.7134, 310.708
83.7225, 310.709
83.7997, 310.713
83.8085, 310.713
83.8129, 310.713
83.8231, 310.714
83.855, 310.715
83.9131, 310.718
83.9235, 310.719
83.9547, 310.72
83.9628, 310.721
83.9953, 310.722
84.0064, 310.723
84.0204, 310.724
84.0435, 310.725
84.073, 310.726
84.0902, 310.727
84.1428, 310.73
84.1434, 310.73
84.1439, 310.73
84.1479, 310.73
84.1953, 310.732
84.2082, 310.733
84.2477, 310.735
84.2814, 310.737
84.2986, 310.738
84.3544, 310.741
84.3878, 310.742
84.4083, 310.743
84.4302, 310.744
84.4552, 310.746
84.4605, 310.746
84.4648, 310.746
84.5036, 310.748
84.5085, 310.749
84.5093, 310.749
84.5376, 310.75
84.5656, 310.752
84.5674, 310.752
84.5699, 310.752
84.6086, 310.754
84.6311, 310.755
84.6439, 310.756
84.6712, 310.757
84.7556, 310.762
84.7608, 310.762
84.7662, 310.762
84.8147, 310.765
84.8184, 310.765
84.8565, 310.767
84.8606, 310.767
84.8902, 310.769
84.9198, 310.771
84.94, 310.772
84.9743, 310.773
84.9842, 310.774
85.0357, 310.777
85.0401, 310.777
85.0495, 310.778
85.0546, 310.778
85.0845, 310.78
85.1426, 310.783
85.148, 310.783
85.1838, 310.785
85.2282, 310.788
85.2563, 310.789
85.3168, 310.793
85.3333, 310.793
85.3494, 310.794
85.3771, 310.796
85.3967, 310.797
85.4168, 310.798
85.4486, 310.8
85.479, 310.802
85.4956, 310.803
85.5357, 310.805
85.5657, 310.807
85.5804, 310.808
85.5831, 310.808
85.5857, 310.808
85.6288, 310.81
85.6836, 310.814
85.7094, 310.815
85.7112, 310.815
85.7283, 310.816
85.7286, 310.816
85.7567, 310.818
85.7865, 310.82
85.8234, 310.822
85.8323, 310.822
85.8343, 310.823
85.8609, 310.824
85.8731, 310.825
85.8941, 310.826
85.9191, 310.828
85.9669, 310.831
85.9862, 310.832
86.0098, 310.833
86.0198, 310.834
86.0368, 310.835
86.051, 310.836
86.092, 310.838
86.1021, 310.839
86.1104, 310.839
86.1412, 310.841
86.1539, 310.842
86.1977, 310.845
86.2013, 310.845
86.2461, 310.848
86.2813, 310.85
86.2916, 310.85
86.3221, 310.852
86.351, 310.854
86.4065, 310.858
86.413, 310.858
86.4143, 310.858
86.4162, 310.858
86.4728, 310.862
86.502, 310.864
86.521, 310.865
86.5418, 310.866
86.5706, 310.868
86.6118, 310.871
86.6338, 310.872
86.6668, 310.874
86.7138, 310.877
86.7259, 310.878
86.7923, 310.882
86.8213, 310.884
86.8398, 310.885
86.8487, 310.886
86.8719, 310.888
86.8988, 310.889
86.9398, 310.892
86.9594, 310.893
87.0016, 310.896
87.0191, 310.897
87.0258, 310.898
87.0811, 310.901
87.0859, 310.902
87.0912, 310.902
87.1387, 310.905
87.1731, 310.908
87.2228, 310.911
87.2543, 310.913
87.2955, 310.916
87.2969, 310.916
87.2972, 310.916
87.3406, 310.919
87.3427, 310.919
87.3462, 310.92
87.3828, 310.922
87.4323, 310.926
87.4374, 310.926
87.4776, 310.929
87.4923, 310.93
87.5286, 310.932
87.5536, 310.934
87.5756, 310.936
87.5924, 310.937
87.6314, 310.94
87.6663, 310.942
87.6725, 310.942
87.679, 310.943
87.71, 310.945
87.7297, 310.947
87.747, 310.948
87.7584, 310.949
87.7876, 310.951
87.8353, 310.954
87.8574, 310.956
87.88, 310.957
87.9211, 310.96
87.9406, 310.962
87.9743, 310.964
88.0142, 310.967
88.038, 310.969
88.0395, 310.969
88.1053, 310.974
88.1334, 310.976
88.1722, 310.979
88.1791, 310.979
88.198, 310.981
88.2293, 310.983
88.2413, 310.984
88.2718, 310.986
88.3253, 310.991
88.3538, 310.993
88.3699, 310.994
88.4241, 310.998
88.4435, 311
88.4826, 311.003
88.4837, 311.003
88.4946, 311.004
88.5198, 311.005
88.5488, 311.008
88.5582, 311.008
88.5801, 311.01
88.5932, 311.011
88.6373, 311.015
88.6393, 311.015
88.6896, 311.019
88.6973, 311.019
88.7372, 311.023
88.7722, 311.025
88.794, 311.027
88.818, 311.029
88.8825, 311.034
88.9005, 311.036
88.9268, 311.038
88.9507, 311.04
88.9615, 311.04
89.0085, 311.044
89.0362, 311.047
89.0752, 311.05
89.1545, 311.056
89.1776, 311.058
89.185, 311.059
89.1938, 311.06
89.2374, 311.063
89.2677, 311.066
89.2913, 311.068
89.3388, 311.072
89.3634, 311.074
89.4029, 311.077
89.4518, 311.081
89.4597, 311.082
89.4703, 311.083
89.4994, 311.085
89.5297, 311.088
89.5597, 311.09
89.5731, 311.092
89.6058, 311.094
89.6601, 311.099
89.6678, 311.1
89.689, 311.102
89.7205, 311.104
89.7762, 311.109
89.7886, 311.11
89.8124, 311.113
89.8298, 311.114
89.8786, 311.118
89.8801, 311.119
89.9054, 311.121
89.9384, 311.124
89.9707, 311.127
90.0132, 311.13
90.027, 311.132
90.0319, 311.132
90.0666, 311.135
90.1059, 311.139
90.1416, 311.142
90.161, 311.144
90.1652, 311.144
90.2062, 311.148
90.2321, 311.15
90.2631, 311.153
90.2731, 311.154
90.2911, 311.156
90.3155, 311.158
90.32, 311.159
90.3542, 311.162
90.3638, 311.163
90.3691, 311.163
90.3988, 311.166
90.427, 311.169
90.459, 311.172
90.479, 311.174
90.5362, 311.179
90.537, 311.179
90.586, 311.184
90.5913, 311.184
90.6386, 311.189
90.6784, 311.193
90.6953, 311.194
90.7168, 311.196
90.7438, 311.199
90.7483, 311.199
90.7863, 311.203
90.8211, 311.206
90.8287, 311.207
90.8778, 311.212
90.8926, 311.214
90.9375, 311.218
90.9379, 311.218
90.9379, 311.218
90.9381, 311.218
90.9811, 311.222
91.0339, 311.228
91.0343, 311.228
91.0687, 311.231
91.0796, 311.232
91.1133, 311.236
91.1361, 311.238
91.171, 311.241
91.1759, 311.242
91.1822, 311.243
91.1857, 311.243
91.2194, 311.246
91.2651, 311.251
91.2684, 311.251
91.2965, 311.254
91.3173, 311.256
91.3395, 311.259
91.3537, 311.26
91.3811, 311.263
91.3936, 311.264
91.4059, 311.266
91.4136, 311.266
91.424, 311.267
91.4517, 311.27
91.4768, 311.273
91.514, 311.277
91.5268, 311.278
91.5618, 311.282
91.5893, 311.285
91.5986, 311.286
91.6368, 311.29
91.6733, 311.294
91.6917, 311.296
91.707, 311.297
91.7352, 311.3
91.7581, 311.303
91.8084, 311.308
91.8601, 311.314
91.8695, 311.315
91.9048, 311.319
91.9207, 311.321
91.962, 311.325
91.9879, 311.328
92.0073, 311.33
92.012, 311.331
92.0413, 311.334
92.0523, 311.335
92.079, 311.338
92.0975, 311.34
92.1473, 311.346
92.177, 311.349
92.1956, 311.351
92.213, 311.353
92.242, 311.357
92.2835, 311.361
92.2995, 311.363
92.3585, 311.37
92.3617, 311.37
92.3632, 311.371
92.3668, 311.371
92.4312, 311.378
92.4705, 311.383
92.4916, 311.385
92.5174, 311.388
92.5643, 311.394
92.5693, 311.395
92.6011, 311.398
92.6396, 311.403
92.6413, 311.403
92.6469, 311.404
92.6487, 311.404
92.6805, 311.408
92.7142, 311.412
92.7536, 311.417
92.7827, 311.42
92.8317, 311.426
92.8441, 311.427
92.8483, 311.428
92.8626, 311.43
92.8853, 311.432
92.9079, 311.435
92.9612, 311.442
92.9673, 311.442
92.9998, 311.446
93.0089, 311.448
93.0162, 311.449
93.0509, 311.453
93.0652, 311.455
93.1207, 311.462
93.132, 311.463
93.1462, 311.465
93.1641, 311.467
93.2003, 311.471
93.2026, 311.472
93.2112, 311.473
93.2563, 311.479
93.2744, 311.481
93.2974, 311.484
93.3447, 311.49
93.3552, 311.491
93.4204, 311.5
93.4259, 311.5
93.4413, 311.502
93.4675, 311.506
93.4722, 311.506
93.5113, 311.511
93.5509, 311.517
93.5935, 311.522
93.6065, 311.524
93.6326, 311.527
93.6489, 311.529
93.6715, 311.532
93.693, 311.535
93.6987, 311.536
93.749, 311.543
93.7828, 311.547
93.7976, 311.549
93.847, 311.556
93.8608, 311.558
93.8783, 311.56
93.8958, 311.563
93.9197, 311.566
93.9753, 311.573
93.9846, 311.575
93.9877, 311.575
93.9923, 311.576
94.0446, 311.583
94.0685, 311.586
94.109, 311.592
94.1564, 311.599
94.1662, 311.6
94.1736, 311.601
94.1975, 311.604
94.2209, 311.608
94.2356, 311.61
94.2566, 311.613
94.2827, 311.616
94.323, 311.622
94.3573, 311.627
94.3715, 311.629
94.4032, 311.634
94.4176, 311.636
94.4703, 311.643
94.5215, 311.651
94.5819, 311.66
94.5827, 311.66
94.5828, 311.66
94.6245, 311.666
94.6671, 311.672
94.6713, 311.673
94.6768, 311.674
94.6888, 311.675
94.7187, 311.68
94.7406, 311.683
94.7766, 311.688
94.7871, 311.69
94.822, 311.695
94.8736, 311.703
94.8836, 311.705
94.9005, 311.707
94.9172, 311.71
94.9668, 311.717
94.9672, 311.717
94.9683, 311.718
95.0243, 311.726
95.0328, 311.727
95.0505, 311.73
95.0756, 311.734
95.1141, 311.74
95.1183, 311.741
95.1551, 311.747
95.2014, 311.754
95.2093, 311.755
95.2437, 311.76
95.2724, 311.765
95.2958, 311.769
95.3323, 311.775
95.349, 311.777
95.3972, 311.785
95.4117, 311.787
95.4304, 311.79
95.4432, 311.792
95.5012, 311.802
95.5084, 311.803
95.5215, 311.805
95.5434, 311.809
95.5619, 311.812
95.5867, 311.816
95.6349, 311.824
95.6368, 311.824
95.6853, 311.832
95.6986, 311.834
95.7261, 311.839
95.7475, 311.843
95.7767, 311.847
95.8128, 311.854
95.8481, 311.859
95.8548, 311.861
95.8834, 311.865
95.9274, 311.873
95.9457, 311.876
95.9901, 311.884
96.0326, 311.891
96.0646, 311.897
96.0862, 311.9
96.1443, 311.911
96.1502, 311.912
96.1518, 311.912
96.153, 311.912
96.1538, 311.912
96.1961, 311.92
96.2658, 311.932
96.2674, 311.932
96.3044, 311.939
96.3119, 311.94
96.3508, 311.947
96.3907, 311.955
96.406, 311.957
96.4656, 311.968
96.5201, 311.978
96.5208, 311.978
96.5517, 311.984
96.5554, 311.985
96.562, 311.986
96.5897, 311.991
96.5984, 311.993
96.6408, 312
96.6502, 312.002
96.6887, 312.009
96.7057, 312.013
96.7268, 312.017
96.758, 312.022
96.7621, 312.023
96.7793, 312.026
96.8048, 312.031
96.8072, 312.032
96.8112, 312.033
96.8687, 312.043
96.9076, 312.051
96.9092, 312.051
96.961, 312.061
96.9926, 312.067
96.999, 312.069
97.0407, 312.077
97.0504, 312.079
97.0912, 312.087
97.0944, 312.087
97.0948, 312.087
97.1419, 312.097
97.1552, 312.099
97.1953, 312.107
97.2024, 312.109
97.2407, 312.116
97.2435, 312.117
97.2462, 312.117
97.2894, 312.126
97.2946, 312.127
97.33, 312.134
97.3633, 312.141
97.3756, 312.144
97.4085, 312.15
97.4359, 312.156
97.4546, 312.16
97.4976, 312.169
97.5321, 312.176
97.5385, 312.177
97.5973, 312.189
97.6207, 312.194
97.6602, 312.203
97.6935, 312.21
97.7381, 312.219
97.7448, 312.221
97.7573, 312.223
97.8773, 312.249
97.8786, 312.249
97.8803, 312.25
97.9695, 312.269
97.9758, 312.271
97.9937, 312.274
98.0284, 312.282
98.056, 312.288
98.0646, 312.29
98.0744, 312.292
98.1449, 312.308
98.153, 312.31
98.1656, 312.313
98.2033, 312.321
98.2237, 312.326
98.2607, 312.334
98.3262, 312.349
98.335, 312.351
98.3384, 312.352
98.3849, 312.363
98.4196, 312.371
98.4305, 312.373
98.4878, 312.387
98.4969, 312.389
98.5039, 312.391
98.5282, 312.396
98.5602, 312.404
98.5687, 312.406
98.6134, 312.417
98.6151, 312.417
98.6157, 312.417
98.6316, 312.421
98.6642, 312.429
98.6654, 312.429
98.6672, 312.429
98.7133, 312.441
98.7675, 312.454
98.8057, 312.463
98.8184, 312.466
98.8226, 312.467
98.8693, 312.479
98.8841, 312.482
98.9336, 312.495
98.9431, 312.497
98.9974, 312.511
99.0295, 312.519
99.0738, 312.53
99.1079, 312.539
99.1246, 312.543
99.1629, 312.553
99.1781, 312.557
99.2125, 312.566
99.2643, 312.579
99.2764, 312.582
99.3119, 312.591
99.3714, 312.607
99.3881, 312.612
99.416, 312.619
99.4331, 312.624
99.4795, 312.636
99.5194, 312.647
99.5288, 312.649
99.581, 312.663
99.6029, 312.669
99.6388, 312.679
99.6398, 312.679
99.6412, 312.68
99.642, 312.68
99.6765, 312.69
99.6803, 312.691
99.6918, 312.694
99.7419, 312.708
99.77, 312.716
99.8079, 312.726
99.8455, 312.737
99.8738, 312.745
99.9319, 312.762
99.9376, 312.763
99.9443, 312.765
99.9815, 312.776
99.991, 312.779
100.038, 312.792
100.049, 312.795
100.11, 312.813
100.115, 312.815
100.141, 312.823
100.156, 312.827
100.162, 312.829
100.171, 312.831
100.199, 312.84
100.206, 312.842
100.239, 312.852
100.261, 312.858
100.305, 312.872
100.359, 312.888
100.384, 312.896
100.389, 312.897
100.397, 312.9
100.402, 312.901
100.427, 312.909
100.477, 312.924
100.493, 312.93
100.554, 312.949
100.573, 312.955
100.595, 312.962
100.671, 312.986
100.688, 312.992
100.701, 312.996
100.724, 313.003
100.743, 313.009
100.788, 313.024
100.829, 313.038
100.842, 313.042
100.875, 313.053
100.896, 313.06
100.916, 313.066
100.93, 313.071
100.961, 313.082
100.998, 313.094
101.018, 313.101
101.082, 313.123
101.13, 313.139
101.132, 313.14
101.188, 313.16
101.195, 313.162
101.195, 313.162
101.255, 313.183
101.282, 313.193
101.316, 313.205
101.374, 313.226
101.382, 313.229
101.423, 313.244
101.436, 313.249
101.494, 313.27
101.517, 313.278
101.538, 313.286
101.55, 313.291
101.567, 313.297
101.58, 313.302
101.587, 313.305
101.608, 313.313
101.63, 313.321
101.633, 313.322
101.637, 313.324
101.642, 313.326
101.707, 313.35
101.73, 313.359
101.752, 313.368
101.763, 313.372
101.794, 313.384
101.802, 313.388
101.804, 313.388
101.849, 313.406
101.858, 313.409
101.913, 313.431
101.921, 313.435
101.924, 313.436
101.964, 313.452
101.997, 313.465
102.019, 313.474
102.049, 313.487
102.074, 313.497
102.088, 313.503
102.137, 313.524
102.162, 313.534
102.195, 313.548
102.197, 313.549
102.2, 313.55
102.202, 313.551
102.251, 313.572
102.29, 313.589
102.304, 313.595
102.332, 313.607
102.353, 313.616
102.374, 313.625
102.383, 313.629
102.417, 313.645
102.418, 313.645
102.419, 313.646
102.464, 313.666
102.466, 313.667
102.473, 313.67
102.516, 313.689
102.543, 313.702
102.585, 313.721
102.611, 313.733
102.623, 313.739
102.672, 313.762
102.69, 313.77
102.698, 313.774
102.728, 313.789
102.786, 313.816
102.79, 313.818
102.795, 313.821
102.841, 313.843
102.861, 313.854
102.903, 313.874
102.914, 313.88
102.952, 313.899
102.966, 313.906
102.974, 313.91
103.006, 313.927
103.034, 313.941
103.057, 313.953
103.113, 313.983
103.115, 313.984
103.13, 313.992
103.153, 314.004
103.199, 314.029
103.215, 314.038
103.27, 314.068
103.273, 314.07
103.276, 314.071
103.325, 314.099
103.347, 314.111
103.423, 314.155
103.476, 314.186
103.482, 314.189
103.483, 314.19
103.485, 314.191
103.545, 314.227
103.559, 314.235
103.601, 314.261
103.607, 314.265
103.663, 314.299
103.671, 314.304
103.741, 314.349
103.745, 314.352
103.78, 314.374
103.814, 314.397
103.825, 314.405
103.864, 314.43
103.894, 314.451
103.918, 314.468
103.928, 314.474
103.966, 314.501
103.995, 314.521
104.026, 314.544
104.036, 314.551
104.078, 314.582
104.126, 314.618
104.156, 314.64
104.197, 314.672
104.214, 314.686
104.273, 314.732
104.288, 314.744
104.338, 314.786
104.358, 314.803
104.395, 314.833
104.407, 314.843
104.446, 314.878
104.448, 314.879
104.448, 314.88
104.475, 314.903
104.523, 314.948
104.53, 314.954
104.576, 314.996
104.598, 315.017
104.627, 315.045
104.635, 315.054
104.642, 315.06
104.671, 315.088
104.685, 315.103
104.699, 315.118
104.749, 315.172
104.754, 315.177
104.793, 315.218
104.819, 315.248
104.844, 315.275
104.876, 315.311
104.902, 315.342
104.925, 315.372
104.943, 315.393
104.989, 315.451
105.017, 315.488
105.067, 315.555
105.092, 315.587
105.115, 315.621
105.133, 315.646
105.168, 315.702
105.2, 315.751
105.231, 315.8
105.253, 315.838
105.29, 315.904
105.329, 315.972
105.366, 316.046
105.375, 316.064
105.404, 316.123
105.442, 316.204
105.446, 316.213
105.493, 316.329
105.535, 316.439
105.55, 316.479
105.582, 316.57
105.608, 316.65
105.609, 316.653
105.613, 316.67
105.675, 316.893
105.692, 316.963
105.73, 317.133
105.747, 317.199
105.754, 317.237
105.797, 317.476
105.816, 317.624
105.84, 317.776
105.853, 317.845
105.883, 318.047
105.893, 318.131
105.902, 318.203
105.936, 318.467
105.976, 318.531
106.009, 318.586
106.015, 318.596
106.024, 318.583
106.071, 318.42
106.096, 318.247
106.108, 318.184
106.179, 317.75
106.182, 317.721
106.187, 317.687
106.195, 317.642
106.225, 317.427
106.244, 317.344
106.26, 317.263
106.311, 317.061
106.321, 317.027
106.368, 316.867
106.38, 316.834
106.408, 316.761
106.435, 316.691
106.448, 316.658
106.455, 316.641
106.471, 316.601
106.501, 316.526
106.504, 316.519
106.521, 316.487
106.536, 316.46
106.563, 316.41
106.579, 316.379
106.615, 316.318
106.619, 316.312
106.626, 316.301
106.664, 316.238
106.688, 316.203
106.7, 316.184
106.746, 316.125
106.749, 316.121
106.784, 316.071
106.813, 316.039
106.855, 315.987
106.871, 315.969
106.901, 315.938
106.967, 315.871
106.991, 315.848
107, 315.839
107.031, 315.812
107.123, 315.733
107.13, 315.727
107.151, 315.711
107.175, 315.692
107.226, 315.656
107.239, 315.647
107.269, 315.625
107.283, 315.616
107.33, 315.586
107.356, 315.569
107.385, 315.551
107.415, 315.534
107.433, 315.523
107.455, 315.51
107.502, 315.485
107.525, 315.473
107.557, 315.456
107.576, 315.446
107.601, 315.434
107.603, 315.433
107.65, 315.41
107.651, 315.41
107.702, 315.386
107.702, 315.386
107.729, 315.374
107.766, 315.359
107.795, 315.347
107.83, 315.333
107.842, 315.328
107.855, 315.323
107.882, 315.312
107.916, 315.299
107.921, 315.297
107.938, 315.291
107.962, 315.283
107.976, 315.278
107.985, 315.274
107.997, 315.27
108.019, 315.263
108.05, 315.252
108.07, 315.246
108.109, 315.233
108.141, 315.223
108.148, 315.221
108.198, 315.206
108.208, 315.203
108.235, 315.195
108.288, 315.18
108.303, 315.176
108.328, 315.17
108.352, 315.164
108.434, 315.143
108.45, 315.139
108.471, 315.134
108.498, 315.128
108.547, 315.117
108.565, 315.113
108.603, 315.105
108.606, 315.105
108.643, 315.097
108.665, 315.092
108.712, 315.083
108.72, 315.082
108.751, 315.076
108.791, 315.069
108.806, 315.067
108.863, 315.056
108.865, 315.056
108.872, 315.055
108.875, 315.055
108.942, 315.044
108.961, 315.041
109.006, 315.034
109.018, 315.033
109.041, 315.03
109.086, 315.024
109.114, 315.02
109.125, 315.018
109.146, 315.016
109.18, 315.012
109.232, 315.005
109.24, 315.005
109.271, 315.001
109.274, 315.001
109.366, 314.992
109.382, 314.99
109.401, 314.988
109.442, 314.985
109.477, 314.982
109.503, 314.98
109.526, 314.978
109.558, 314.976
109.571, 314.975
109.602, 314.973
109.614, 314.972
109.634, 314.971
109.654, 314.97
109.696, 314.967
109.706, 314.967
109.749, 314.965
109.75, 314.965
109.789, 314.963
109.813, 314.962
109.836, 314.962
109.883, 314.96
109.895, 314.96
109.905, 314.96
109.941, 314.959
110, 314.958
110.117, 314.885
110.15, 314.864
110.205, 314.83
110.294, 314.788
110.386, 314.747
110.425, 314.732
110.962, 314.628
111, 314.622


