X,T
6.61744e-18, 310.15
0.218929, 310.15
0.550309, 310.15
0.594245, 310.15
0.63223, 310.15
1.0221, 310.15
1.09653, 310.15
1.3127, 310.15
1.50767, 310.15
1.82249, 310.15
1.84818, 310.15
1.89406, 310.15
2.39258, 310.15
2.59809, 310.15
2.80939, 310.15
3.03114, 310.15
3.23573, 310.15
3.44789, 310.15
3.48652, 310.15
3.63828, 310.15
4.11593, 310.15
4.19606, 310.15
4.40834, 310.15
4.79507, 310.15
4.9333, 310.15
5.34396, 310.15
5.57963, 310.15
5.64073, 310.15
5.79769, 310.15
5.90374, 310.15
6.46707, 310.151
6.64901, 310.151
7.06043, 310.151
7.21256, 310.151
7.25458, 310.151
7.45405, 310.151
7.502, 310.151
8.11755, 310.151
8.16551, 310.151
8.53045, 310.151
8.62974, 310.151
8.83777, 310.151
9.14863, 310.151
9.21694, 310.151
9.2713, 310.151
9.65989, 310.151
9.99864, 310.151
10.2615, 310.151
10.4199, 310.151
10.4832, 310.151
10.7966, 310.151
10.8691, 310.151
11.0844, 310.151
11.3109, 310.151
11.574, 310.151
11.6794, 310.151
11.8032, 310.151
11.9853, 310.151
12.3235, 310.151
12.3982, 310.151
12.4175, 310.151
12.4711, 310.151
12.9605, 310.151
13.342, 310.151
13.5497, 310.151
13.659, 310.151
14.125, 310.151
14.1801, 310.151
14.6647, 310.151
14.76, 310.151
14.9756, 310.151
15.0007, 310.151
15.3889, 310.151
15.4864, 310.151
15.5638, 310.151
16.0141, 310.151
16.0475, 310.151
16.7868, 310.151
16.8102, 310.151
16.8267, 310.151
16.8577, 310.151
16.89, 310.151
16.9053, 310.151
16.947, 310.151
17.0954, 310.151
17.6533, 310.151
17.8684, 310.152
18.1183, 310.152
18.4107, 310.152
18.44, 310.152
18.7679, 310.152
18.781, 310.152
19.2986, 310.152
19.6503, 310.152
19.6862, 310.152
19.7037, 310.152
19.8208, 310.152
20.2753, 310.152
20.5018, 310.152
20.5736, 310.152
20.8955, 310.152
21.1019, 310.152
21.2044, 310.152
21.3189, 310.152
21.7144, 310.152
21.7239, 310.152
21.7306, 310.152
22.0058, 310.152
22.363, 310.153
22.5026, 310.153
22.5691, 310.153
22.7206, 310.153
22.9654, 310.153
23.1356, 310.153
23.5455, 310.153
23.5616, 310.153
23.5836, 310.153
24.037, 310.153
24.1319, 310.153
24.3547, 310.153
24.8164, 310.153
24.8368, 310.153
24.9714, 310.153
25.3511, 310.154
25.6705, 310.154
25.7847, 310.154
25.8695, 310.154
26.3709, 310.154
26.4035, 310.154
26.4737, 310.154
26.8378, 310.154
26.8816, 310.154
27.1544, 310.154
27.2015, 310.155
27.5661, 310.155
27.8455, 310.155
28.0003, 310.155
28.0412, 310.155
28.3352, 310.155
28.4807, 310.155
28.7955, 310.155
29.0975, 310.156
29.1346, 310.156
29.1527, 310.156
29.587, 310.156
29.8672, 310.156
30.3046, 310.157
30.3454, 310.157
30.4202, 310.157
30.6629, 310.157
30.9181, 310.157
31.061, 310.157
31.1452, 310.157
31.2318, 310.157
31.263, 310.157
31.4288, 310.158
31.4665, 310.158
31.5333, 310.158
31.816, 310.158
31.8832, 310.158
31.972, 310.158
32.4293, 310.159
32.4431, 310.159
32.6588, 310.159
33.1046, 310.159
33.2266, 310.159
33.5126, 310.16
33.7384, 310.16
33.7732, 310.16
33.9857, 310.16
34.1117, 310.161
34.438, 310.161
34.6161, 310.161
34.7378, 310.161
34.8568, 310.162
35.286, 310.162
35.4638, 310.162
35.8273, 310.163
35.8558, 310.163
36.0342, 310.163
36.0868, 310.164
37.0021, 310.165
37.0041, 310.165
37.0085, 310.165
37.3371, 310.166
37.6716, 310.167
37.7801, 310.167
38.0592, 310.167
38.2015, 310.168
38.3019, 310.168
38.4377, 310.168
38.807, 310.169
38.8196, 310.169
38.8365, 310.169
39.1903, 310.17
39.5504, 310.171
39.5622, 310.171
39.5691, 310.171
39.9789, 310.172
40.2294, 310.173
40.3863, 310.174
40.5716, 310.174
40.8754, 310.175
41.2023, 310.176
41.2219, 310.176
41.267, 310.176
41.3313, 310.177
41.4548, 310.177
41.5281, 310.177
41.8809, 310.179
42.0773, 310.179
42.1162, 310.18
42.395, 310.181
42.4632, 310.181
42.8927, 310.183
42.9779, 310.183
43.1941, 310.184
43.77, 310.187
43.7876, 310.187
43.8095, 310.187
43.819, 310.187
43.8612, 310.188
44.4594, 310.191
44.5321, 310.191
44.9012, 310.193
44.9892, 310.194
45.0127, 310.194
45.0645, 310.194
45.1188, 310.195
45.1803, 310.195
45.9582, 310.2
46.2566, 310.202
46.3333, 310.203
46.3972, 310.203
46.7096, 310.206
46.7535, 310.206
46.8871, 310.207
47.3672, 310.211
47.6186, 310.213
48.1408, 310.218
48.196, 310.219
48.2549, 310.22
48.7849, 310.225
49.0936, 310.228
49.1162, 310.229
49.2079, 310.23
49.3066, 310.231
49.3718, 310.232
50.1248, 310.241
50.163, 310.242
50.2722, 310.243
50.4819, 310.246
50.8833, 310.252
50.9845, 310.254
51.2781, 310.258
51.5548, 310.263
51.5722, 310.263
51.9915, 310.271
52.2132, 310.275
52.3394, 310.278
52.416, 310.279
52.4589, 310.28
52.8136, 310.287
53.2464, 310.297
53.4094, 310.301
53.4628, 310.302
53.5635, 310.305
53.8184, 310.311
54.3386, 310.326
54.4645, 310.329
54.839, 310.342
54.8561, 310.342
55.222, 310.354
55.2973, 310.357
55.5022, 310.365
55.9584, 310.382
56.3453, 310.399
56.4304, 310.403
56.7283, 310.417
56.985, 310.433
57.3087, 310.452
57.4281, 310.46
57.5979, 310.471
57.669, 310.476
57.7033, 310.479
57.853, 310.492
57.8712, 310.494
57.882, 310.495
58, 310.507
58.0443, 310.508
58.0895, 310.508
58.0966, 310.508
58.1251, 310.508
58.1477, 310.508
58.1706, 310.508
58.1875, 310.508
58.2133, 310.508
58.2265, 310.508
58.2607, 310.508
58.2888, 310.508
58.2944, 310.508
58.3032, 310.508
58.376, 310.508
58.4029, 310.508
58.4729, 310.509
58.4869, 310.509
58.5008, 310.509
58.5452, 310.509
58.5513, 310.509
58.5534, 310.509
58.6135, 310.509
58.6249, 310.509
58.6755, 310.509
58.7015, 310.509
58.7437, 310.51
58.7787, 310.51
58.7921, 310.51
58.8215, 310.51
58.8674, 310.51
58.8723, 310.51
58.9027, 310.51
58.9031, 310.51
58.9044, 310.51
58.9568, 310.511
58.9977, 310.511
58.9991, 310.511
59.0025, 310.511
59.0195, 310.511
59.045, 310.511
59.0472, 310.511
59.0938, 310.511
59.1153, 310.511
59.1395, 310.512
59.1551, 310.512
59.1781, 310.512
59.1947, 310.512
59.262, 310.512
59.287, 310.512
59.2981, 310.512
59.3307, 310.513
59.3856, 310.513
59.4202, 310.513
59.4302, 310.513
59.4422, 310.513
59.469, 310.513
59.4877, 310.513
59.5097, 310.514
59.5379, 310.514
59.555, 310.514
59.5636, 310.514
59.5974, 310.514
59.609, 310.514
59.6123, 310.514
59.6776, 310.515
59.686, 310.515
59.7125, 310.515
59.7297, 310.515
59.7498, 310.515
59.7625, 310.515
59.778, 310.515
59.7881, 310.515
59.8422, 310.516
59.8482, 310.516
59.8967, 310.516
59.8991, 310.516
59.923, 310.516
59.9843, 310.517
60.0112, 310.517
60.0478, 310.517
60.0501, 310.517
60.0556, 310.517
60.0754, 310.517
60.0965, 310.517
60.1089, 310.517
60.1375, 310.518
60.1777, 310.518
60.2182, 310.518
60.2231, 310.518
60.2301, 310.518
60.2703, 310.519
60.2772, 310.519
60.314, 310.519
60.3227, 310.519
60.3277, 310.519
60.3723, 310.519
60.398, 310.52
60.4031, 310.52
60.4469, 310.52
60.4644, 310.52
60.5061, 310.52
60.5456, 310.521
60.5718, 310.521
60.5905, 310.521
60.6161, 310.521
60.6386, 310.521
60.6696, 310.522
60.6699, 310.522
60.7207, 310.522
60.7341, 310.522
60.7466, 310.522
60.7652, 310.522
60.7854, 310.523
60.792, 310.523
60.8051, 310.523
60.8592, 310.523
60.8637, 310.523
60.9087, 310.524
60.9484, 310.524
60.9608, 310.524
60.9624, 310.524
60.9663, 310.524
61.0239, 310.525
61.0591, 310.525
61.0706, 310.525
61.1033, 310.525
61.1391, 310.526
61.1917, 310.526
61.2853, 310.527
61.2861, 310.527
61.2864, 310.527
61.3287, 310.527
61.3456, 310.527
61.3769, 310.528
61.3972, 310.528
61.4387, 310.528
61.4616, 310.528
61.491, 310.529
61.5509, 310.529
61.5648, 310.529
61.6045, 310.53
61.6252, 310.53
61.6416, 310.53
61.666, 310.53
61.6859, 310.531
61.736, 310.531
61.7589, 310.531
61.7642, 310.531
61.8214, 310.532
61.8353, 310.532
61.8903, 310.533
61.898, 310.533
61.9474, 310.533
61.9678, 310.533
62.0089, 310.534
62.0498, 310.534
62.0511, 310.534
62.1055, 310.535
62.1176, 310.535
62.1211, 310.535
62.1444, 310.535
62.1608, 310.535
62.2123, 310.536
62.2305, 310.536
62.2689, 310.537
62.2796, 310.537
62.2858, 310.537
62.2951, 310.537
62.3308, 310.537
62.3747, 310.538
62.3802, 310.538
62.3832, 310.538
62.4241, 310.538
62.4514, 310.538
62.4558, 310.539
62.4585, 310.539
62.4863, 310.539
62.5464, 310.54
62.59, 310.54
62.6098, 310.54
62.6167, 310.54
62.6374, 310.541
62.6565, 310.541
62.6691, 310.541
62.7105, 310.541
62.7369, 310.542
62.7597, 310.542
62.7723, 310.542
62.7867, 310.542
62.8171, 310.543
62.8196, 310.543
62.8234, 310.543
62.8261, 310.543
62.8608, 310.543
62.871, 310.543
62.8948, 310.543
62.9435, 310.544
62.9471, 310.544
62.948, 310.544
62.9696, 310.544
63.0525, 310.545
63.0784, 310.546
63.0831, 310.546
63.0983, 310.546
63.1392, 310.546
63.1885, 310.547
63.202, 310.547
63.2106, 310.547
63.2883, 310.548
63.2972, 310.548
63.3087, 310.548
63.3315, 310.549
63.3485, 310.549
63.3598, 310.549
63.3676, 310.549
63.4278, 310.55
63.4326, 310.55
63.4368, 310.55
63.4807, 310.551
63.5036, 310.551
63.5123, 310.551
63.5737, 310.552
63.5799, 310.552
63.6045, 310.552
63.6268, 310.552
63.6328, 310.553
63.6412, 310.553
63.6829, 310.553
63.7308, 310.554
63.7637, 310.554
63.7697, 310.554
63.8164, 310.555
63.8179, 310.555
63.8213, 310.555
63.8229, 310.555
63.8345, 310.555
63.873, 310.556
63.8986, 310.556
63.909, 310.556
63.9166, 310.556
63.9519, 310.557
63.9731, 310.557
63.9891, 310.557
64.014, 310.558
64.0339, 310.558
64.06, 310.558
64.072, 310.558
64.1075, 310.559
64.1319, 310.559
64.1529, 310.56
64.1825, 310.56
64.1937, 310.56
64.2633, 310.561
64.2925, 310.561
64.3143, 310.562
64.3369, 310.562
64.3482, 310.562
64.3678, 310.563
64.4394, 310.564
64.4753, 310.564
64.494, 310.564
64.5328, 310.565
64.5537, 310.565
64.5887, 310.566
64.6161, 310.566
64.633, 310.566
64.6729, 310.567
64.6757, 310.567
64.7222, 310.568
64.7588, 310.568
64.7741, 310.568
64.8085, 310.569
64.8508, 310.57
64.8619, 310.57
64.901, 310.57
64.931, 310.571
64.9517, 310.571
64.9741, 310.571
64.9889, 310.572
65.0009, 310.572
65.0416, 310.572
65.0535, 310.573
65.0982, 310.573
65.1362, 310.574
65.1577, 310.574
65.1636, 310.574
65.1743, 310.574
65.1959, 310.575
65.2005, 310.575
65.2077, 310.575
65.2714, 310.576
65.2753, 310.576
65.2829, 310.576
65.3371, 310.577
65.3852, 310.578
65.3901, 310.578
65.397, 310.578
65.4286, 310.578
65.4641, 310.579
65.4692, 310.579
65.4754, 310.579
65.5168, 310.58
65.5695, 310.581
65.5984, 310.581
65.6155, 310.581
65.6463, 310.582
65.6543, 310.582
65.6642, 310.582
65.6906, 310.583
65.6993, 310.583
65.7266, 310.583
65.7316, 310.583
65.7875, 310.584
65.806, 310.585
65.8522, 310.585
65.8687, 310.586
65.9028, 310.586
65.9352, 310.587
65.9356, 310.587
65.9931, 310.588
66.0291, 310.588
66.0438, 310.589
66.0652, 310.589
66.1107, 310.59
66.1271, 310.59
66.1337, 310.59
66.2113, 310.591
66.2154, 310.592
66.2571, 310.592
66.2719, 310.593
66.3122, 310.593
66.3195, 310.593
66.3769, 310.594
66.3865, 310.595
66.3952, 310.595
66.4303, 310.595
66.4493, 310.596
66.5482, 310.597
66.5581, 310.598
66.5781, 310.598
66.6128, 310.599
66.6371, 310.599
66.6712, 310.6
66.7096, 310.6
66.7285, 310.601
66.7686, 310.601
66.8215, 310.602
66.8297, 310.603
66.8421, 310.603
66.8748, 310.603
66.9392, 310.605
66.9398, 310.605
66.9399, 310.605
66.978, 310.605
67.0187, 310.606
67.0287, 310.606
67.0776, 310.607
67.0945, 310.607
67.1288, 310.608
67.1482, 310.609
67.1502, 310.609
67.1533, 310.609
67.1591, 310.609
67.25, 310.61
67.2544, 310.611
67.2891, 310.611
67.3018, 310.611
67.3472, 310.612
67.374, 310.613
67.4596, 310.615
67.4675, 310.615
67.4789, 310.615
67.5118, 310.616
67.5432, 310.616
67.5581, 310.616
67.5926, 310.617
67.6131, 310.618
67.6486, 310.618
67.6501, 310.618
67.6572, 310.618
67.7046, 310.619
67.7617, 310.621
67.7905, 310.621
67.8217, 310.622
67.89, 310.623
67.9111, 310.624
67.9192, 310.624
67.9431, 310.624
67.9657, 310.625
67.9941, 310.625
68.0205, 310.626
68.0524, 310.626
68.0525, 310.626
68.0526, 310.626
68.0529, 310.626
68.1227, 310.628
68.1364, 310.628
68.1549, 310.629
68.1873, 310.629
68.22, 310.63
68.2594, 310.631
68.275, 310.631
68.3005, 310.632
68.3179, 310.632
68.3454, 310.633
68.3618, 310.633
68.3866, 310.633
68.4098, 310.634
68.4251, 310.634
68.4748, 310.635
68.4756, 310.635
68.4801, 310.635
68.5355, 310.637
68.5396, 310.637
68.5493, 310.637
68.5797, 310.638
68.5922, 310.638
68.6557, 310.639
68.6688, 310.64
68.705, 310.64
68.7099, 310.64
68.77, 310.642
68.7757, 310.642
68.8065, 310.643
68.8467, 310.643
68.8526, 310.644
68.9008, 310.645
68.942, 310.646
68.9894, 310.647
69.0016, 310.647
69.0571, 310.648
69.074, 310.649
69.1285, 310.65
69.1537, 310.65
69.1663, 310.651
69.2134, 310.652
69.2158, 310.652
69.2436, 310.652
69.2611, 310.653
69.2661, 310.653
69.3135, 310.654
69.3586, 310.655
69.3643, 310.655
69.41, 310.656
69.4436, 310.657
69.4475, 310.657
69.4498, 310.657
69.48, 310.658
69.5205, 310.659
69.5356, 310.659
69.5705, 310.66
69.6013, 310.661
69.6664, 310.662
69.6783, 310.663
69.7301, 310.664
69.7322, 310.664
69.7525, 310.664
69.7836, 310.665
69.8029, 310.666
69.8089, 310.666
69.8314, 310.666
69.84, 310.667
69.8811, 310.668
69.8943, 310.668
69.8957, 310.668
69.9296, 310.669
69.9319, 310.669
69.9362, 310.669
69.9581, 310.669
69.982, 310.67
70.0171, 310.671
70.0676, 310.672
70.0814, 310.672
70.1144, 310.673
70.1379, 310.674
70.1631, 310.674
70.1889, 310.675
70.2494, 310.677
70.2605, 310.677
70.2717, 310.677
70.2964, 310.678
70.3034, 310.678
70.3266, 310.679
70.3368, 310.679
70.3519, 310.679
70.3736, 310.68
70.3977, 310.68
70.4121, 310.681
70.4583, 310.682
70.4832, 310.682
70.5418, 310.684
70.5558, 310.684
70.5991, 310.685
70.6508, 310.687
70.6875, 310.688
70.7075, 310.688
70.7207, 310.689
70.7447, 310.689
70.76, 310.69
70.7987, 310.691
70.8087, 310.691
70.8142, 310.691
70.8475, 310.692
70.8802, 310.693
70.9321, 310.694
70.9381, 310.694
70.9589, 310.695
70.9932, 310.696
71.0514, 310.697
71.0538, 310.697
71.0582, 310.698
71.0833, 310.698
71.129, 310.699
71.1294, 310.699
71.1297, 310.699
71.1614, 310.7
71.1905, 310.701
71.1976, 310.701
71.2427, 310.702
71.27, 310.703
71.2786, 310.703
71.3056, 310.704
71.3379, 310.705
71.3708, 310.706
71.3889, 310.706
71.4052, 310.707
71.4584, 310.708
71.4591, 310.708
71.4595, 310.708
71.5086, 310.71
71.5351, 310.711
71.6034, 310.712
71.6302, 310.713
71.636, 310.713
71.6614, 310.714
71.6825, 310.715
71.697, 310.715
71.7464, 310.716
71.7806, 310.717
71.8293, 310.719
71.8313, 310.719
71.8352, 310.719
71.9044, 310.721
71.9052, 310.721
71.9058, 310.721
71.9436, 310.722
71.9808, 310.723
71.9991, 310.724
72.0054, 310.724
72.0253, 310.724
72.0694, 310.726
72.0695, 310.726
72.1293, 310.727
72.1392, 310.728
72.1813, 310.729
72.2057, 310.73
72.2145, 310.73
72.2437, 310.731
72.2645, 310.731
72.2662, 310.731
72.281, 310.732
72.3066, 310.733
72.3629, 310.734
72.3939, 310.735
72.4043, 310.736
72.4105, 310.736
72.4458, 310.737
72.4739, 310.738
72.5035, 310.738
72.5165, 310.739
72.56, 310.74
72.5842, 310.741
72.6005, 310.741
72.624, 310.742
72.6393, 310.743
72.6641, 310.743
72.6702, 310.744
72.7008, 310.744
72.7198, 310.745
72.7554, 310.746
72.7873, 310.747
72.809, 310.748
72.8356, 310.749
72.8497, 310.749
72.8936, 310.75
72.912, 310.751
72.958, 310.752
72.9936, 310.753
72.9999, 310.754
73.0017, 310.754
73.0114, 310.754
73.0566, 310.755
73.0958, 310.757
73.1474, 310.758
73.2136, 310.76
73.2141, 310.76
73.2622, 310.762
73.2934, 310.763
73.3445, 310.765
73.3911, 310.766
73.4086, 310.767
73.4206, 310.767
73.4627, 310.768
73.4913, 310.769
73.5256, 310.77
73.5344, 310.771
73.5547, 310.771
73.5975, 310.773
73.6158, 310.773
73.6843, 310.776
73.7171, 310.777
73.7412, 310.777
73.7688, 310.778
73.8079, 310.78
73.816, 310.78
73.8608, 310.781
73.8614, 310.781
73.8931, 310.782
73.9133, 310.783
73.9339, 310.784
73.9386, 310.784
73.9724, 310.785
73.9942, 310.786
74.025, 310.787
74.0792, 310.789
74.0842, 310.789
74.1456, 310.791
74.1518, 310.791
74.1716, 310.792
74.1927, 310.793
74.2019, 310.793
74.253, 310.795
74.2695, 310.795
74.3124, 310.797
74.3207, 310.797
74.3499, 310.798
74.3663, 310.799
74.4083, 310.8
74.4247, 310.801
74.4693, 310.802
74.4934, 310.803
74.5025, 310.803
74.507, 310.803
74.5104, 310.804
74.547, 310.805
74.5559, 310.805
74.5954, 310.807
74.6157, 310.807
74.6581, 310.809
74.7065, 310.81
74.7083, 310.811
74.7087, 310.811
74.7508, 310.812
74.7604, 310.812
74.7958, 310.814
74.8354, 310.815
74.841, 310.815
74.876, 310.817
74.8779, 310.817
74.9426, 310.819
74.9571, 310.819
74.9702, 310.82
75.0134, 310.822
75.02, 310.822
75.0246, 310.822
75.0942, 310.824
75.1224, 310.825
75.1334, 310.826
75.1812, 310.828
75.1979, 310.828
75.2229, 310.829
75.2291, 310.829
75.2417, 310.83
75.2834, 310.831
75.3111, 310.832
75.3382, 310.833
75.3757, 310.835
75.3912, 310.835
75.4391, 310.837
75.4874, 310.839
75.4979, 310.839
75.5123, 310.84
75.5571, 310.842
75.5933, 310.843
75.6072, 310.844
75.66, 310.846
75.6863, 310.847
75.7109, 310.848
75.7356, 310.848
75.7498, 310.849
75.7875, 310.85
75.8211, 310.852
75.8344, 310.852
75.8681, 310.854
75.9097, 310.855
75.923, 310.856
75.995, 310.859
76.0018, 310.859
76.0639, 310.861
76.0647, 310.861
76.0652, 310.861
76.0981, 310.863
76.0989, 310.863
76.1315, 310.864
76.1498, 310.865
76.1888, 310.866
76.1921, 310.866
76.2389, 310.868
76.2772, 310.87
76.3046, 310.871
76.3811, 310.874
76.3823, 310.874
76.4139, 310.875
76.432, 310.876
76.4388, 310.876
76.4616, 310.877
76.4811, 310.878
76.5116, 310.879
76.5377, 310.88
76.5575, 310.881
76.5752, 310.882
76.6019, 310.883
76.6458, 310.885
76.6678, 310.885
76.7055, 310.887
76.736, 310.888
76.7544, 310.889
76.7647, 310.889
76.7931, 310.891
76.8099, 310.891
76.8161, 310.892
76.8396, 310.893
76.9169, 310.896
76.9204, 310.896
76.9257, 310.896
76.9647, 310.898
76.9872, 310.899
77.0202, 310.9
77.0444, 310.901
77.0563, 310.902
77.0759, 310.903
77.1457, 310.905
77.1469, 310.906
77.1699, 310.907
77.2067, 310.908
77.2083, 310.908
77.2238, 310.909
77.2559, 310.91
77.2775, 310.911
77.2929, 310.912
77.3349, 310.914
77.3888, 310.916
77.4079, 310.917
77.4394, 310.918
77.4424, 310.918
77.4597, 310.919
77.4917, 310.92
77.5325, 310.922
77.5566, 310.923
77.5577, 310.923
77.5586, 310.923
77.6252, 310.926
77.6336, 310.927
77.646, 310.927
77.7049, 310.93
77.7331, 310.931
77.746, 310.932
77.8108, 310.935
77.821, 310.935
77.8552, 310.936
77.8674, 310.937
77.9, 310.939
77.9215, 310.939
77.9471, 310.941
77.9611, 310.941
78.0073, 310.943
78.0487, 310.945
78.0679, 310.946
78.0992, 310.948
78.124, 310.949
78.1631, 310.95
78.1718, 310.951
78.2001, 310.952
78.2137, 310.953
78.2422, 310.954
78.2626, 310.955
78.2683, 310.955
78.3083, 310.957
78.3208, 310.958
78.3722, 310.96
78.4122, 310.962
78.4236, 310.963
78.4634, 310.964
78.4705, 310.965
78.5301, 310.968
78.5412, 310.968
78.5611, 310.969
78.5894, 310.97
78.6311, 310.972
78.6659, 310.974
78.6695, 310.974
78.7278, 310.977
78.7532, 310.978
78.7622, 310.979
78.7826, 310.98
78.7925, 310.98
78.8172, 310.981
78.8215, 310.981
78.8441, 310.983
78.8564, 310.983
78.8784, 310.984
78.8906, 310.985
78.9272, 310.987
78.9529, 310.988
78.9728, 310.989
79.0348, 310.992
79.0384, 310.992
79.0716, 310.994
79.1253, 310.996
79.1817, 310.999
79.1913, 311
79.1926, 311
79.1997, 311
79.2504, 311.002
79.264, 311.003
79.3051, 311.005
79.3267, 311.006
79.3505, 311.007
79.3711, 311.008
79.3964, 311.01
79.4159, 311.011
79.4665, 311.013
79.4866, 311.014
79.5037, 311.015
79.5468, 311.017
79.5548, 311.018
79.6132, 311.021
79.6275, 311.021
79.6744, 311.024
79.7048, 311.025
79.7435, 311.027
79.8092, 311.031
79.8104, 311.031
79.8463, 311.033
79.8652, 311.034
79.8839, 311.035
79.9242, 311.037
79.9771, 311.04
79.9834, 311.04
80.0278, 311.042
80.0657, 311.044
80.0782, 311.045
80.0927, 311.046
80.1297, 311.048
80.1748, 311.05
80.1962, 311.051
80.2232, 311.053
80.2555, 311.054
80.2741, 311.055
80.2964, 311.057
80.3241, 311.058
80.3248, 311.058
80.3261, 311.058
80.3814, 311.061
80.392, 311.062
80.4211, 311.063
80.4569, 311.065
80.4622, 311.066
80.4715, 311.066
80.5001, 311.068
80.5256, 311.069
80.5818, 311.072
80.6116, 311.074
80.6355, 311.075
80.6635, 311.077
80.684, 311.078
80.7138, 311.079
80.7359, 311.081
80.7614, 311.082
80.7878, 311.083
80.8095, 311.085
80.8414, 311.086
80.8602, 311.087
80.8908, 311.089
80.9363, 311.092
80.9637, 311.093
81.0525, 311.098
81.0552, 311.098
81.0565, 311.099
81.1275, 311.103
81.1478, 311.104
81.1798, 311.106
81.181, 311.106
81.1823, 311.106
81.1894, 311.106
81.2558, 311.11
81.2938, 311.112
81.3192, 311.114
81.3226, 311.114
81.3361, 311.115
81.383, 311.117
81.4291, 311.12
81.4582, 311.122
81.4831, 311.123
81.5172, 311.125
81.5334, 311.126
81.5592, 311.128
81.585, 311.129
81.6115, 311.131
81.6249, 311.132
81.6704, 311.134
81.7038, 311.136
81.7168, 311.137
81.7362, 311.138
81.7605, 311.14
81.7796, 311.141
81.8388, 311.144
81.8635, 311.146
81.9094, 311.149
81.9602, 311.152
81.9643, 311.152
81.966, 311.152
81.9675, 311.152
81.9713, 311.152
81.9898, 311.154
82.0183, 311.155
82.0215, 311.155
82.0287, 311.156
82.0831, 311.159
82.0988, 311.16
82.1527, 311.164
82.174, 311.165
82.1838, 311.165
82.1938, 311.166
82.2405, 311.169
82.2869, 311.172
82.2979, 311.173
82.3305, 311.175
82.3366, 311.175
82.3562, 311.176
82.3681, 311.177
82.4093, 311.179
82.4491, 311.182
82.4519, 311.182
82.4531, 311.182
82.4549, 311.182
82.4889, 311.185
82.5494, 311.188
82.5557, 311.189
82.5636, 311.189
82.576, 311.19
82.616, 311.193
82.6305, 311.194
82.6712, 311.196
82.6912, 311.197
82.7163, 311.199
82.7631, 311.202
82.772, 311.203
82.7752, 311.203
82.8305, 311.206
82.8631, 311.209
82.8697, 311.209
82.8716, 311.209
82.8754, 311.209
82.932, 311.213
82.9723, 311.216
83.0077, 311.218
83.0218, 311.219
83.0278, 311.219
83.0845, 311.223
83.1201, 311.225
83.1205, 311.225
83.1692, 311.229
83.1732, 311.229
83.2349, 311.233
83.2379, 311.233
83.3065, 311.238
83.3276, 311.239
83.3467, 311.241
83.3804, 311.243
83.3936, 311.244
83.4424, 311.247
83.446, 311.247
83.4523, 311.248
83.4784, 311.249
83.4944, 311.251
83.5565, 311.255
83.5881, 311.257
83.6216, 311.259
83.6537, 311.262
83.7552, 311.269
83.7702, 311.27
83.8181, 311.273
83.8488, 311.275
83.8795, 311.277
83.9191, 311.28
83.9458, 311.282
84.0043, 311.286
84.0678, 311.291
84.0851, 311.292
84.1206, 311.294
84.1534, 311.297
84.1748, 311.298
84.1973, 311.3
84.2141, 311.301
84.2517, 311.304
84.2784, 311.306
84.2891, 311.306
84.3426, 311.31
84.3928, 311.314
84.3946, 311.314
84.3956, 311.314
84.4014, 311.315
84.4575, 311.319
84.5, 311.322
84.5504, 311.326
84.5518, 311.326
84.5821, 311.328
84.6217, 311.331
84.6261, 311.331
84.6669, 311.334
84.6872, 311.336
84.7161, 311.338
84.7501, 311.34
84.7504, 311.34
84.7505, 311.34
84.7934, 311.344
84.8101, 311.345
84.8285, 311.346
84.8472, 311.348
84.8572, 311.348
84.8694, 311.349
84.8801, 311.35
84.8908, 311.351
84.9181, 311.353
84.9268, 311.354
84.971, 311.357
84.9763, 311.358
85.0039, 311.36
85.047, 311.363
85.0941, 311.367
85.0995, 311.367
85.106, 311.367
85.141, 311.37
85.1858, 311.374
85.2037, 311.375
85.2274, 311.377
85.3045, 311.383
85.3148, 311.384
85.3265, 311.385
85.3649, 311.388
85.3826, 311.389
85.4534, 311.395
85.4639, 311.395
85.4817, 311.397
85.5004, 311.398
85.5286, 311.401
85.5393, 311.401
85.5451, 311.402
85.6048, 311.407
85.6082, 311.407
85.63, 311.409
85.6483, 311.41
85.678, 311.413
85.6808, 311.413
85.7233, 311.416
85.7541, 311.419
85.7946, 311.422
85.806, 311.423
85.8425, 311.426
85.8569, 311.427
85.8733, 311.428
85.8885, 311.43
85.9187, 311.432
85.9578, 311.435
85.9778, 311.437
86.0096, 311.44
86.017, 311.44
86.0522, 311.443
86.0633, 311.444
86.0655, 311.444
86.0892, 311.446
86.1112, 311.448
86.1546, 311.452
86.171, 311.453
86.2124, 311.457
86.2522, 311.46
86.2525, 311.46
86.2527, 311.46
86.2536, 311.46
86.3235, 311.466
86.3828, 311.471
86.4095, 311.473
86.4113, 311.473
86.4234, 311.474
86.4432, 311.476
86.4576, 311.477
86.4793, 311.479
86.512, 311.482
86.5324, 311.484
86.5401, 311.484
86.5516, 311.485
86.5817, 311.488
86.6055, 311.49
86.608, 311.49
86.6413, 311.493
86.6613, 311.495
86.6907, 311.497
86.699, 311.498
86.7007, 311.498
86.7601, 311.503
86.7929, 311.506
86.8049, 311.507
86.8149, 311.508
86.8373, 311.51
86.8885, 311.515
86.9289, 311.518
86.9295, 311.518
86.9651, 311.522
86.9895, 311.524
87.0444, 311.529
87.0457, 311.529
87.0506, 311.529
87.0958, 311.533
87.0985, 311.534
87.1423, 311.537
87.1668, 311.54
87.1794, 311.541
87.2422, 311.547
87.2488, 311.547
87.2824, 311.55
87.2984, 311.552
87.356, 311.557
87.3702, 311.558
87.3833, 311.559
87.4454, 311.565
87.4573, 311.566
87.4709, 311.567
87.4842, 311.569
87.4927, 311.57
87.516, 311.572
87.5702, 311.577
87.587, 311.578
87.6448, 311.584
87.646, 311.584
87.692, 311.588
87.7395, 311.593
87.7419, 311.593
87.7457, 311.593
87.7904, 311.597
87.8306, 311.601
87.8726, 311.605
87.9089, 311.609
87.9165, 311.61
87.961, 311.614
87.9624, 311.614
88.0071, 311.618
88.0136, 311.619
88.0532, 311.623
88.0916, 311.626
88.1074, 311.628
88.1269, 311.63
88.1538, 311.632
88.1725, 311.634
88.2097, 311.638
88.2161, 311.639
88.2412, 311.641
88.2466, 311.642
88.2761, 311.645
88.3045, 311.647
88.32, 311.649
88.3735, 311.654
88.4123, 311.658
88.4212, 311.659
88.4258, 311.659
88.4282, 311.66
88.4511, 311.662
88.4764, 311.664
88.5526, 311.672
88.584, 311.675
88.6034, 311.677
88.6196, 311.679
88.644, 311.681
88.6697, 311.684
88.7097, 311.688
88.72, 311.689
88.7264, 311.69
88.7566, 311.693
88.7849, 311.696
88.8108, 311.698
88.8574, 311.703
88.8824, 311.706
88.9138, 311.709
88.9319, 311.711
88.9584, 311.714
88.9763, 311.716
88.9864, 311.717
89.0222, 311.72
89.0746, 311.726
89.0861, 311.727
89.1054, 311.729
89.1229, 311.731
89.1505, 311.734
89.1704, 311.736
89.2186, 311.741
89.2349, 311.743
89.2707, 311.747
89.3285, 311.753
89.3294, 311.753
89.3298, 311.753
89.3801, 311.758
89.3899, 311.76
89.4103, 311.762
89.4218, 311.763
89.4319, 311.764
89.4929, 311.771
89.5267, 311.774
89.5501, 311.777
89.5837, 311.781
89.5873, 311.781
89.6, 311.782
89.6361, 311.786
89.6438, 311.787
89.6469, 311.788
89.6825, 311.792
89.687, 311.792
89.7049, 311.794
89.7182, 311.795
89.7319, 311.797
89.7585, 311.8
89.7983, 311.804
89.8252, 311.807
89.8729, 311.813
89.8949, 311.815
89.9112, 311.817
89.9432, 311.821
89.9709, 311.824
90.0125, 311.829
90.0516, 311.833
90.0952, 311.838
90.1129, 311.84
90.1172, 311.84
90.1481, 311.844
90.172, 311.847
90.2075, 311.851
90.2177, 311.852
90.2666, 311.858
90.2741, 311.859
90.329, 311.865
90.3578, 311.868
90.3691, 311.87
90.3929, 311.872
90.3996, 311.873
90.402, 311.873
90.4314, 311.877
90.4479, 311.879
90.4737, 311.882
90.4887, 311.884
90.5441, 311.89
90.5538, 311.891
90.5829, 311.895
90.5996, 311.897
90.6617, 311.904
90.6625, 311.904
90.6637, 311.905
90.6921, 311.908
90.7305, 311.913
90.7372, 311.913
90.7917, 311.92
90.7938, 311.92
90.8282, 311.924
90.8924, 311.932
90.9577, 311.94
90.9651, 311.941
90.9664, 311.941
90.9683, 311.942
90.993, 311.945
91.0083, 311.946
91.0427, 311.951
91.0641, 311.953
91.0938, 311.957
91.1237, 311.961
91.1686, 311.966
91.1985, 311.97
91.2118, 311.972
91.2506, 311.977
91.2594, 311.978
91.2668, 311.979
91.3187, 311.985
91.3272, 311.986
91.3767, 311.993
91.3875, 311.994
91.4346, 312
91.4714, 312.005
91.4833, 312.006
91.4923, 312.007
91.5237, 312.012
91.575, 312.018
91.5983, 312.021
91.6097, 312.023
91.6568, 312.029
91.6571, 312.029
91.6663, 312.03
91.699, 312.034
91.6999, 312.034
91.7017, 312.035
91.7597, 312.042
91.7795, 312.045
91.8044, 312.048
91.85, 312.054
91.851, 312.054
91.8528, 312.055
91.9017, 312.061
91.928, 312.065
91.9593, 312.069
91.9732, 312.071
91.9902, 312.073
92.0075, 312.075
92.0463, 312.08
92.0571, 312.082
92.0609, 312.082
92.0774, 312.085
92.0924, 312.087
92.1081, 312.089
92.138, 312.093
92.178, 312.098
92.1811, 312.099
92.2346, 312.106
92.2539, 312.109
92.2601, 312.11
92.3025, 312.115
92.3169, 312.117
92.3332, 312.12
92.3598, 312.123
92.3899, 312.127
92.3949, 312.128
92.4257, 312.132
92.4309, 312.133
92.4388, 312.134
92.463, 312.138
92.4945, 312.142
92.5297, 312.147
92.5402, 312.148
92.592, 312.156
92.5968, 312.156
92.6544, 312.165
92.6646, 312.166
92.6837, 312.169
92.7073, 312.172
92.7151, 312.173
92.7632, 312.18
92.7667, 312.181
92.8235, 312.189
92.8263, 312.189
92.8347, 312.19
92.8728, 312.196
92.8862, 312.198
92.892, 312.199
92.9221, 312.203
92.9525, 312.208
92.9551, 312.208
92.9942, 312.214
93.011, 312.216
93.0336, 312.219
93.057, 312.223
93.0617, 312.224
93.069, 312.225
93.0892, 312.228
93.151, 312.237
93.1817, 312.241
93.2233, 312.248
93.2245, 312.248
93.2268, 312.248
93.286, 312.257
93.332, 312.264
93.3502, 312.267
93.3752, 312.27
93.3905, 312.273
93.4169, 312.277
93.4247, 312.278
93.4338, 312.279
93.4744, 312.286
93.5197, 312.292
93.5327, 312.294
93.5602, 312.299
93.5719, 312.3
93.5909, 312.303
93.6301, 312.309
93.6771, 312.317
93.6975, 312.32
93.7178, 312.323
93.7251, 312.324
93.7428, 312.327
93.7721, 312.332
93.7879, 312.334
93.8077, 312.337
93.8225, 312.34
93.8488, 312.344
93.8721, 312.347
93.9, 312.352
93.9231, 312.356
93.9679, 312.363
94.013, 312.37
94.0203, 312.371
94.0957, 312.383
94.1035, 312.384
94.1117, 312.386
94.1556, 312.393
94.176, 312.396
94.2061, 312.401
94.2114, 312.402
94.2135, 312.402
94.2395, 312.407
94.2571, 312.41
94.2593, 312.41
94.3013, 312.417
94.3485, 312.425
94.3498, 312.425
94.35, 312.425
94.3524, 312.425
94.3994, 312.433
94.4148, 312.436
94.4591, 312.443
94.4859, 312.447
94.5202, 312.453
94.5741, 312.462
94.6081, 312.468
94.622, 312.47
94.6248, 312.471
94.6518, 312.476
94.6958, 312.483
94.7714, 312.496
94.7727, 312.496
94.7729, 312.496
94.8151, 312.504
94.8575, 312.511
94.8825, 312.515
94.9309, 312.524
94.9407, 312.525
94.9774, 312.532
95.0054, 312.537
95.0536, 312.545
95.0862, 312.551
95.1027, 312.554
95.1176, 312.557
95.1378, 312.56
95.1718, 312.566
95.1955, 312.57
95.2518, 312.581
95.2557, 312.581
95.3157, 312.592
95.3273, 312.594
95.3581, 312.6
95.4118, 312.61
95.4198, 312.611
95.465, 312.619
95.487, 312.623
95.4976, 312.625
95.5266, 312.631
95.5518, 312.635
95.5841, 312.641
95.6108, 312.646
95.6495, 312.654
95.6946, 312.662
95.696, 312.662
95.7253, 312.668
95.736, 312.67
95.7742, 312.677
95.8038, 312.683
95.8158, 312.685
95.8326, 312.688
95.8469, 312.691
95.8809, 312.698
95.8927, 312.7
95.934, 312.708
95.955, 312.712
96.0328, 312.727
96.0561, 312.731
96.068, 312.734
96.0873, 312.737
96.1055, 312.741
96.1221, 312.744
96.1475, 312.749
96.1986, 312.759
96.2323, 312.766
96.2541, 312.77
96.2664, 312.773
96.309, 312.781
96.3458, 312.789
96.3713, 312.794
96.3936, 312.798
96.4437, 312.808
96.4633, 312.812
96.4867, 312.817
96.5255, 312.825
96.5361, 312.827
96.5741, 312.835
96.6177, 312.844
96.633, 312.847
96.6424, 312.849
96.6816, 312.857
96.7365, 312.869
96.7481, 312.871
96.7872, 312.879
96.8423, 312.891
96.8617, 312.895
96.9076, 312.905
96.9446, 312.912
96.9663, 312.917
96.9982, 312.924
97.0046, 312.925
97.066, 312.938
97.1071, 312.947
97.1194, 312.95
97.1722, 312.961
97.177, 312.963
97.2174, 312.971
97.257, 312.98
97.2859, 312.986
97.3142, 312.993
97.3435, 312.999
97.3447, 312.999
97.3981, 313.011
97.4282, 313.018
97.4831, 313.03
97.4994, 313.034
97.5528, 313.046
97.567, 313.049
97.6012, 313.057
97.605, 313.058
97.6147, 313.06
97.6402, 313.066
97.6637, 313.071
97.6821, 313.076
97.6908, 313.078
97.7303, 313.087
97.7431, 313.09
97.8083, 313.105
97.8451, 313.113
97.8762, 313.121
97.9295, 313.133
97.9393, 313.136
97.9439, 313.137
97.9479, 313.138
97.9814, 313.146
98.0135, 313.153
98.0865, 313.171
98.0901, 313.172
98.1486, 313.186
98.1587, 313.188
98.1878, 313.195
98.1961, 313.197
98.2551, 313.212
98.2573, 313.212
98.261, 313.213
98.3108, 313.225
98.3634, 313.238
98.3898, 313.245
98.4079, 313.249
98.4564, 313.261
98.4616, 313.263
98.5056, 313.274
98.5763, 313.291
98.603, 313.298
98.6218, 313.303
98.6703, 313.315
98.6835, 313.319
98.7163, 313.327
98.7238, 313.329
98.7432, 313.334
98.7649, 313.34
98.831, 313.357
98.831, 313.357
98.8313, 313.357
98.8829, 313.37
98.8841, 313.371
98.9071, 313.377
98.9255, 313.381
98.9263, 313.382
98.9338, 313.384
98.9852, 313.397
99.0119, 313.404
99.0454, 313.413
99.0751, 313.421
99.0918, 313.425
99.1339, 313.437
99.1892, 313.452
99.1936, 313.453
99.2021, 313.455
99.2281, 313.462
99.2813, 313.477
99.2957, 313.48
99.3047, 313.483
99.3325, 313.491
99.3824, 313.504
99.3855, 313.505
99.3991, 313.509
99.4641, 313.527
99.4797, 313.531
99.4879, 313.533
99.4984, 313.536
99.5266, 313.544
99.5671, 313.556
99.585, 313.561
99.6037, 313.566
99.6419, 313.577
99.6801, 313.588
99.7075, 313.595
99.7401, 313.605
99.7946, 313.62
99.8119, 313.625
99.8176, 313.627
99.8281, 313.63
99.8798, 313.645
99.8971, 313.65
99.9423, 313.663
99.9432, 313.663
99.9436, 313.664
100.002, 313.681
100.027, 313.688
100.086, 313.706
100.09, 313.707
100.143, 313.722
100.185, 313.735
100.203, 313.74
100.233, 313.75
100.272, 313.761
100.306, 313.771
100.352, 313.786
100.363, 313.789
100.405, 313.802
100.455, 313.817
100.475, 313.823
100.498, 313.83
100.512, 313.835
100.554, 313.848
100.595, 313.861
100.628, 313.871
100.647, 313.877
100.673, 313.885
100.712, 313.897
100.753, 313.91
100.773, 313.917
100.797, 313.924
100.856, 313.943
100.865, 313.946
100.873, 313.949
100.926, 313.966
100.951, 313.974
100.995, 313.988
101.01, 313.993
101.04, 314.003
101.097, 314.021
101.12, 314.029
101.174, 314.047
101.19, 314.052
101.196, 314.054
101.226, 314.064
101.268, 314.078
101.271, 314.079
101.301, 314.089
101.336, 314.1
101.357, 314.107
101.406, 314.124
101.428, 314.131
101.438, 314.135
101.464, 314.144
101.475, 314.147
101.523, 314.163
101.542, 314.17
101.572, 314.18
101.624, 314.198
101.669, 314.213
101.671, 314.214
101.716, 314.229
101.733, 314.235
101.775, 314.249
101.779, 314.251
101.783, 314.252
101.816, 314.264
101.864, 314.28
101.895, 314.291
101.923, 314.3
101.942, 314.307
101.974, 314.318
102.005, 314.329
102.027, 314.337
102.041, 314.342
102.086, 314.358
102.102, 314.363
102.16, 314.383
102.164, 314.385
102.179, 314.39
102.227, 314.407
102.281, 314.426
102.297, 314.431
102.338, 314.446
102.368, 314.457
102.426, 314.477
102.463, 314.49
102.531, 314.514
102.54, 314.517
102.548, 314.52
102.581, 314.531
102.599, 314.538
102.631, 314.549
102.659, 314.559
102.66, 314.559
102.682, 314.567
102.683, 314.567
102.698, 314.573
102.705, 314.575
102.727, 314.583
102.784, 314.603
102.812, 314.613
102.841, 314.623
102.864, 314.631
102.916, 314.649
102.917, 314.65
102.921, 314.651
102.963, 314.666
103.026, 314.688
103.029, 314.689
103.053, 314.697
103.069, 314.703
103.08, 314.706
103.115, 314.719
103.143, 314.729
103.157, 314.733
103.217, 314.754
103.22, 314.755
103.225, 314.757
103.273, 314.773
103.315, 314.788
103.327, 314.792
103.363, 314.804
103.379, 314.81
103.438, 314.83
103.47, 314.841
103.477, 314.843
103.49, 314.847
103.501, 314.851
103.545, 314.866
103.57, 314.874
103.59, 314.881
103.621, 314.891
103.66, 314.904
103.669, 314.907
103.676, 314.91
103.704, 314.919
103.744, 314.932
103.765, 314.939
103.785, 314.946
103.847, 314.966
103.852, 314.967
103.919, 314.989
103.926, 314.991
103.93, 314.993
103.989, 315.011
104.06, 315.034
104.091, 315.043
104.102, 315.047
104.109, 315.049
104.15, 315.062
104.181, 315.071
104.254, 315.093
104.255, 315.094
104.257, 315.094
104.319, 315.113
104.336, 315.118
104.377, 315.13
104.394, 315.135
104.419, 315.143
104.477, 315.16
104.489, 315.163
104.511, 315.169
104.561, 315.184
104.579, 315.189
104.595, 315.193
104.63, 315.203
104.648, 315.208
104.69, 315.22
104.751, 315.237
104.752, 315.237
104.757, 315.238
104.79, 315.247
104.847, 315.262
104.861, 315.266
104.9, 315.276
104.919, 315.281
104.938, 315.286
104.971, 315.295
105.012, 315.305
105.014, 315.306
105.028, 315.309
105.055, 315.316
105.061, 315.317
105.088, 315.324
105.089, 315.324
105.098, 315.327
105.131, 315.335
105.178, 315.346
105.222, 315.357
105.245, 315.362
105.259, 315.365
105.282, 315.371
105.288, 315.372
105.293, 315.373
105.317, 315.379
105.357, 315.388
105.417, 315.401
105.438, 315.406
105.455, 315.41
105.471, 315.413
105.507, 315.421
105.52, 315.423
105.57, 315.434
105.578, 315.436
105.591, 315.438
105.636, 315.447
105.677, 315.456
105.682, 315.457
105.725, 315.465
105.736, 315.467
105.786, 315.477
105.802, 315.48
105.831, 315.485
105.86, 315.491
105.868, 315.492
105.894, 315.497
105.916, 315.501
105.979, 315.512
106.012, 315.517
106.027, 315.52
106.059, 315.525
106.093, 315.531
106.115, 315.534
106.146, 315.539
106.192, 315.547
106.194, 315.547
106.229, 315.552
106.256, 315.556
106.298, 315.563
106.321, 315.566
106.327, 315.567
106.335, 315.568
106.395, 315.576
106.412, 315.578
106.457, 315.585
106.492, 315.589
106.5, 315.59
106.507, 315.591
106.558, 315.597
106.624, 315.605
106.664, 315.61
106.673, 315.611
106.722, 315.617
106.76, 315.621
106.776, 315.622
106.785, 315.623
106.82, 315.627
106.856, 315.63
106.886, 315.633
106.933, 315.638
106.945, 315.639
106.969, 315.641
107.013, 315.645
107.073, 315.65
107.081, 315.65
107.131, 315.654
107.149, 315.656
107.206, 315.66
107.211, 315.66
107.243, 315.662
107.248, 315.663
107.27, 315.664
107.28, 315.665
107.327, 315.668
107.365, 315.67
107.386, 315.671
107.419, 315.673
107.433, 315.674
107.452, 315.675
107.485, 315.676
107.508, 315.677
107.559, 315.68
107.588, 315.681
107.605, 315.682
107.615, 315.682
107.639, 315.683
107.642, 315.683
107.688, 315.685
107.722, 315.686
107.746, 315.687
107.769, 315.688
107.788, 315.688
107.831, 315.69
107.842, 315.69
107.893, 315.691
107.921, 315.692
107.947, 315.693
107.961, 315.693
107.976, 315.693
108.02, 315.694
108.028, 315.694
108.081, 315.695
108.12, 315.696
108.135, 315.696
108.143, 315.696
108.194, 315.696
108.214, 315.696
108.259, 315.697
108.266, 315.697
108.308, 315.697
108.31, 315.697
108.338, 315.697
108.377, 315.697
108.396, 315.697
108.432, 315.697
108.468, 315.697
108.494, 315.697
108.522, 315.696
108.534, 315.696
108.591, 315.696
108.597, 315.696
108.605, 315.696
108.644, 315.695
108.678, 315.695
108.698, 315.695
108.727, 315.695
108.728, 315.695
108.728, 315.695
108.764, 315.694
108.787, 315.694
108.805, 315.693
108.818, 315.693
108.841, 315.693
108.869, 315.692
108.882, 315.692
108.918, 315.691
108.953, 315.691
108.979, 315.69
108.987, 315.69
108.999, 315.69
109.029, 315.689
109.037, 315.689
109.066, 315.689
109.079, 315.688
109.123, 315.688
109.135, 315.687
109.174, 315.687
109.177, 315.687
109.183, 315.686
109.239, 315.685
109.277, 315.684
109.283, 315.684
109.305, 315.684
109.311, 315.684
109.355, 315.683
109.358, 315.683
109.359, 315.683
109.36, 315.683
109.399, 315.682
109.434, 315.681
109.444, 315.681
109.485, 315.68
109.496, 315.68
109.517, 315.679
109.543, 315.679
109.568, 315.678
109.581, 315.678
109.621, 315.677
109.66, 315.676
109.672, 315.676
109.674, 315.676
109.7, 315.676
109.715, 315.675
109.728, 315.675
109.761, 315.675
109.814, 315.674
109.827, 315.674
109.859, 315.673
109.863, 315.673
109.932, 315.673
110, 315.672
110.137, 315.612
110.228, 315.574
110.258, 315.562
110.369, 315.534
110.482, 315.503
110.657, 315.48
110.693, 315.476
110.986, 315.438
111, 315.436


