X,T
2.09262e-17, 310.15
0.0903955, 310.15
0.141265, 310.15
0.229424, 310.15
0.708137, 310.15
0.791492, 310.15
1.05884, 310.15
1.09589, 310.15
1.14179, 310.15
1.4805, 310.15
1.55501, 310.15
1.78486, 310.15
2.18237, 310.15
2.26483, 310.15
2.34107, 310.15
2.6889, 310.15
3.07325, 310.15
3.38317, 310.15
3.39791, 310.15
3.66442, 310.15
3.77039, 310.15
3.77537, 310.15
4.24423, 310.15
4.31313, 310.15
4.3784, 310.15
4.76127, 310.15
5.00961, 310.15
5.1989, 310.15
5.46905, 310.15
5.7167, 310.15
5.87061, 310.15
6.0369, 310.15
6.22547, 310.15
6.32683, 310.15
6.52783, 310.15
7.00819, 310.15
7.19916, 310.15
7.19926, 310.15
7.19935, 310.15
7.19943, 310.15
7.52894, 310.15
7.7942, 310.15
8.17681, 310.15
8.26562, 310.15
8.38741, 310.15
8.40568, 310.15
8.41078, 310.15
8.55214, 310.15
8.67596, 310.15
9.06566, 310.15
9.23281, 310.15
9.39447, 310.15
9.6287, 310.15
9.70503, 310.15
10.1303, 310.15
10.1717, 310.15
10.2596, 310.15
10.5599, 310.15
10.8417, 310.15
10.9348, 310.15
11.1865, 310.15
11.3183, 310.15
11.403, 310.15
11.803, 310.15
11.8234, 310.15
12.187, 310.15
12.342, 310.15
12.545, 310.15
12.8547, 310.15
13.4119, 310.15
13.427, 310.15
13.4433, 310.15
13.7615, 310.15
14.2187, 310.15
14.4168, 310.15
14.7899, 310.15
15.0367, 310.15
15.2229, 310.15
15.795, 310.15
16.0474, 310.15
16.0933, 310.15
16.1218, 310.15
16.6902, 310.15
16.7606, 310.15
17.3317, 310.15
17.337, 310.15
17.3426, 310.15
17.4574, 310.15
17.6384, 310.15
17.7018, 310.15
18.0373, 310.15
18.0477, 310.15
18.0828, 310.15
18.1215, 310.15
18.1441, 310.15
18.6126, 310.15
18.6878, 310.15
18.7968, 310.15
18.8045, 310.15
18.821, 310.15
19.0267, 310.15
19.592, 310.15
19.8821, 310.15
20.0029, 310.15
20.3714, 310.15
20.4658, 310.15
20.9891, 310.15
21.0854, 310.15
21.1437, 310.15
21.7656, 310.15
21.8426, 310.15
21.9858, 310.15
22.235, 310.15
22.2553, 310.15
22.698, 310.15
22.8837, 310.15
23.0547, 310.15
23.3328, 310.15
23.5018, 310.15
23.7313, 310.15
23.8652, 310.15
24.2419, 310.15
24.3731, 310.15
24.4116, 310.15
24.8026, 310.15
25.1311, 310.15
25.2087, 310.15
25.4274, 310.15
25.6986, 310.15
25.7217, 310.15
26.133, 310.15
26.4292, 310.15
26.5086, 310.15
26.5557, 310.15
27.0391, 310.15
27.4219, 310.15
27.7078, 310.15
27.7835, 310.15
27.8546, 310.15
28.2329, 310.15
28.44, 310.15
28.5781, 310.15
28.9577, 310.15
29.0967, 310.15
29.3085, 310.15
29.566, 310.15
29.672, 310.15
29.9659, 310.15
30.0065, 310.15
30.1606, 310.15
30.4722, 310.15
30.7489, 310.15
30.908, 310.15
31.0428, 310.15
31.1105, 310.15
31.4759, 310.15
31.4944, 310.15
31.5441, 310.15
31.9429, 310.15
32.1214, 310.15
32.2993, 310.15
32.4684, 310.15
32.7468, 310.15
32.8015, 310.15
32.8228, 310.15
33.301, 310.15
33.3191, 310.15
33.4529, 310.15
33.9825, 310.15
34.1242, 310.15
34.152, 310.15
34.1937, 310.15
34.3456, 310.15
34.577, 310.15
34.8785, 310.15
35.0135, 310.15
35.4334, 310.15
35.6476, 310.15
36.0695, 310.15
36.3237, 310.15
36.3819, 310.15
36.4311, 310.15
37.0437, 310.15
37.0855, 310.15
37.1178, 310.15
37.1374, 310.15
37.8021, 310.15
37.8567, 310.15
38.0724, 310.15
38.3626, 310.15
38.5125, 310.15
38.7224, 310.15
39.0847, 310.15
39.0964, 310.15
39.3146, 310.15
39.4063, 310.15
39.4082, 310.15
39.6904, 310.15
39.9938, 310.15
40.062, 310.15
40.1912, 310.15
40.3596, 310.15
40.5299, 310.15
40.588, 310.15
40.9933, 310.15
41.0776, 310.15
41.1847, 310.15
41.465, 310.15
41.7133, 310.15
41.7874, 310.15
42.0481, 310.15
42.274, 310.15
42.3664, 310.15
42.3883, 310.15
42.3973, 310.15
42.4565, 310.15
42.4969, 310.15
42.5506, 310.15
42.6038, 310.15
43.0819, 310.15
43.3231, 310.15
43.7691, 310.15
43.8827, 310.15
43.9984, 310.15
44.1968, 310.15
44.5705, 310.15
44.7096, 310.15
44.804, 310.15
44.9452, 310.15
45.4681, 310.15
45.6153, 310.15
45.9118, 310.15
46.1602, 310.15
46.3201, 310.15
46.4781, 310.15
46.6506, 310.15
47.158, 310.15
47.6356, 310.15
47.674, 310.15
47.7769, 310.15
47.8754, 310.15
48.3765, 310.15
48.5892, 310.15
48.7111, 310.15
48.8098, 310.15
48.9427, 310.15
49.0679, 310.15
49.1731, 310.15
49.4676, 310.15
49.5549, 310.15
50.0969, 310.15
50.2496, 310.15
50.3153, 310.15
50.3946, 310.15
50.4517, 310.15
50.8106, 310.15
51.1101, 310.15
51.2417, 310.15
51.4025, 310.15
51.8102, 310.15
52.1665, 310.15
52.2838, 310.15
52.64, 310.15
52.9014, 310.15
52.9145, 310.15
53.4841, 310.15
53.5016, 310.15
53.5151, 310.15
53.6308, 310.15
53.6631, 310.15
54.3206, 310.15
54.4727, 310.15
54.801, 310.15
55.0302, 310.15
55.4036, 310.15
55.6631, 310.15
55.8005, 310.151
55.9446, 310.151
56.197, 310.151
56.5264, 310.151
56.839, 310.151
56.9727, 310.151
57.3604, 310.151
57.6024, 310.152
57.6674, 310.152
57.8469, 310.152
57.8523, 310.152
57.8561, 310.152
57.8621, 310.152
58, 310.152
58.0465, 310.152
58.1119, 310.152
58.1135, 310.152
58.1628, 310.152
58.1748, 310.152
58.1936, 310.152
58.2198, 310.152
58.2534, 310.152
58.2915, 310.152
58.309, 310.152
58.337, 310.152
58.3644, 310.152
58.3882, 310.152
58.418, 310.152
58.456, 310.152
58.4753, 310.152
58.4888, 310.152
58.5199, 310.152
58.5599, 310.152
58.5974, 310.152
58.6299, 310.152
58.6516, 310.152
58.6933, 310.152
58.7634, 310.152
58.7658, 310.152
58.7678, 310.152
58.7695, 310.152
58.8362, 310.152
58.8617, 310.152
58.888, 310.152
58.9138, 310.152
58.9612, 310.152
58.9662, 310.152
59.0222, 310.152
59.0241, 310.152
59.025, 310.152
59.069, 310.152
59.1138, 310.152
59.1283, 310.152
59.1792, 310.152
59.181, 310.152
59.2262, 310.152
59.2293, 310.152
59.2813, 310.152
59.2884, 310.152
59.348, 310.152
59.3938, 310.152
59.407, 310.152
59.4266, 310.152
59.4507, 310.152
59.5014, 310.152
59.519, 310.152
59.5595, 310.152
59.5838, 310.152
59.62, 310.152
59.64, 310.152
59.6595, 310.152
59.6882, 310.152
59.7378, 310.152
59.7611, 310.152
59.7899, 310.152
59.8153, 310.152
59.8283, 310.152
59.8348, 310.152
59.8394, 310.152
59.8765, 310.152
59.8896, 310.152
59.9093, 310.152
59.9351, 310.152
59.9708, 310.152
59.9854, 310.152
60.0186, 310.152
60.0229, 310.152
60.0279, 310.152
60.0588, 310.152
60.09, 310.152
60.1176, 310.152
60.1561, 310.152
60.1831, 310.152
60.208, 310.152
60.2372, 310.152
60.2649, 310.152
60.2888, 310.152
60.3674, 310.152
60.3953, 310.152
60.429, 310.153
60.453, 310.153
60.4925, 310.153
60.5187, 310.153
60.5492, 310.153
60.5625, 310.153
60.6045, 310.153
60.6799, 310.153
60.6816, 310.153
60.7551, 310.153
60.7635, 310.153
60.7674, 310.153
60.7782, 310.153
60.8379, 310.153
60.8812, 310.153
60.9022, 310.153
60.9153, 310.153
60.9646, 310.153
60.9711, 310.153
61.0118, 310.153
61.0383, 310.153
61.0631, 310.153
61.0933, 310.153
61.1051, 310.153
61.1454, 310.153
61.1642, 310.153
61.1911, 310.153
61.2081, 310.153
61.2135, 310.153
61.2246, 310.153
61.2482, 310.153
61.2598, 310.153
61.2787, 310.153
61.2889, 310.153
61.3283, 310.153
61.3614, 310.153
61.3683, 310.153
61.406, 310.153
61.4587, 310.153
61.4672, 310.153
61.4749, 310.153
61.5028, 310.153
61.5506, 310.153
61.5526, 310.153
61.5544, 310.153
61.6148, 310.153
61.6271, 310.153
61.6788, 310.153
61.6922, 310.153
61.7097, 310.153
61.7288, 310.153
61.7665, 310.153
61.7897, 310.153
61.8136, 310.153
61.8375, 310.153
61.847, 310.153
61.8481, 310.153
61.8578, 310.153
61.9687, 310.153
61.9703, 310.153
61.9714, 310.153
61.9742, 310.153
62.0445, 310.153
62.0768, 310.153
62.127, 310.153
62.1359, 310.153
62.1615, 310.153
62.1955, 310.153
62.2009, 310.153
62.2475, 310.153
62.2624, 310.153
62.3204, 310.153
62.3247, 310.153
62.3354, 310.153
62.3867, 310.153
62.4337, 310.153
62.4611, 310.153
62.4851, 310.153
62.5113, 310.153
62.5387, 310.153
62.5821, 310.153
62.5964, 310.153
62.6394, 310.153
62.677, 310.153
62.7208, 310.153
62.7303, 310.153
62.7472, 310.153
62.7812, 310.153
62.8126, 310.153
62.8234, 310.153
62.8566, 310.153
62.8604, 310.153
62.9071, 310.153
62.9244, 310.153
62.9532, 310.153
62.9981, 310.153
63.0354, 310.153
63.0607, 310.153
63.0934, 310.153
63.1238, 310.153
63.1616, 310.153
63.1773, 310.153
63.2028, 310.153
63.2507, 310.153
63.2774, 310.153
63.3091, 310.153
63.3322, 310.153
63.3638, 310.153
63.4031, 310.153
63.4546, 310.153
63.468, 310.153
63.5132, 310.153
63.5173, 310.153
63.5608, 310.153
63.5786, 310.153
63.6083, 310.153
63.658, 310.153
63.6989, 310.153
63.7139, 310.153
63.7476, 310.153
63.7845, 310.153
63.7894, 310.153
63.7976, 310.153
63.8338, 310.154
63.8753, 310.154
63.8778, 310.154
63.9196, 310.154
63.9592, 310.154
63.9746, 310.154
63.9765, 310.154
64.0203, 310.154
64.0332, 310.154
64.1037, 310.154
64.1213, 310.154
64.1502, 310.154
64.1673, 310.154
64.2101, 310.154
64.22, 310.154
64.2472, 310.154
64.2665, 310.154
64.2927, 310.154
64.3407, 310.154
64.3499, 310.154
64.397, 310.154
64.4215, 310.154
64.4436, 310.154
64.4725, 310.154
64.4892, 310.154
64.538, 310.154
64.5423, 310.154
64.6306, 310.154
64.6454, 310.154
64.6691, 310.154
64.6835, 310.154
64.6895, 310.154
64.699, 310.154
64.7449, 310.154
64.7698, 310.154
64.7819, 310.154
64.8139, 310.154
64.8342, 310.154
64.8772, 310.154
64.8957, 310.154
64.9459, 310.154
64.9533, 310.154
64.9702, 310.154
64.9987, 310.154
65.0116, 310.154
65.0761, 310.154
65.0788, 310.154
65.0799, 310.154
65.0818, 310.154
65.1502, 310.154
65.1543, 310.154
65.2009, 310.154
65.2055, 310.154
65.2263, 310.154
65.2531, 310.154
65.2631, 310.154
65.2935, 310.154
65.3118, 310.154
65.3572, 310.154
65.4084, 310.154
65.4211, 310.154
65.4842, 310.154
65.5249, 310.154
65.5383, 310.154
65.5438, 310.154
65.5515, 310.154
65.6139, 310.154
65.6269, 310.154
65.63, 310.154
65.6408, 310.154
65.7151, 310.154
65.7333, 310.154
65.7387, 310.154
65.7437, 310.154
65.7984, 310.154
65.8177, 310.154
65.8483, 310.155
65.8987, 310.155
65.8992, 310.155
65.9561, 310.155
65.9739, 310.155
66.0089, 310.155
66.0266, 310.155
66.0468, 310.155
66.091, 310.155
66.1127, 310.155
66.1291, 310.155
66.1362, 310.155
66.184, 310.155
66.2452, 310.155
66.2716, 310.155
66.2861, 310.155
66.3133, 310.155
66.334, 310.155
66.3674, 310.155
66.3834, 310.155
66.3985, 310.155
66.4594, 310.155
66.4654, 310.155
66.4761, 310.155
66.4839, 310.155
66.51, 310.155
66.5319, 310.155
66.5401, 310.155
66.563, 310.155
66.5783, 310.155
66.5922, 310.155
66.6297, 310.155
66.641, 310.155
66.6601, 310.155
66.7512, 310.155
66.7793, 310.155
66.8426, 310.155
66.8484, 310.155
66.8625, 310.155
66.896, 310.155
66.9067, 310.155
66.9559, 310.155
67.0142, 310.155
67.0158, 310.155
67.0173, 310.155
67.0703, 310.155
67.0768, 310.155
67.1445, 310.155
67.1508, 310.155
67.1564, 310.155
67.1756, 310.155
67.2008, 310.155
67.2273, 310.155
67.2473, 310.155
67.2922, 310.155
67.2988, 310.156
67.3132, 310.156
67.3285, 310.156
67.3376, 310.156
67.3637, 310.156
67.4102, 310.156
67.4574, 310.156
67.4805, 310.156
67.4985, 310.156
67.53, 310.156
67.5781, 310.156
67.5901, 310.156
67.5956, 310.156
67.6078, 310.156
67.6636, 310.156
67.6905, 310.156
67.7286, 310.156
67.7329, 310.156
67.7349, 310.156
67.7641, 310.156
67.7752, 310.156
67.7774, 310.156
67.8123, 310.156
67.8296, 310.156
67.8356, 310.156
67.8801, 310.156
67.8985, 310.156
67.9447, 310.156
67.9674, 310.156
67.9827, 310.156
68.0193, 310.156
68.0394, 310.156
68.0763, 310.156
68.1116, 310.156
68.1513, 310.156
68.156, 310.156
68.1592, 310.156
68.2078, 310.156
68.2425, 310.156
68.2675, 310.156
68.283, 310.156
68.3283, 310.156
68.3549, 310.156
68.3593, 310.156
68.3641, 310.156
68.4035, 310.156
68.4081, 310.156
68.4279, 310.156
68.461, 310.156
68.5068, 310.157
68.5084, 310.157
68.5119, 310.157
68.5828, 310.157
68.6254, 310.157
68.6521, 310.157
68.6859, 310.157
68.729, 310.157
68.7757, 310.157
68.7888, 310.157
68.8211, 310.157
68.8657, 310.157
68.8852, 310.157
68.9437, 310.157
68.9601, 310.157
69.0092, 310.157
69.0245, 310.157
69.0536, 310.157
69.0826, 310.157
69.0934, 310.157
69.1295, 310.157
69.1677, 310.157
69.1813, 310.157
69.2124, 310.157
69.2614, 310.157
69.2933, 310.157
69.3313, 310.157
69.3378, 310.157
69.3802, 310.157
69.4021, 310.157
69.4502, 310.157
69.4688, 310.157
69.5191, 310.158
69.5313, 310.158
69.5608, 310.158
69.5748, 310.158
69.6077, 310.158
69.6402, 310.158
69.6853, 310.158
69.7033, 310.158
69.7288, 310.158
69.7517, 310.158
69.797, 310.158
69.8113, 310.158
69.8409, 310.158
69.8594, 310.158
69.8694, 310.158
69.9269, 310.158
69.9549, 310.158
69.9958, 310.158
70.0078, 310.158
70.0217, 310.158
70.0691, 310.158
70.0865, 310.158
70.1295, 310.158
70.1889, 310.158
70.2325, 310.158
70.2424, 310.158
70.2437, 310.158
70.299, 310.158
70.3361, 310.159
70.3461, 310.159
70.42, 310.159
70.4418, 310.159
70.47, 310.159
70.479, 310.159
70.5059, 310.159
70.5246, 310.159
70.5385, 310.159
70.5632, 310.159
70.6066, 310.159
70.6342, 310.159
70.6417, 310.159
70.6837, 310.159
70.7156, 310.159
70.7267, 310.159
70.7373, 310.159
70.7644, 310.159
70.7782, 310.159
70.8133, 310.159
70.8332, 310.159
70.8675, 310.159
70.8809, 310.159
70.9385, 310.159
70.9393, 310.159
70.9955, 310.159
71.0188, 310.159
71.0626, 310.159
71.0681, 310.159
71.1128, 310.16
71.1205, 310.16
71.153, 310.16
71.1882, 310.16
71.2131, 310.16
71.2192, 310.16
71.2363, 310.16
71.2566, 310.16
71.2975, 310.16
71.3038, 310.16
71.3808, 310.16
71.3863, 310.16
71.4521, 310.16
71.4594, 310.16
71.527, 310.16
71.529, 310.16
71.5771, 310.16
71.5867, 310.16
71.6265, 310.16
71.6461, 310.16
71.6638, 310.16
71.6945, 310.16
71.7167, 310.16
71.7346, 310.16
71.7721, 310.161
71.7815, 310.161
71.816, 310.161
71.8608, 310.161
71.8679, 310.161
71.9034, 310.161
71.9264, 310.161
71.985, 310.161
72.0005, 310.161
72.0058, 310.161
72.0399, 310.161
72.0781, 310.161
72.0965, 310.161
72.1041, 310.161
72.1316, 310.161
72.1457, 310.161
72.1527, 310.161
72.1809, 310.161
72.2115, 310.161
72.2149, 310.161
72.2547, 310.161
72.2592, 310.161
72.2996, 310.161
72.3281, 310.161
72.3386, 310.161
72.3737, 310.162
72.4261, 310.162
72.4362, 310.162
72.4619, 310.162
72.4881, 310.162
72.5146, 310.162
72.536, 310.162
72.567, 310.162
72.6584, 310.162
72.683, 310.162
72.7201, 310.162
72.7514, 310.162
72.7687, 310.162
72.7809, 310.162
72.8191, 310.162
72.8489, 310.162
72.851, 310.162
72.8583, 310.162
72.9121, 310.162
72.933, 310.163
72.9628, 310.163
72.9815, 310.163
73.0192, 310.163
73.0348, 310.163
73.0786, 310.163
73.1376, 310.163
73.1452, 310.163
73.146, 310.163
73.1471, 310.163
73.1876, 310.163
73.2378, 310.163
73.2594, 310.163
73.2783, 310.163
73.2858, 310.163
73.3173, 310.163
73.3404, 310.163
73.3768, 310.163
73.3915, 310.163
73.4731, 310.164
73.4918, 310.164
73.5074, 310.164
73.5129, 310.164
73.5358, 310.164
73.5587, 310.164
73.6371, 310.164
73.6439, 310.164
73.6495, 310.164
73.6819, 310.164
73.7155, 310.164
73.7238, 310.164
73.7502, 310.164
73.7823, 310.164
73.7941, 310.164
73.8274, 310.164
73.8371, 310.164
73.8525, 310.164
73.8859, 310.164
73.9232, 310.165
73.9315, 310.165
73.9739, 310.165
74.0072, 310.165
74.0187, 310.165
74.0462, 310.165
74.0557, 310.165
74.0593, 310.165
74.0806, 310.165
74.1304, 310.165
74.137, 310.165
74.1776, 310.165
74.224, 310.165
74.2277, 310.165
74.2741, 310.165
74.3148, 310.165
74.3162, 310.165
74.3763, 310.166
74.3823, 310.166
74.3996, 310.166
74.4346, 310.166
74.4666, 310.166
74.4894, 310.166
74.4934, 310.166
74.5327, 310.166
74.5713, 310.166
74.5898, 310.166
74.5939, 310.166
74.6443, 310.166
74.6665, 310.166
74.7039, 310.166
74.736, 310.166
74.7574, 310.167
74.7918, 310.167
74.8137, 310.167
74.8493, 310.167
74.8882, 310.167
74.9075, 310.167
74.9417, 310.167
74.9683, 310.167
74.9784, 310.167
74.9959, 310.167
75.0203, 310.167
75.061, 310.167
75.085, 310.167
75.1114, 310.167
75.1332, 310.167
75.1544, 310.168
75.198, 310.168
75.2052, 310.168
75.2396, 310.168
75.2953, 310.168
75.3614, 310.168
75.3625, 310.168
75.3632, 310.168
75.4282, 310.168
75.4724, 310.168
75.5278, 310.169
75.5658, 310.169
75.5874, 310.169
75.6293, 310.169
75.6516, 310.169
75.6634, 310.169
75.6828, 310.169
75.7226, 310.169
75.7564, 310.169
75.7864, 310.169
75.8117, 310.169
75.8615, 310.17
75.8677, 310.17
75.8788, 310.17
75.9064, 310.17
75.9362, 310.17
75.9834, 310.17
76.0044, 310.17
76.0105, 310.17
76.0613, 310.17
76.0676, 310.17
76.0805, 310.17
76.1403, 310.17
76.1576, 310.17
76.1676, 310.17
76.1996, 310.171
76.2574, 310.171
76.3005, 310.171
76.3214, 310.171
76.3355, 310.171
76.4001, 310.171
76.4057, 310.171
76.4512, 310.171
76.4523, 310.171
76.4524, 310.171
76.4532, 310.171
76.5034, 310.172
76.5098, 310.172
76.5337, 310.172
76.5599, 310.172
76.5692, 310.172
76.5935, 310.172
76.6215, 310.172
76.671, 310.172
76.6848, 310.172
76.7365, 310.172
76.7522, 310.172
76.7773, 310.172
76.8013, 310.173
76.8244, 310.173
76.8701, 310.173
76.8891, 310.173
76.919, 310.173
76.9639, 310.173
76.9988, 310.173
77.0331, 310.173
77.0617, 310.173
77.091, 310.174
77.1382, 310.174
77.1466, 310.174
77.1867, 310.174
77.2584, 310.174
77.2632, 310.174
77.2679, 310.174
77.3209, 310.174
77.323, 310.174
77.33, 310.174
77.3821, 310.175
77.3903, 310.175
77.4214, 310.175
77.4308, 310.175
77.4479, 310.175
77.4886, 310.175
77.5116, 310.175
77.5345, 310.175
77.5429, 310.175
77.5461, 310.175
77.5777, 310.175
77.6328, 310.176
77.6547, 310.176
77.7002, 310.176
77.7018, 310.176
77.7339, 310.176
77.762, 310.176
77.7773, 310.176
77.792, 310.176
77.8172, 310.176
77.8733, 310.177
77.8842, 310.177
77.8916, 310.177
77.9099, 310.177
77.9466, 310.177
77.9824, 310.177
78.0403, 310.177
78.0528, 310.177
78.0972, 310.178
78.106, 310.178
78.1422, 310.178
78.1468, 310.178
78.1833, 310.178
78.1865, 310.178
78.2253, 310.178
78.2475, 310.178
78.2922, 310.178
78.3174, 310.178
78.3521, 310.179
78.3984, 310.179
78.4504, 310.179
78.4614, 310.179
78.4666, 310.179
78.4941, 310.179
78.5004, 310.179
78.5127, 310.179
78.5456, 310.179
78.5495, 310.18
78.5803, 310.18
78.5923, 310.18
78.6294, 310.18
78.6478, 310.18
78.6965, 310.18
78.727, 310.18
78.7461, 310.18
78.7634, 310.181
78.7923, 310.181
78.8158, 310.181
78.8491, 310.181
78.8775, 310.181
78.8853, 310.181
78.8946, 310.181
78.9195, 310.181
78.9442, 310.181
78.9761, 310.182
79.0191, 310.182
79.0322, 310.182
79.0506, 310.182
79.0671, 310.182
79.1132, 310.182
79.1549, 310.182
79.1877, 310.183
79.2052, 310.183
79.2329, 310.183
79.2414, 310.183
79.2989, 310.183
79.3067, 310.183
79.3124, 310.183
79.3556, 310.183
79.4036, 310.184
79.4353, 310.184
79.4652, 310.184
79.4758, 310.184
79.4974, 310.184
79.5281, 310.184
79.58, 310.185
79.5905, 310.185
79.6358, 310.185
79.6529, 310.185
79.7133, 310.185
79.7178, 310.185
79.7234, 310.185
79.7399, 310.185
79.7537, 310.186
79.7817, 310.186
79.8044, 310.186
79.817, 310.186
79.8429, 310.186
79.8625, 310.186
79.8711, 310.186
79.8919, 310.186
79.9222, 310.186
79.9396, 310.187
80.0011, 310.187
80.012, 310.187
80.032, 310.187
80.0543, 310.187
80.0634, 310.187
80.1146, 310.188
80.1548, 310.188
80.1681, 310.188
80.1704, 310.188
80.174, 310.188
80.2428, 310.188
80.2708, 310.189
80.2925, 310.189
80.3219, 310.189
80.3635, 310.189
80.3763, 310.189
80.4201, 310.189
80.4415, 310.19
80.471, 310.19
80.487, 310.19
80.5132, 310.19
80.5147, 310.19
80.5663, 310.19
80.5865, 310.19
80.6208, 310.191
80.6559, 310.191
80.6632, 310.191
80.6639, 310.191
80.6675, 310.191
80.698, 310.191
80.7318, 310.191
80.7342, 310.191
80.7615, 310.192
80.7921, 310.192
80.8198, 310.192
80.8709, 310.192
80.8889, 310.192
80.9146, 310.193
80.9705, 310.193
80.9905, 310.193
81.0376, 310.193
81.0707, 310.194
81.0867, 310.194
81.1002, 310.194
81.1134, 310.194
81.1454, 310.194
81.1575, 310.194
81.163, 310.194
81.2008, 310.195
81.256, 310.195
81.2685, 310.195
81.2978, 310.195
81.3137, 310.195
81.3382, 310.195
81.3821, 310.196
81.4085, 310.196
81.4309, 310.196
81.4467, 310.196
81.4904, 310.197
81.495, 310.197
81.5144, 310.197
81.5378, 310.197
81.5442, 310.197
81.603, 310.197
81.638, 310.198
81.6659, 310.198
81.6994, 310.198
81.7298, 310.198
81.7433, 310.198
81.8103, 310.199
81.8453, 310.199
81.8641, 310.199
81.8867, 310.2
81.9194, 310.2
81.9521, 310.2
81.9659, 310.2
82.0048, 310.2
82.0099, 310.201
82.0189, 310.201
82.0922, 310.201
82.1427, 310.202
82.1449, 310.202
82.1475, 310.202
82.1895, 310.202
82.2375, 310.202
82.242, 310.202
82.2809, 310.203
82.3192, 310.203
82.3249, 310.203
82.3375, 310.203
82.3515, 310.203
82.39, 310.204
82.4305, 310.204
82.4351, 310.204
82.4385, 310.204
82.4997, 310.205
82.5265, 310.205
82.529, 310.205
82.5715, 310.205
82.5988, 310.205
82.6113, 310.205
82.6617, 310.206
82.6947, 310.206
82.7046, 310.206
82.7096, 310.206
82.768, 310.207
82.8, 310.207
82.863, 310.208
82.8633, 310.208
82.8637, 310.208
82.9233, 310.208
82.9311, 310.208
82.973, 310.209
82.984, 310.209
82.9947, 310.209
83.0389, 310.209
83.1007, 310.21
83.1085, 310.21
83.1107, 310.21
83.143, 310.21
83.1724, 310.211
83.1742, 310.211
83.2186, 310.211
83.2559, 310.211
83.2618, 310.211
83.2994, 310.212
83.3267, 310.212
83.3514, 310.212
83.3759, 310.213
83.4169, 310.213
83.4253, 310.213
83.4357, 310.213
83.4595, 310.213
83.4818, 310.214
83.5412, 310.214
83.5526, 310.214
83.6057, 310.215
83.6248, 310.215
83.6553, 310.215
83.6679, 310.215
83.7062, 310.216
83.7152, 310.216
83.7606, 310.216
83.7743, 310.217
83.7871, 310.217
83.8105, 310.217
83.8415, 310.217
83.8602, 310.218
83.8697, 310.218
83.8777, 310.218
83.8981, 310.218
83.9403, 310.218
83.9442, 310.218
83.9465, 310.218
83.9604, 310.219
84.0373, 310.219
84.0468, 310.22
84.0484, 310.22
84.0959, 310.22
84.1056, 310.22
84.1403, 310.221
84.1639, 310.221
84.1959, 310.221
84.2131, 310.221
84.2533, 310.222
84.2548, 310.222
84.3011, 310.222
84.3034, 310.222
84.3035, 310.222
84.3035, 310.222
84.3559, 310.223
84.3812, 310.223
84.3948, 310.223
84.4135, 310.224
84.4601, 310.224
84.4683, 310.224
84.4713, 310.224
84.5138, 310.225
84.5387, 310.225
84.5606, 310.225
84.5893, 310.226
84.6207, 310.226
84.6252, 310.226
84.6393, 310.226
84.6911, 310.227
84.7005, 310.227
84.7105, 310.227
84.7732, 310.228
84.7812, 310.228
84.7878, 310.228
84.8126, 310.228
84.8263, 310.229
84.8724, 310.229
84.9139, 310.23
84.9244, 310.23
85.0066, 310.231
85.0372, 310.231
85.0502, 310.231
85.081, 310.232
85.1041, 310.232
85.1148, 310.232
85.1499, 310.233
85.1817, 310.233
85.209, 310.234
85.2557, 310.234
85.2752, 310.234
85.3036, 310.235
85.3153, 310.235
85.3485, 310.235
85.3533, 310.235
85.3887, 310.236
85.4024, 310.236
85.4402, 310.237
85.45, 310.237
85.4685, 310.237
85.5137, 310.238
85.5527, 310.238
85.5567, 310.238
85.5584, 310.238
85.5598, 310.238
85.5968, 310.239
85.6242, 310.239
85.6731, 310.24
85.6896, 310.24
85.6996, 310.24
85.7229, 310.241
85.7738, 310.241
85.7762, 310.241
85.815, 310.242
85.8212, 310.242
85.8404, 310.242
85.8706, 310.243
85.886, 310.243
85.9136, 310.243
85.9614, 310.244
86.0144, 310.245
86.0269, 310.245
86.0785, 310.246
86.0936, 310.246
86.112, 310.246
86.1291, 310.247
86.1756, 310.247
86.1947, 310.248
86.2134, 310.248
86.2352, 310.248
86.2449, 310.248
86.285, 310.249
86.3225, 310.25
86.3308, 310.25
86.3643, 310.25
86.3766, 310.251
86.379, 310.251
86.4267, 310.251
86.437, 310.251
86.4782, 310.252
86.4933, 310.252
86.5014, 310.253
86.5378, 310.253
86.5686, 310.254
86.6194, 310.254
86.6446, 310.255
86.6767, 310.255
86.7139, 310.256
86.751, 310.257
86.7761, 310.257
86.8012, 310.258
86.8446, 310.258
86.8532, 310.258
86.8924, 310.259
86.9221, 310.26
86.9466, 310.26
86.9504, 310.26
86.9603, 310.26
86.9934, 310.261
87.0539, 310.262
87.092, 310.263
87.0926, 310.263
87.095, 310.263
87.1537, 310.264
87.1757, 310.264
87.1841, 310.264
87.1967, 310.265
87.2164, 310.265
87.2743, 310.266
87.3146, 310.267
87.327, 310.267
87.3825, 310.268
87.4031, 310.268
87.4389, 310.269
87.4496, 310.269
87.4907, 310.27
87.5376, 310.271
87.5506, 310.271
87.5852, 310.272
87.6179, 310.273
87.6245, 310.273
87.6838, 310.274
87.6997, 310.274
87.722, 310.275
87.7465, 310.275
87.7895, 310.276
87.8025, 310.276
87.8162, 310.276
87.8329, 310.277
87.8547, 310.277
87.8633, 310.277
87.882, 310.278
87.9092, 310.278
87.931, 310.279
87.9498, 310.279
87.9879, 310.28
88.0276, 310.281
88.0598, 310.282
88.076, 310.282
88.1335, 310.283
88.1395, 310.283
88.1811, 310.284
88.1922, 310.284
88.2079, 310.285
88.2329, 310.285
88.2807, 310.286
88.2839, 310.286
88.3133, 310.287
88.3461, 310.288
88.3666, 310.288
88.3756, 310.288
88.427, 310.29
88.4379, 310.29
88.4974, 310.291
88.4978, 310.291
88.4992, 310.291
88.5544, 310.292
88.5694, 310.293
88.6209, 310.294
88.6291, 310.294
88.6373, 310.294
88.7044, 310.296
88.712, 310.296
88.7172, 310.296
88.7673, 310.297
88.8044, 310.298
88.816, 310.299
88.8511, 310.299
88.8558, 310.299
88.8635, 310.3
88.9235, 310.301
88.9483, 310.302
88.9562, 310.302
88.9676, 310.302
88.9959, 310.303
89.0266, 310.304
89.0351, 310.304
89.0539, 310.304
89.0691, 310.305
89.0835, 310.305
89.1009, 310.306
89.1317, 310.306
89.174, 310.307
89.2045, 310.308
89.2321, 310.309
89.2386, 310.309
89.2485, 310.309
89.2918, 310.31
89.3144, 310.311
89.3219, 310.311
89.3304, 310.311
89.3871, 310.313
89.4262, 310.314
89.4392, 310.314
89.4437, 310.314
89.4626, 310.315
89.4835, 310.315
89.5351, 310.317
89.5589, 310.317
89.5811, 310.318
89.6141, 310.319
89.6722, 310.321
89.6784, 310.321
89.7505, 310.323
89.7559, 310.323
89.7986, 310.324
89.8055, 310.324
89.8231, 310.325
89.8697, 310.326
89.9029, 310.327
89.9172, 310.327
89.9311, 310.328
89.974, 310.329
90.0081, 310.33
90.0546, 310.331
90.0593, 310.332
90.1189, 310.333
90.177, 310.335
90.1843, 310.335
90.1909, 310.336
90.2492, 310.337
90.2573, 310.338
90.2698, 310.338
90.3102, 310.339
90.3684, 310.341
90.3874, 310.342
90.4325, 310.343
90.4843, 310.345
90.4865, 310.345
90.4891, 310.345
90.5398, 310.346
90.5503, 310.347
90.5791, 310.348
90.6211, 310.349
90.6547, 310.35
90.6715, 310.351
90.7128, 310.352
90.713, 310.352
90.7139, 310.352
90.7656, 310.354
90.8006, 310.355
90.8058, 310.355
90.8151, 310.355
90.8596, 310.357
90.8729, 310.357
90.9387, 310.36
90.9524, 310.36
91.0067, 310.362
91.0088, 310.362
91.0498, 310.363
91.0668, 310.364
91.1267, 310.366
91.1317, 310.366
91.1349, 310.366
91.1386, 310.367
91.1878, 310.368
91.2471, 310.37
91.2575, 310.371
91.2926, 310.372
91.3411, 310.374
91.355, 310.374
91.3803, 310.375
91.4135, 310.377
91.4205, 310.377
91.434, 310.377
91.4633, 310.378
91.4887, 310.379
91.511, 310.38
91.5335, 310.381
91.5641, 310.382
91.5704, 310.382
91.5785, 310.383
91.6256, 310.385
91.6303, 310.385
91.6567, 310.386
91.6677, 310.386
91.6691, 310.386
91.7158, 310.388
91.7372, 310.389
91.7653, 310.39
91.797, 310.391
91.83, 310.393
91.8355, 310.393
91.8425, 310.393
91.8781, 310.394
91.9242, 310.396
91.9258, 310.396
91.9472, 310.397
91.9541, 310.398
91.9704, 310.398
91.9717, 310.398
92.0141, 310.4
92.0285, 310.401
92.0458, 310.401
92.0728, 310.402
92.0798, 310.403
92.0886, 310.403
92.1062, 310.404
92.1281, 310.405
92.1626, 310.406
92.2219, 310.409
92.2222, 310.409
92.2225, 310.409
92.2579, 310.41
92.2972, 310.412
92.3322, 310.413
92.3702, 310.415
92.3812, 310.416
92.4011, 310.416
92.4378, 310.418
92.4524, 310.419
92.4563, 310.419
92.4914, 310.42
92.4987, 310.421
92.5343, 310.422
92.5728, 310.424
92.5898, 310.425
92.6017, 310.425
92.6532, 310.428
92.6778, 310.429
92.7207, 310.431
92.7668, 310.433
92.7942, 310.434
92.8368, 310.436
92.8468, 310.437
92.8933, 310.439
92.9432, 310.442
92.9448, 310.442
92.9884, 310.444
93.0154, 310.445
93.0579, 310.447
93.0686, 310.448
93.1238, 310.45
93.124, 310.45
93.1244, 310.45
93.1631, 310.452
93.2159, 310.455
93.2526, 310.457
93.258, 310.457
93.2593, 310.457
93.2629, 310.457
93.2964, 310.459
93.3012, 310.459
93.3027, 310.459
93.3373, 310.461
93.3765, 310.463
93.3913, 310.464
93.4311, 310.466
93.4549, 310.467
93.4841, 310.469
93.5036, 310.47
93.5497, 310.472
93.5669, 310.473
93.6003, 310.475
93.6232, 310.476
93.6559, 310.478
93.6774, 310.479
93.6875, 310.48
93.7343, 310.483
93.7755, 310.485
93.7787, 310.485
93.822, 310.487
93.8229, 310.488
93.8674, 310.49
93.8686, 310.49
93.8711, 310.49
93.927, 310.493
93.9492, 310.495
93.9609, 310.495
93.9838, 310.497
94.0237, 310.499
94.0316, 310.5
94.0911, 310.503
94.1121, 310.504
94.1422, 310.506
94.1726, 310.508
94.1918, 310.509
94.2022, 310.51
94.2281, 310.511
94.2532, 310.513
94.2993, 310.516
94.3095, 310.516
94.3792, 310.521
94.3875, 310.521
94.4205, 310.523
94.45, 310.525
94.4912, 310.528
94.4945, 310.528
94.4963, 310.528
94.5027, 310.528
94.5424, 310.531
94.5587, 310.532
94.5781, 310.533
94.6009, 310.535
94.611, 310.535
94.6146, 310.536
94.6687, 310.539
94.7006, 310.541
94.718, 310.542
94.7746, 310.546
94.802, 310.548
94.8112, 310.549
94.8196, 310.549
94.8582, 310.552
94.9154, 310.556
94.9158, 310.556
94.9526, 310.558
94.9893, 310.561
95.0402, 310.564
95.0441, 310.565
95.0475, 310.565
95.0519, 310.565
95.0991, 310.568
95.1528, 310.572
95.1586, 310.573
95.2068, 310.576
95.2355, 310.578
95.2638, 310.58
95.2817, 310.582
95.3003, 310.583
95.3141, 310.584
95.3654, 310.588
95.3659, 310.588
95.4073, 310.591
95.4204, 310.592
95.457, 310.595
95.5054, 310.598
95.5069, 310.599
95.5657, 310.603
95.606, 310.606
95.6256, 310.608
95.6776, 310.612
95.6818, 310.612
95.7489, 310.617
95.7719, 310.619
95.7848, 310.62
95.8472, 310.625
95.866, 310.627
95.885, 310.629
95.9058, 310.63
95.9425, 310.633
95.9605, 310.635
95.9906, 310.637
96.0224, 310.64
96.0379, 310.641
96.0527, 310.643
96.0709, 310.644
96.0822, 310.645
96.1392, 310.65
96.1503, 310.651
96.1734, 310.653
96.207, 310.656
96.23, 310.658
96.273, 310.662
96.332, 310.667
96.3337, 310.667
96.3671, 310.67
96.3835, 310.671
96.4136, 310.674
96.4498, 310.677
96.4751, 310.68
96.4854, 310.681
96.5131, 310.683
96.5161, 310.683
96.5285, 310.685
96.5445, 310.686
96.5778, 310.689
96.5874, 310.69
96.6072, 310.692
96.6485, 310.696
96.6915, 310.7
96.741, 310.705
96.7594, 310.706
96.8032, 310.711
96.8295, 310.713
96.866, 310.717
96.8771, 310.718
96.904, 310.721
96.9101, 310.721
96.9119, 310.721
96.9144, 310.722
96.9862, 310.729
97.0241, 310.733
97.0683, 310.737
97.0797, 310.738
97.0911, 310.739
97.128, 310.743
97.1443, 310.745
97.1786, 310.749
97.1913, 310.75
97.1937, 310.75
97.1979, 310.751
97.2361, 310.755
97.2483, 310.756
97.2585, 310.757
97.3009, 310.761
97.3148, 310.763
97.3181, 310.763
97.3813, 310.77
97.3845, 310.77
97.4336, 310.776
97.4341, 310.776
97.4725, 310.78
97.4753, 310.78
97.4947, 310.782
97.5133, 310.785
97.5198, 310.785
97.5422, 310.788
97.5584, 310.79
97.5677, 310.791
97.5979, 310.794
97.6125, 310.796
97.6177, 310.796
97.6318, 310.798
97.661, 310.801
97.6813, 310.804
97.7066, 310.806
97.7076, 310.807
97.7129, 310.807
97.7439, 310.811
97.8061, 310.818
97.8346, 310.821
97.8458, 310.823
97.8847, 310.827
97.9052, 310.83
97.9393, 310.834
97.9761, 310.838
97.9914, 310.84
98.0346, 310.845
98.0681, 310.85
98.1157, 310.856
98.1176, 310.856
98.1303, 310.857
98.1656, 310.862
98.1689, 310.862
98.1833, 310.864
98.2041, 310.867
98.2074, 310.867
98.2469, 310.872
98.2901, 310.878
98.2986, 310.879
98.3032, 310.879
98.3312, 310.883
98.3901, 310.891
98.3906, 310.891
98.3911, 310.891
98.4214, 310.895
98.4418, 310.897
98.485, 310.903
98.4942, 310.904
98.5317, 310.909
98.5402, 310.911
98.6212, 310.922
98.6402, 310.924
98.6915, 310.931
98.7056, 310.933
98.7556, 310.94
98.8566, 310.955
98.8895, 310.959
98.9163, 310.963
98.9467, 310.968
98.9861, 310.973
98.9954, 310.975
99.0307, 310.98
99.0468, 310.982
99.0717, 310.986
99.1065, 310.991
99.1187, 310.993
99.1381, 310.996
99.1649, 311
99.194, 311.004
99.2342, 311.011
99.2551, 311.014
99.3, 311.021
99.3311, 311.026
99.3392, 311.027
99.3829, 311.034
99.3917, 311.035
99.4501, 311.044
99.4587, 311.046
99.4713, 311.048
99.5029, 311.053
99.5208, 311.056
99.5439, 311.059
99.5564, 311.061
99.5839, 311.066
99.6074, 311.07
99.6126, 311.071
99.651, 311.077
99.6547, 311.078
99.6626, 311.079
99.6838, 311.082
99.7357, 311.091
99.7641, 311.096
99.7828, 311.099
99.8227, 311.106
99.8231, 311.106
99.8666, 311.113
99.8945, 311.118
99.8947, 311.118
99.9362, 311.125
99.9538, 311.128
100.009, 311.138
100.013, 311.139
100.042, 311.144
100.075, 311.15
100.097, 311.154
100.145, 311.162
100.174, 311.168
100.222, 311.177
100.26, 311.183
100.264, 311.184
100.322, 311.195
100.353, 311.201
100.365, 311.203
100.395, 311.209
100.398, 311.209
100.453, 311.22
100.483, 311.225
100.504, 311.229
100.54, 311.236
100.587, 311.245
100.594, 311.247
100.63, 311.254
100.661, 311.26
100.667, 311.261
100.679, 311.264
100.701, 311.268
100.714, 311.27
100.74, 311.275
100.753, 311.278
100.763, 311.28
100.794, 311.286
100.805, 311.289
100.871, 311.302
100.875, 311.303
100.924, 311.313
100.97, 311.322
100.974, 311.323
100.977, 311.324
101.028, 311.334
101.048, 311.339
101.083, 311.346
101.131, 311.356
101.161, 311.363
101.202, 311.371
101.215, 311.374
101.247, 311.381
101.294, 311.391
101.353, 311.404
101.358, 311.405
101.423, 311.419
101.431, 311.421
101.448, 311.425
101.493, 311.435
101.508, 311.438
101.566, 311.451
101.57, 311.452
101.622, 311.464
101.655, 311.471
101.67, 311.474
101.701, 311.482
101.71, 311.484
101.735, 311.489
101.808, 311.506
101.826, 311.51
101.859, 311.518
101.875, 311.522
101.906, 311.529
101.92, 311.532
101.934, 311.535
101.948, 311.539
101.969, 311.544
102.001, 311.551
102.037, 311.559
102.054, 311.563
102.091, 311.572
102.121, 311.579
102.147, 311.586
102.167, 311.59
102.208, 311.6
102.241, 311.608
102.257, 311.612
102.267, 311.614
102.3, 311.622
102.304, 311.623
102.34, 311.631
102.344, 311.632
102.385, 311.642
102.402, 311.646
102.426, 311.652
102.481, 311.665
102.481, 311.665
102.516, 311.674
102.52, 311.675
102.559, 311.684
102.569, 311.687
102.607, 311.696
102.623, 311.7
102.666, 311.71
102.687, 311.715
102.718, 311.723
102.757, 311.732
102.774, 311.736
102.779, 311.737
102.804, 311.744
102.829, 311.749
102.866, 311.759
102.886, 311.763
102.915, 311.77
102.969, 311.783
102.976, 311.785
102.991, 311.789
103.012, 311.794
103.024, 311.797
103.076, 311.809
103.096, 311.814
103.107, 311.817
103.178, 311.834
103.186, 311.836
103.203, 311.84
103.222, 311.844
103.231, 311.846
103.264, 311.854
103.307, 311.865
103.335, 311.871
103.351, 311.875
103.387, 311.884
103.406, 311.888
103.437, 311.895
103.47, 311.903
103.492, 311.908
103.517, 311.914
103.539, 311.919
103.573, 311.927
103.575, 311.927
103.598, 311.933
103.613, 311.936
103.614, 311.936
103.616, 311.937
103.68, 311.951
103.754, 311.968
103.762, 311.97
103.793, 311.977
103.805, 311.98
103.813, 311.981
103.838, 311.987
103.878, 311.996
103.885, 311.997
103.936, 312.008
103.972, 312.016
104.03, 312.029
104.04, 312.031
104.074, 312.038
104.088, 312.041
104.131, 312.05
104.139, 312.052
104.178, 312.06
104.226, 312.07
104.227, 312.071
104.229, 312.071
104.311, 312.088
104.326, 312.091
104.34, 312.094
104.358, 312.097
104.418, 312.109
104.44, 312.113
104.476, 312.12
104.479, 312.121
104.508, 312.126
104.567, 312.138
104.592, 312.143
104.606, 312.145
104.645, 312.152
104.678, 312.158
104.722, 312.167
104.745, 312.171
104.801, 312.181
104.829, 312.186
104.87, 312.193
104.871, 312.193
104.903, 312.198
104.928, 312.202
104.978, 312.211
104.989, 312.212
105.012, 312.216
105.03, 312.219
105.047, 312.222
105.071, 312.226
105.108, 312.231
105.151, 312.238
105.171, 312.241
105.21, 312.247
105.227, 312.249
105.244, 312.252
105.271, 312.256
105.316, 312.262
105.332, 312.264
105.381, 312.271
105.426, 312.278
105.442, 312.28
105.459, 312.282
105.47, 312.283
105.522, 312.29
105.554, 312.294
105.575, 312.297
105.603, 312.3
105.616, 312.302
105.648, 312.306
105.679, 312.309
105.702, 312.312
105.727, 312.315
105.751, 312.317
105.78, 312.32
105.841, 312.327
105.845, 312.328
105.907, 312.334
105.921, 312.335
105.948, 312.338
105.952, 312.338
105.961, 312.339
106.003, 312.343
106.017, 312.344
106.054, 312.348
106.093, 312.351
106.152, 312.356
106.157, 312.357
106.16, 312.357
106.22, 312.362
106.261, 312.365
106.294, 312.367
106.298, 312.367
106.308, 312.368
106.364, 312.372
106.407, 312.375
106.416, 312.375
106.443, 312.377
106.452, 312.377
106.457, 312.378
106.515, 312.381
106.545, 312.383
106.564, 312.384
106.604, 312.386
106.659, 312.388
106.668, 312.389
106.713, 312.391
106.724, 312.391
106.762, 312.393
106.781, 312.393
106.812, 312.394
106.85, 312.396
106.861, 312.396
106.862, 312.396
106.865, 312.396
106.896, 312.397
106.921, 312.398
106.942, 312.398
106.961, 312.399
107.001, 312.4
107.004, 312.4
107.063, 312.401
107.077, 312.401
107.117, 312.402
107.161, 312.402
107.195, 312.403
107.213, 312.403
107.246, 312.403
107.25, 312.403
107.272, 312.403
107.275, 312.403
107.301, 312.403
107.314, 312.403
107.36, 312.404
107.366, 312.404
107.408, 312.404
107.422, 312.403
107.453, 312.403
107.478, 312.403
107.485, 312.403
107.55, 312.403
107.579, 312.402
107.6, 312.402
107.64, 312.402
107.695, 312.401
107.701, 312.401
107.714, 312.401
107.736, 312.4
107.761, 312.4
107.802, 312.399
107.817, 312.398
107.842, 312.398
107.904, 312.396
107.932, 312.395
107.944, 312.395
107.955, 312.395
107.98, 312.394
108.004, 312.393
108.038, 312.392
108.056, 312.391
108.061, 312.391
108.11, 312.39
108.119, 312.389
108.141, 312.388
108.169, 312.388
108.239, 312.385
108.248, 312.385
108.25, 312.385
108.258, 312.384
108.302, 312.382
108.347, 312.381
108.351, 312.38
108.393, 312.379
108.401, 312.378
108.457, 312.376
108.459, 312.376
108.461, 312.376
108.527, 312.372
108.538, 312.372
108.562, 312.371
108.573, 312.37
108.578, 312.37
108.59, 312.369
108.626, 312.368
108.644, 312.367
108.662, 312.366
108.672, 312.366
108.736, 312.362
108.755, 312.361
108.787, 312.36
108.804, 312.359
108.847, 312.357
108.89, 312.355
108.923, 312.353
108.932, 312.352
108.998, 312.349
109.006, 312.349
109.031, 312.347
109.051, 312.346
109.086, 312.344
109.099, 312.344
109.111, 312.343
109.157, 312.341
109.179, 312.34
109.223, 312.338
109.253, 312.336
109.266, 312.335
109.308, 312.333
109.329, 312.332
109.345, 312.332
109.361, 312.331
109.384, 312.33
109.419, 312.328
109.431, 312.328
109.479, 312.326
109.494, 312.325
109.538, 312.323
109.544, 312.323
109.549, 312.323
109.589, 312.321
109.632, 312.319
109.643, 312.319
109.698, 312.317
109.699, 312.317
109.7, 312.317
109.772, 312.315
109.774, 312.315
109.816, 312.314
109.852, 312.313
109.87, 312.312
109.893, 312.312
109.902, 312.311
109.959, 312.311
110, 312.31
110.074, 312.245
110.144, 312.177
110.231, 312.116
110.264, 312.092
110.384, 312.044
110.499, 311.996
110.559, 311.98
110.795, 311.904
110.946, 311.854
111, 311.841


