X,T
8.47446e-17, 310.152
0.182524, 310.152
0.723643, 310.152
0.736512, 310.152
0.74771, 310.152
1.20112, 310.152
1.52755, 310.152
1.57637, 310.152
1.97515, 310.152
2.09802, 310.152
2.26211, 310.152
2.35213, 310.152
2.50275, 310.152
2.69309, 310.152
3.05585, 310.152
3.44419, 310.152
3.72177, 310.152
3.75056, 310.152
3.821, 310.152
3.95512, 310.152
4.37753, 310.152
4.39444, 310.152
4.40927, 310.152
4.82723, 310.152
4.94018, 310.152
5.12506, 310.152
5.41925, 310.152
5.63007, 310.152
5.88732, 310.152
5.97295, 310.152
6.0233, 310.152
6.16829, 310.152
6.29855, 310.152
6.74302, 310.152
7.06433, 310.152
7.15196, 310.152
7.19576, 310.152
7.38273, 310.152
7.51451, 310.153
7.99117, 310.153
8.10336, 310.153
8.30392, 310.153
8.68475, 310.153
8.78212, 310.153
9.07915, 310.153
9.27997, 310.153
9.3899, 310.153
9.67713, 310.153
10.0125, 310.153
10.0916, 310.153
10.1653, 310.153
10.7017, 310.153
10.7052, 310.153
10.7102, 310.153
10.7757, 310.153
10.8213, 310.153
11.5075, 310.153
11.5595, 310.153
11.8964, 310.153
12.0758, 310.153
12.2342, 310.153
12.5268, 310.153
12.7246, 310.153
12.8607, 310.153
12.8664, 310.153
13.0882, 310.153
13.2758, 310.153
13.5012, 310.153
13.7532, 310.154
13.7535, 310.154
14.1712, 310.154
14.5074, 310.154
14.6662, 310.154
15.1499, 310.154
15.2721, 310.154
15.3106, 310.154
15.436, 310.154
15.8346, 310.154
15.8729, 310.154
15.9649, 310.154
16.3517, 310.154
16.6594, 310.154
16.9023, 310.154
17.1618, 310.154
17.4418, 310.154
17.5689, 310.155
17.6776, 310.155
17.8764, 310.155
18.1466, 310.155
18.4087, 310.155
18.4787, 310.155
18.9221, 310.155
19.0346, 310.155
19.2309, 310.155
19.6049, 310.155
19.6553, 310.155
19.7174, 310.155
20.1187, 310.155
20.3373, 310.155
20.6761, 310.156
20.7367, 310.156
20.7703, 310.156
21.0343, 310.156
21.2539, 310.156
21.3729, 310.156
21.9317, 310.156
22.0234, 310.156
22.0544, 310.156
22.1604, 310.156
22.1998, 310.156
22.2192, 310.156
22.8707, 310.157
22.9069, 310.157
23.3329, 310.157
23.3672, 310.157
23.5351, 310.157
23.7099, 310.157
23.8839, 310.157
24.0333, 310.157
24.0669, 310.157
24.7251, 310.157
24.7486, 310.157
24.8898, 310.158
25.2577, 310.158
25.3768, 310.158
25.4993, 310.158
25.5248, 310.158
25.5298, 310.158
25.6051, 310.158
26.119, 310.158
26.2719, 310.158
26.5388, 310.159
26.7924, 310.159
26.9383, 310.159
27.1374, 310.159
27.411, 310.159
27.5555, 310.159
27.7429, 310.159
27.9868, 310.16
28.0039, 310.16
28.3337, 310.16
28.4387, 310.16
28.58, 310.16
28.735, 310.16
29.1119, 310.16
29.451, 310.161
29.7542, 310.161
29.9556, 310.161
30.1337, 310.161
30.5657, 310.162
30.8387, 310.162
30.9353, 310.162
30.9866, 310.162
31.3518, 310.162
31.4656, 310.162
31.6915, 310.163
31.804, 310.163
31.9465, 310.163
32.4784, 310.164
32.5077, 310.164
32.5335, 310.164
32.8035, 310.164
33.4502, 310.165
33.621, 310.165
33.6885, 310.165
33.8002, 310.165
33.9451, 310.165
34.3283, 310.166
34.4292, 310.166
34.4698, 310.166
34.6079, 310.166
34.8858, 310.166
34.9972, 310.167
35.2651, 310.167
35.5303, 310.167
35.5477, 310.167
35.8964, 310.168
35.9767, 310.168
36.2621, 310.168
36.3024, 310.169
36.3329, 310.169
36.6226, 310.169
36.7427, 310.169
37.0419, 310.17
37.4728, 310.171
37.8111, 310.171
38.1248, 310.172
38.1369, 310.172
38.1552, 310.172
38.229, 310.172
38.3305, 310.172
39.0482, 310.174
39.1134, 310.174
39.2645, 310.174
39.7302, 310.175
39.8814, 310.176
39.9291, 310.176
39.9513, 310.176
39.9997, 310.176
40.2586, 310.177
40.6899, 310.178
41.1195, 310.179
41.2854, 310.18
41.286, 310.18
41.2865, 310.18
41.2869, 310.18
41.2895, 310.18
41.5397, 310.18
42.1936, 310.182
42.348, 310.183
42.583, 310.184
42.8302, 310.185
43.1099, 310.186
43.2163, 310.186
43.6636, 310.188
43.9444, 310.189
44.2124, 310.19
44.3702, 310.191
44.6532, 310.192
45.0122, 310.194
45.0571, 310.194
45.1659, 310.195
45.3414, 310.196
45.8356, 310.198
45.866, 310.198
46.0328, 310.199
46.4328, 310.202
46.4342, 310.202
46.7557, 310.204
46.9945, 310.206
47.2448, 310.207
47.592, 310.21
47.8553, 310.212
48.3269, 310.216
48.3518, 310.216
48.3582, 310.216
48.3669, 310.216
48.4045, 310.216
48.7876, 310.22
49.0888, 310.223
49.328, 310.225
49.3981, 310.226
49.5065, 310.227
50.0298, 310.233
50.1995, 310.235
50.6625, 310.241
50.6929, 310.242
51.0723, 310.247
51.2157, 310.249
51.3753, 310.251
51.6348, 310.255
51.9989, 310.261
52.0944, 310.263
52.2958, 310.267
52.772, 310.275
52.8944, 310.278
53.1428, 310.283
53.3678, 310.288
53.4779, 310.291
53.6524, 310.295
53.6809, 310.296
54.0998, 310.307
54.442, 310.315
54.9062, 310.33
55.1194, 310.337
55.154, 310.338
55.1844, 310.339
55.2173, 310.34
55.5441, 310.352
55.5924, 310.354
55.9001, 310.365
56.0322, 310.37
56.5745, 310.398
56.7532, 310.406
56.7687, 310.407
56.8709, 310.413
57.3531, 310.44
57.5776, 310.457
57.5996, 310.458
57.6537, 310.463
57.7937, 310.474
57.8634, 310.481
57.8976, 310.485
58, 310.495
58.0791, 310.496
58.1083, 310.496
58.1406, 310.496
58.1489, 310.496
58.1966, 310.496
58.2022, 310.496
58.2204, 310.496
58.2398, 310.496
58.3159, 310.496
58.3231, 310.496
58.3352, 310.496
58.3865, 310.496
58.4398, 310.496
58.4468, 310.496
58.4582, 310.496
58.4959, 310.496
58.5357, 310.497
58.5495, 310.497
58.5645, 310.497
58.5898, 310.497
58.608, 310.497
58.6237, 310.497
58.6411, 310.497
58.684, 310.497
58.6866, 310.497
58.7292, 310.497
58.7553, 310.497
58.756, 310.497
58.8109, 310.497
58.8396, 310.497
58.8704, 310.497
58.8804, 310.498
58.9429, 310.498
58.9578, 310.498
59.0355, 310.498
59.0435, 310.498
59.0848, 310.498
59.1098, 310.498
59.147, 310.498
59.1719, 310.498
59.1874, 310.498
59.1989, 310.498
59.2198, 310.499
59.2273, 310.499
59.2897, 310.499
59.3239, 310.499
59.328, 310.499
59.34, 310.499
59.3432, 310.499
59.3751, 310.499
59.3933, 310.499
59.4184, 310.499
59.4531, 310.499
59.4582, 310.499
59.4751, 310.499
59.4982, 310.499
59.501, 310.499
59.5431, 310.499
59.5989, 310.5
59.5993, 310.5
59.6263, 310.5
59.6463, 310.5
59.679, 310.5
59.6872, 310.5
59.7159, 310.5
59.7259, 310.5
59.7289, 310.5
59.7457, 310.5
59.7772, 310.5
59.7929, 310.5
59.8126, 310.5
59.8365, 310.5
59.8502, 310.5
59.8831, 310.5
59.9024, 310.5
59.9332, 310.501
59.9535, 310.501
59.9851, 310.501
60.0089, 310.501
60.0282, 310.501
60.0854, 310.501
60.0997, 310.501
60.1221, 310.501
60.1481, 310.501
60.1809, 310.501
60.2008, 310.501
60.2161, 310.501
60.2559, 310.501
60.2986, 310.502
60.343, 310.502
60.3637, 310.502
60.3866, 310.502
60.4335, 310.502
60.4367, 310.502
60.4953, 310.502
60.5035, 310.502
60.5161, 310.502
60.5998, 310.502
60.6052, 310.502
60.6105, 310.502
60.6711, 310.503
60.6895, 310.503
60.7255, 310.503
60.7385, 310.503
60.7677, 310.503
60.7773, 310.503
60.7831, 310.503
60.8159, 310.503
60.8625, 310.503
60.8822, 310.503
60.9318, 310.503
60.9446, 310.503
60.9543, 310.503
60.9684, 310.503
61.0548, 310.503
61.0594, 310.503
61.066, 310.503
61.1042, 310.504
61.1444, 310.504
61.1574, 310.504
61.2175, 310.504
61.2542, 310.504
61.2693, 310.504
61.3016, 310.504
61.3063, 310.504
61.3203, 310.504
61.3615, 310.504
61.3643, 310.504
61.3864, 310.504
61.4308, 310.504
61.4648, 310.504
61.4847, 310.504
61.5385, 310.505
61.5516, 310.505
61.5875, 310.505
61.6061, 310.505
61.6398, 310.505
61.6775, 310.505
61.6883, 310.505
61.7331, 310.505
61.7334, 310.505
61.7723, 310.505
61.7876, 310.505
61.8197, 310.505
61.831, 310.505
61.8646, 310.505
61.8934, 310.505
61.9014, 310.505
61.9442, 310.505
61.9631, 310.506
61.9896, 310.506
62.0512, 310.506
62.0598, 310.506
62.0813, 310.506
62.112, 310.506
62.1375, 310.506
62.1829, 310.506
62.1859, 310.506
62.1942, 310.506
62.2305, 310.506
62.252, 310.506
62.2733, 310.506
62.3181, 310.506
62.3404, 310.506
62.36, 310.506
62.3838, 310.506
62.4379, 310.506
62.4559, 310.507
62.5121, 310.507
62.5312, 310.507
62.612, 310.507
62.6183, 310.507
62.625, 310.507
62.6526, 310.507
62.6712, 310.507
62.6968, 310.507
62.712, 310.507
62.7185, 310.507
62.722, 310.507
62.7414, 310.507
62.8073, 310.507
62.8104, 310.507
62.824, 310.507
62.8568, 310.507
62.8713, 310.507
62.9053, 310.507
62.913, 310.507
62.9402, 310.507
62.9523, 310.507
62.9793, 310.507
63.0013, 310.508
63.0032, 310.508
63.0646, 310.508
63.073, 310.508
63.1158, 310.508
63.1655, 310.508
63.1667, 310.508
63.1671, 310.508
63.1689, 310.508
63.2655, 310.508
63.2746, 310.508
63.2763, 310.508
63.2827, 310.508
63.3253, 310.508
63.3788, 310.508
63.3875, 310.508
63.3893, 310.508
63.4593, 310.508
63.4606, 310.508
63.4642, 310.508
63.5017, 310.508
63.5172, 310.508
63.5542, 310.508
63.5586, 310.508
63.5918, 310.508
63.606, 310.508
63.6535, 310.509
63.6778, 310.509
63.7118, 310.509
63.7344, 310.509
63.7794, 310.509
63.8182, 310.509
63.842, 310.509
63.8869, 310.509
63.9014, 310.509
63.9498, 310.509
63.9919, 310.509
63.9956, 310.509
64.0036, 310.509
64.041, 310.509
64.0447, 310.509
64.0812, 310.509
64.0857, 310.509
64.0879, 310.509
64.1285, 310.509
64.1334, 310.509
64.1591, 310.509
64.2048, 310.509
64.2342, 310.509
64.2596, 310.509
64.2882, 310.509
64.2931, 310.509
64.3009, 310.509
64.3767, 310.51
64.3828, 310.51
64.3849, 310.51
64.3885, 310.51
64.4027, 310.51
64.4789, 310.51
64.4983, 310.51
64.5207, 310.51
64.5358, 310.51
64.5788, 310.51
64.6109, 310.51
64.6216, 310.51
64.6308, 310.51
64.6894, 310.51
64.6923, 310.51
64.7119, 310.51
64.7616, 310.51
64.7667, 310.51
64.787, 310.51
64.8075, 310.51
64.8242, 310.51
64.8735, 310.51
64.8805, 310.51
64.8831, 310.51
64.8939, 310.51
64.9204, 310.51
64.94, 310.51
64.978, 310.51
65.0289, 310.51
65.047, 310.51
65.0843, 310.51
65.0954, 310.51
65.1607, 310.51
65.1798, 310.51
65.2255, 310.51
65.2455, 310.511
65.2749, 310.511
65.2914, 310.511
65.3349, 310.511
65.3405, 310.511
65.3735, 310.511
65.3888, 310.511
65.417, 310.511
65.4425, 310.511
65.4771, 310.511
65.4897, 310.511
65.5386, 310.511
65.5415, 310.511
65.5958, 310.511
65.5967, 310.511
65.5984, 310.511
65.659, 310.511
65.6643, 310.511
65.7149, 310.511
65.7197, 310.511
65.7785, 310.511
65.7936, 310.511
65.8146, 310.511
65.8549, 310.511
65.8675, 310.511
65.8882, 310.511
65.9098, 310.511
65.9163, 310.511
65.9366, 310.511
65.9868, 310.511
65.9874, 310.511
65.9886, 310.511
65.9918, 310.511
66.0597, 310.511
66.0753, 310.511
66.1119, 310.511
66.127, 310.511
66.1533, 310.511
66.1935, 310.511
66.2084, 310.511
66.2147, 310.511
66.2339, 310.511
66.2681, 310.511
66.2799, 310.511
66.3118, 310.511
66.3349, 310.511
66.3459, 310.511
66.3485, 310.511
66.4064, 310.511
66.4157, 310.511
66.4255, 310.511
66.4738, 310.511
66.5355, 310.512
66.5438, 310.512
66.5811, 310.512
66.6211, 310.512
66.6339, 310.512
66.667, 310.512
66.6878, 310.512
66.6976, 310.512
66.737, 310.512
66.7655, 310.512
66.7977, 310.512
66.8133, 310.512
66.8414, 310.512
66.8845, 310.512
66.9154, 310.512
66.934, 310.512
66.9591, 310.512
66.973, 310.512
67.0079, 310.512
67.0325, 310.512
67.0571, 310.512
67.0858, 310.512
67.0983, 310.512
67.1032, 310.512
67.115, 310.512
67.1516, 310.512
67.2023, 310.512
67.2207, 310.512
67.2295, 310.512
67.2701, 310.512
67.3069, 310.512
67.3333, 310.512
67.3533, 310.512
67.3737, 310.512
67.4155, 310.512
67.4306, 310.512
67.4869, 310.512
67.5026, 310.512
67.5104, 310.512
67.5461, 310.512
67.6071, 310.512
67.6106, 310.512
67.652, 310.512
67.671, 310.512
67.6931, 310.512
67.7207, 310.512
67.7443, 310.512
67.7755, 310.512
67.8167, 310.512
67.8565, 310.512
67.8665, 310.512
67.8706, 310.512
67.9448, 310.512
67.9461, 310.512
67.955, 310.512
67.9944, 310.512
68.028, 310.512
68.0369, 310.512
68.0387, 310.512
68.0637, 310.512
68.0725, 310.512
68.0811, 310.512
68.1444, 310.512
68.1588, 310.512
68.1966, 310.512
68.2182, 310.512
68.2209, 310.512
68.2689, 310.512
68.2751, 310.512
68.3203, 310.512
68.3557, 310.512
68.3587, 310.512
68.36, 310.512
68.4266, 310.512
68.4487, 310.512
68.4625, 310.512
68.4701, 310.512
68.4744, 310.512
68.4882, 310.512
68.5644, 310.512
68.5808, 310.512
68.5906, 310.512
68.6389, 310.512
68.6662, 310.512
68.7101, 310.512
68.7287, 310.512
68.7816, 310.512
68.803, 310.512
68.8495, 310.512
68.9152, 310.512
68.9173, 310.512
68.9184, 310.512
68.9636, 310.512
68.9744, 310.512
68.9959, 310.512
69.0377, 310.512
69.0523, 310.512
69.0964, 310.512
69.1037, 310.512
69.1137, 310.512
69.162, 310.512
69.1799, 310.512
69.2077, 310.512
69.2315, 310.512
69.2516, 310.512
69.2785, 310.512
69.3084, 310.512
69.331, 310.512
69.3492, 310.512
69.4021, 310.512
69.4104, 310.512
69.4726, 310.512
69.5051, 310.512
69.5293, 310.512
69.5345, 310.512
69.5771, 310.512
69.6364, 310.512
69.6507, 310.512
69.6701, 310.512
69.6781, 310.512
69.7073, 310.512
69.742, 310.512
69.7686, 310.512
69.8199, 310.512
69.8361, 310.512
69.8412, 310.512
69.8965, 310.512
69.9219, 310.512
69.9476, 310.512
69.9579, 310.512
70.0131, 310.512
70.039, 310.512
70.1029, 310.512
70.1111, 310.512
70.1531, 310.512
70.188, 310.512
70.2191, 310.512
70.2943, 310.512
70.315, 310.512
70.3512, 310.512
70.3991, 310.512
70.3998, 310.512
70.4004, 310.512
70.4016, 310.512
70.4836, 310.512
70.5343, 310.512
70.5447, 310.512
70.5855, 310.512
70.6406, 310.512
70.6426, 310.512
70.643, 310.512
70.644, 310.512
70.6945, 310.512
70.7312, 310.512
70.7424, 310.512
70.7489, 310.512
70.777, 310.512
70.8134, 310.512
70.8308, 310.512
70.8822, 310.512
70.9338, 310.512
70.934, 310.512
70.9341, 310.512
70.9343, 310.512
70.9691, 310.512
70.9951, 310.512
71.0127, 310.512
71.0526, 310.512
71.0717, 310.512
71.1228, 310.512
71.1339, 310.512
71.1871, 310.512
71.2004, 310.512
71.2257, 310.512
71.2302, 310.512
71.2493, 310.512
71.2865, 310.512
71.3059, 310.512
71.3309, 310.512
71.3327, 310.512
71.3926, 310.511
71.4018, 310.511
71.4376, 310.511
71.4494, 310.511
71.4668, 310.511
71.5021, 310.511
71.5378, 310.511
71.5844, 310.511
71.6051, 310.511
71.6514, 310.511
71.6623, 310.511
71.6919, 310.511
71.7081, 310.511
71.7246, 310.511
71.7481, 310.511
71.8058, 310.511
71.8084, 310.511
71.8085, 310.511
71.8491, 310.511
71.8863, 310.511
71.9441, 310.511
71.9509, 310.511
71.96, 310.511
71.9912, 310.511
72.0042, 310.511
72.0254, 310.511
72.0433, 310.511
72.0494, 310.511
72.107, 310.511
72.1167, 310.511
72.1614, 310.511
72.1634, 310.511
72.1765, 310.511
72.1777, 310.511
72.2326, 310.511
72.2382, 310.511
72.2601, 310.511
72.2728, 310.511
72.2944, 310.511
72.32, 310.511
72.3456, 310.511
72.3654, 310.511
72.3786, 310.511
72.3943, 310.511
72.4748, 310.511
72.5158, 310.511
72.533, 310.511
72.5758, 310.511
72.6172, 310.511
72.6489, 310.511
72.6927, 310.511
72.727, 310.511
72.732, 310.511
72.7934, 310.511
72.8108, 310.511
72.8503, 310.511
72.8914, 310.511
72.8944, 310.511
72.8978, 310.511
72.9814, 310.51
72.982, 310.51
73.0244, 310.51
73.0281, 310.51
73.0706, 310.51
73.1007, 310.51
73.1143, 310.51
73.1196, 310.51
73.1785, 310.51
73.2162, 310.51
73.2168, 310.51
73.2181, 310.51
73.252, 310.51
73.2588, 310.51
73.2712, 310.51
73.3543, 310.51
73.3754, 310.51
73.4085, 310.51
73.4194, 310.51
73.451, 310.51
73.4717, 310.51
73.5178, 310.51
73.5347, 310.51
73.5456, 310.51
73.5601, 310.51
73.5735, 310.51
73.6026, 310.51
73.6138, 310.51
73.6266, 310.51
73.6458, 310.51
73.6994, 310.51
73.7325, 310.51
73.7675, 310.51
73.7946, 310.51
73.8065, 310.51
73.841, 310.51
73.8764, 310.51
73.8794, 310.51
73.9396, 310.51
73.9593, 310.51
73.9865, 310.51
74.0051, 310.51
74.0333, 310.51
74.0546, 310.51
74.0725, 310.51
74.109, 310.51
74.1289, 310.509
74.1445, 310.509
74.1602, 310.509
74.1772, 310.509
74.1927, 310.509
74.2389, 310.509
74.279, 310.509
74.2851, 310.509
74.2905, 310.509
74.3004, 310.509
74.3242, 310.509
74.3412, 310.509
74.3922, 310.509
74.4039, 310.509
74.4258, 310.509
74.4708, 310.509
74.4874, 310.509
74.5027, 310.509
74.5127, 310.509
74.5528, 310.509
74.5683, 310.509
74.5703, 310.509
74.6162, 310.509
74.6404, 310.509
74.6545, 310.509
74.7078, 310.509
74.7721, 310.509
74.7792, 310.509
74.8071, 310.509
74.8275, 310.509
74.8691, 310.509
74.8809, 310.509
74.8827, 310.509
74.937, 310.509
74.9404, 310.509
74.9939, 310.509
75.0204, 310.509
75.0454, 310.509
75.0817, 310.509
75.0984, 310.509
75.1468, 310.508
75.151, 310.508
75.1645, 310.508
75.1941, 310.508
75.2095, 310.508
75.2411, 310.508
75.2616, 310.508
75.2839, 310.508
75.3025, 310.508
75.3607, 310.508
75.3821, 310.508
75.4054, 310.508
75.4387, 310.508
75.4501, 310.508
75.453, 310.508
75.5078, 310.508
75.5109, 310.508
75.5132, 310.508
75.5649, 310.508
75.5766, 310.508
75.623, 310.508
75.6798, 310.508
75.7196, 310.508
75.7684, 310.508
75.7802, 310.508
75.7817, 310.508
75.8305, 310.508
75.8345, 310.508
75.8801, 310.508
75.9007, 310.508
75.9359, 310.508
76.0155, 310.507
76.03, 310.507
76.0361, 310.507
76.0466, 310.507
76.0805, 310.507
76.1014, 310.507
76.1157, 310.507
76.1406, 310.507
76.1499, 310.507
76.1839, 310.507
76.2627, 310.507
76.2786, 310.507
76.2944, 310.507
76.3142, 310.507
76.3258, 310.507
76.3614, 310.507
76.3743, 310.507
76.4131, 310.507
76.4717, 310.507
76.4965, 310.507
76.5187, 310.507
76.55, 310.507
76.6031, 310.507
76.6389, 310.507
76.6534, 310.507
76.6554, 310.507
76.7009, 310.507
76.7589, 310.507
76.7595, 310.507
76.7603, 310.507
76.8403, 310.506
76.8458, 310.506
76.8535, 310.506
76.8966, 310.506
76.9212, 310.506
76.9607, 310.506
76.9615, 310.506
76.9636, 310.506
77.0142, 310.506
77.0707, 310.506
77.1185, 310.506
77.1215, 310.506
77.1268, 310.506
77.2076, 310.506
77.2116, 310.506
77.2128, 310.506
77.2139, 310.506
77.2552, 310.506
77.3009, 310.506
77.3339, 310.506
77.3426, 310.506
77.3487, 310.506
77.3888, 310.506
77.4322, 310.506
77.4683, 310.506
77.4821, 310.506
77.4999, 310.506
77.5243, 310.506
77.6017, 310.505
77.626, 310.505
77.656, 310.505
77.6608, 310.505
77.6906, 310.505
77.7024, 310.505
77.7265, 310.505
77.7615, 310.505
77.8243, 310.505
77.8292, 310.505
77.8295, 310.505
77.83, 310.505
77.8348, 310.505
77.8932, 310.505
77.9433, 310.505
77.9545, 310.505
77.9893, 310.505
78.0111, 310.505
78.0257, 310.505
78.0472, 310.505
78.0612, 310.505
78.0781, 310.505
78.0965, 310.505
78.111, 310.505
78.1213, 310.505
78.1324, 310.505
78.1623, 310.505
78.2246, 310.505
78.2312, 310.505
78.2517, 310.505
78.2625, 310.505
78.2794, 310.505
78.3206, 310.504
78.3313, 310.504
78.3525, 310.504
78.3605, 310.504
78.3946, 310.504
78.4255, 310.504
78.4357, 310.504
78.4667, 310.504
78.5079, 310.504
78.5762, 310.504
78.5778, 310.504
78.6243, 310.504
78.6786, 310.504
78.6903, 310.504
78.7329, 310.504
78.7561, 310.504
78.786, 310.504
78.83, 310.504
78.8312, 310.504
78.8481, 310.504
78.882, 310.504
78.9068, 310.504
78.9228, 310.504
78.9633, 310.504
78.9732, 310.504
78.9854, 310.504
79.0154, 310.503
79.0291, 310.503
79.0833, 310.503
79.1068, 310.503
79.1126, 310.503
79.1501, 310.503
79.1717, 310.503
79.1914, 310.503
79.2101, 310.503
79.2368, 310.503
79.2667, 310.503
79.2827, 310.503
79.2923, 310.503
79.3477, 310.503
79.3766, 310.503
79.3793, 310.503
79.3962, 310.503
79.4219, 310.503
79.4255, 310.503
79.4591, 310.503
79.4864, 310.503
79.5373, 310.503
79.5621, 310.503
79.5893, 310.503
79.6191, 310.503
79.6375, 310.503
79.6985, 310.502
79.7011, 310.502
79.7096, 310.502
79.7239, 310.502
79.7401, 310.502
79.7477, 310.502
79.7573, 310.502
79.8036, 310.502
79.8493, 310.502
79.8539, 310.502
79.8577, 310.502
79.9009, 310.502
79.9224, 310.502
79.9439, 310.502
79.9581, 310.502
80.0015, 310.502
80.0336, 310.502
80.0664, 310.502
80.0676, 310.502
80.1176, 310.502
80.1234, 310.502
80.1329, 310.502
80.1652, 310.502
80.1789, 310.502
80.2447, 310.502
80.254, 310.502
80.3118, 310.501
80.3393, 310.501
80.362, 310.501
80.4245, 310.501
80.4291, 310.501
80.4819, 310.501
80.5043, 310.501
80.5253, 310.501
80.5725, 310.501
80.584, 310.501
80.6187, 310.501
80.6508, 310.501
80.6822, 310.501
80.6948, 310.501
80.7015, 310.501
80.7331, 310.501
80.7611, 310.501
80.8089, 310.501
80.8091, 310.501
80.8094, 310.501
80.8107, 310.501
80.8514, 310.501
80.8586, 310.501
80.8733, 310.501
80.9235, 310.5
80.9412, 310.5
80.9707, 310.5
80.9976, 310.5
81.017, 310.5
81.0289, 310.5
81.0898, 310.5
81.0961, 310.5
81.0996, 310.5
81.1308, 310.5
81.1497, 310.5
81.2038, 310.5
81.2363, 310.5
81.2415, 310.5
81.2456, 310.5
81.2591, 310.5
81.3083, 310.5
81.3694, 310.5
81.3978, 310.5
81.4338, 310.5
81.4477, 310.5
81.4925, 310.5
81.4959, 310.499
81.5296, 310.499
81.557, 310.499
81.5635, 310.499
81.6005, 310.499
81.6307, 310.499
81.6333, 310.499
81.6722, 310.499
81.6737, 310.499
81.7397, 310.499
81.7425, 310.499
81.7765, 310.499
81.8074, 310.499
81.8129, 310.499
81.8184, 310.499
81.857, 310.499
81.8856, 310.499
81.8903, 310.499
81.9225, 310.499
81.9516, 310.499
81.9778, 310.499
82.018, 310.499
82.0263, 310.499
82.0511, 310.499
82.0517, 310.499
82.054, 310.499
82.097, 310.498
82.12, 310.498
82.1365, 310.498
82.1616, 310.498
82.1859, 310.498
82.2219, 310.498
82.2292, 310.498
82.2345, 310.498
82.2866, 310.498
82.3531, 310.498
82.3999, 310.498
82.4131, 310.498
82.4544, 310.498
82.4871, 310.498
82.5213, 310.498
82.5388, 310.498
82.5748, 310.498
82.6088, 310.498
82.6453, 310.497
82.6936, 310.497
82.7447, 310.497
82.7472, 310.497
82.7516, 310.497
82.7892, 310.497
82.8215, 310.497
82.8487, 310.497
82.8712, 310.497
82.8854, 310.497
82.9007, 310.497
82.9491, 310.497
83.0054, 310.497
83.0321, 310.497
83.0725, 310.497
83.126, 310.497
83.1488, 310.497
83.1562, 310.497
83.2006, 310.496
83.2382, 310.496
83.2711, 310.496
83.3012, 310.496
83.3409, 310.496
83.3547, 310.496
83.3836, 310.496
83.4297, 310.496
83.4479, 310.496
83.4839, 310.496
83.4852, 310.496
83.5292, 310.496
83.5901, 310.496
83.623, 310.496
83.6306, 310.496
83.6363, 310.496
83.6385, 310.496
83.6523, 310.496
83.7187, 310.496
83.7476, 310.495
83.7582, 310.495
83.7792, 310.495
83.7836, 310.495
83.7869, 310.495
83.8186, 310.495
83.8323, 310.495
83.8544, 310.495
83.8824, 310.495
83.8915, 310.495
83.9057, 310.495
83.9373, 310.495
83.9485, 310.495
84.0027, 310.495
84.0352, 310.495
84.0554, 310.495
84.068, 310.495
84.098, 310.495
84.1129, 310.495
84.1589, 310.495
84.1974, 310.495
84.2188, 310.495
84.2367, 310.495
84.301, 310.494
84.3172, 310.494
84.349, 310.494
84.383, 310.494
84.4095, 310.494
84.4579, 310.494
84.5227, 310.494
84.5457, 310.494
84.5763, 310.494
84.5934, 310.494
84.6203, 310.494
84.6441, 310.494
84.7099, 310.494
84.766, 310.494
84.7703, 310.494
84.7743, 310.494
84.7781, 310.494
84.8397, 310.493
84.8736, 310.493
84.9006, 310.493
84.9118, 310.493
84.9723, 310.493
85.0347, 310.493
85.0721, 310.493
85.0902, 310.493
85.1245, 310.493
85.1295, 310.493
85.1822, 310.493
85.2012, 310.493
85.2259, 310.493
85.271, 310.493
85.2711, 310.493
85.2715, 310.493
85.319, 310.492
85.3248, 310.492
85.3924, 310.492
85.3989, 310.492
85.4433, 310.492
85.4489, 310.492
85.533, 310.492
85.5462, 310.492
85.6017, 310.492
85.6317, 310.492
85.6464, 310.492
85.6995, 310.492
85.7461, 310.492
85.7537, 310.492
85.7814, 310.492
85.8127, 310.491
85.844, 310.491
85.873, 310.491
85.8757, 310.491
85.9148, 310.491
85.9152, 310.491
85.9464, 310.491
85.9941, 310.491
86.0151, 310.491
86.0275, 310.491
86.0657, 310.491
86.0762, 310.491
86.1133, 310.491
86.1517, 310.491
86.1966, 310.491
86.2022, 310.491
86.2584, 310.491
86.2595, 310.491
86.299, 310.491
86.3245, 310.49
86.3508, 310.49
86.3864, 310.49
86.3897, 310.49
86.3938, 310.49
86.4321, 310.49
86.4543, 310.49
86.4832, 310.49
86.5195, 310.49
86.5407, 310.49
86.5784, 310.49
86.5888, 310.49
86.6092, 310.49
86.6271, 310.49
86.6386, 310.49
86.6518, 310.49
86.6883, 310.49
86.7209, 310.49
86.741, 310.49
86.7922, 310.489
86.8068, 310.489
86.8372, 310.489
86.8628, 310.489
86.8913, 310.489
86.9022, 310.489
86.922, 310.489
86.9357, 310.489
87.0258, 310.489
87.0292, 310.489
87.0394, 310.489
87.0522, 310.489
87.0795, 310.489
87.0831, 310.489
87.1238, 310.489
87.1404, 310.489
87.1417, 310.489
87.1457, 310.489
87.2003, 310.489
87.2093, 310.489
87.2234, 310.489
87.2344, 310.489
87.2804, 310.488
87.3018, 310.488
87.3211, 310.488
87.3358, 310.488
87.3782, 310.488
87.3912, 310.488
87.3989, 310.488
87.4252, 310.488
87.4785, 310.488
87.4845, 310.488
87.4988, 310.488
87.5206, 310.488
87.5646, 310.488
87.5963, 310.488
87.6271, 310.488
87.6682, 310.488
87.6733, 310.488
87.6749, 310.488
87.6781, 310.488
87.6948, 310.488
87.7338, 310.488
87.7482, 310.488
87.7961, 310.487
87.8471, 310.487
87.8577, 310.487
87.908, 310.487
87.9175, 310.487
87.9683, 310.487
87.9733, 310.487
87.9889, 310.487
88.0175, 310.487
88.0332, 310.487
88.0563, 310.487
88.0766, 310.487
88.1298, 310.487
88.1548, 310.487
88.1651, 310.487
88.202, 310.487
88.2214, 310.487
88.2504, 310.486
88.2532, 310.486
88.256, 310.486
88.2986, 310.486
88.3155, 310.486
88.3574, 310.486
88.3795, 310.486
88.4036, 310.486
88.4242, 310.486
88.4417, 310.486
88.4605, 310.486
88.4695, 310.486
88.4962, 310.486
88.5456, 310.486
88.5676, 310.486
88.592, 310.486
88.6143, 310.486
88.6522, 310.486
88.6533, 310.486
88.6539, 310.486
88.7001, 310.485
88.7034, 310.485
88.7315, 310.485
88.7651, 310.485
88.778, 310.485
88.8033, 310.485
88.8296, 310.485
88.859, 310.485
88.9075, 310.485
88.9145, 310.485
88.9555, 310.485
88.9647, 310.485
88.9957, 310.485
89.048, 310.485
89.075, 310.485
89.1227, 310.485
89.1756, 310.484
89.1798, 310.484
89.2194, 310.484
89.2313, 310.484
89.2539, 310.484
89.2717, 310.484
89.2972, 310.484
89.3122, 310.484
89.3342, 310.484
89.3599, 310.484
89.3859, 310.484
89.4211, 310.484
89.4748, 310.484
89.485, 310.484
89.5051, 310.484
89.5697, 310.484
89.5751, 310.484
89.5824, 310.484
89.6246, 310.483
89.653, 310.483
89.6638, 310.483
89.6975, 310.483
89.6988, 310.483
89.7061, 310.483
89.7596, 310.483
89.7652, 310.483
89.8017, 310.483
89.8134, 310.483
89.8434, 310.483
89.8662, 310.483
89.9147, 310.483
89.9246, 310.483
89.9555, 310.483
89.9653, 310.483
90.0242, 310.483
90.0252, 310.483
90.0255, 310.483
90.0265, 310.483
90.0637, 310.482
90.1112, 310.482
90.1418, 310.482
90.1651, 310.482
90.1977, 310.482
90.2126, 310.482
90.2383, 310.482
90.2609, 310.482
90.271, 310.482
90.2836, 310.482
90.3332, 310.482
90.3726, 310.482
90.4122, 310.482
90.4291, 310.482
90.4521, 310.482
90.476, 310.482
90.5213, 310.481
90.5216, 310.481
90.5221, 310.481
90.5752, 310.481
90.5981, 310.481
90.6433, 310.481
90.6776, 310.481
90.6971, 310.481
90.7337, 310.481
90.7923, 310.481
90.7949, 310.481
90.8583, 310.481
90.8765, 310.481
90.8943, 310.481
90.8985, 310.481
90.9157, 310.481
90.9389, 310.481
90.9602, 310.48
90.9691, 310.48
91.0051, 310.48
91.015, 310.48
91.0553, 310.48
91.0974, 310.48
91.1232, 310.48
91.1285, 310.48
91.1748, 310.48
91.192, 310.48
91.2352, 310.48
91.292, 310.48
91.3064, 310.48
91.3462, 310.48
91.4099, 310.479
91.4504, 310.479
91.4582, 310.479
91.5162, 310.479
91.54, 310.479
91.5739, 310.479
91.5818, 310.479
91.5866, 310.479
91.6331, 310.479
91.6371, 310.479
91.6858, 310.479
91.6859, 310.479
91.6862, 310.479
91.6863, 310.479
91.7758, 310.479
91.784, 310.479
91.7901, 310.479
91.8368, 310.478
91.8505, 310.478
91.8935, 310.478
91.9195, 310.478
91.9383, 310.478
91.9684, 310.478
91.9817, 310.478
92.002, 310.478
92.0242, 310.478
92.0383, 310.478
92.0573, 310.478
92.1147, 310.478
92.1405, 310.478
92.1801, 310.478
92.2053, 310.478
92.2533, 310.477
92.2614, 310.477
92.2702, 310.477
92.2971, 310.477
92.3321, 310.477
92.3635, 310.477
92.3838, 310.477
92.4381, 310.477
92.4671, 310.477
92.4948, 310.477
92.5173, 310.477
92.5473, 310.477
92.5707, 310.477
92.5906, 310.477
92.6213, 310.477
92.6751, 310.476
92.6983, 310.476
92.7286, 310.476
92.7456, 310.476
92.763, 310.476
92.8039, 310.476
92.8082, 310.476
92.8314, 310.476
92.8375, 310.476
92.86, 310.476
92.8835, 310.476
92.8848, 310.476
92.9254, 310.476
92.9439, 310.476
92.9547, 310.476
92.9714, 310.476
92.9957, 310.476
93.0333, 310.476
93.059, 310.476
93.0816, 310.476
93.1011, 310.475
93.1114, 310.475
93.1578, 310.475
93.1684, 310.475
93.2177, 310.475
93.2411, 310.475
93.2586, 310.475
93.2774, 310.475
93.3051, 310.475
93.3492, 310.475
93.3542, 310.475
93.4053, 310.475
93.4114, 310.475
93.4439, 310.475
93.4539, 310.475
93.4609, 310.475
93.492, 310.475
93.5221, 310.474
93.5247, 310.474
93.5677, 310.474
93.571, 310.474
93.6087, 310.474
93.634, 310.474
93.6455, 310.474
93.6833, 310.474
93.6915, 310.474
93.7038, 310.474
93.7319, 310.474
93.7411, 310.474
93.7751, 310.474
93.7768, 310.474
93.7776, 310.474
93.825, 310.474
93.8355, 310.474
93.8761, 310.474
93.892, 310.474
93.9371, 310.473
93.9437, 310.473
93.9708, 310.473
93.9944, 310.473
94.0389, 310.473
94.0518, 310.473
94.0881, 310.473
94.1286, 310.473
94.1928, 310.473
94.1936, 310.473
94.1986, 310.473
94.241, 310.473
94.2526, 310.473
94.2788, 310.473
94.2872, 310.473
94.2977, 310.473
94.3171, 310.473
94.3265, 310.473
94.3789, 310.472
94.387, 310.472
94.4181, 310.472
94.428, 310.472
94.4319, 310.472
94.4968, 310.472
94.5475, 310.472
94.5756, 310.472
94.623, 310.472
94.627, 310.472
94.691, 310.472
94.6948, 310.472
94.6949, 310.472
94.6951, 310.472
94.6952, 310.472
94.7035, 310.472
94.7677, 310.471
94.7766, 310.471
94.8356, 310.471
94.9049, 310.471
94.9696, 310.471
94.9697, 310.471
94.9697, 310.471
94.9697, 310.471
95.0797, 310.471
95.1026, 310.471
95.1374, 310.471
95.1542, 310.471
95.1911, 310.47
95.2159, 310.47
95.2542, 310.47
95.3086, 310.47
95.3129, 310.47
95.3158, 310.47
95.3173, 310.47
95.3288, 310.47
95.3759, 310.47
95.4071, 310.47
95.423, 310.47
95.4442, 310.47
95.4625, 310.47
95.4702, 310.47
95.514, 310.47
95.5198, 310.47
95.5636, 310.47
95.5647, 310.47
95.5673, 310.47
95.626, 310.469
95.6635, 310.469
95.6801, 310.469
95.7221, 310.469
95.7723, 310.469
95.7891, 310.469
95.8085, 310.469
95.8216, 310.469
95.8536, 310.469
95.8774, 310.469
95.8984, 310.469
95.9, 310.469
95.9355, 310.469
95.9555, 310.469
96.0019, 310.468
96.0209, 310.468
96.0528, 310.468
96.072, 310.468
96.0815, 310.468
96.1006, 310.468
96.1244, 310.468
96.1668, 310.468
96.1738, 310.468
96.2262, 310.468
96.244, 310.468
96.2732, 310.468
96.3063, 310.468
96.3492, 310.468
96.366, 310.468
96.3706, 310.468
96.3821, 310.468
96.4347, 310.467
96.4689, 310.467
96.4927, 310.467
96.5334, 310.467
96.5427, 310.467
96.5696, 310.467
96.5807, 310.467
96.606, 310.467
96.6064, 310.467
96.6451, 310.467
96.6799, 310.467
96.6851, 310.467
96.6901, 310.467
96.7537, 310.467
96.7684, 310.467
96.7763, 310.467
96.825, 310.466
96.8639, 310.466
96.8778, 310.466
96.9372, 310.466
96.9778, 310.466
97.0204, 310.466
97.0646, 310.466
97.0842, 310.466
97.1075, 310.466
97.1715, 310.466
97.1756, 310.466
97.2024, 310.466
97.23, 310.465
97.2409, 310.465
97.2731, 310.465
97.2986, 310.465
97.3111, 310.465
97.3235, 310.465
97.3522, 310.465
97.3987, 310.465
97.4273, 310.465
97.4447, 310.465
97.4584, 310.465
97.4741, 310.465
97.5055, 310.465
97.5139, 310.465
97.552, 310.465
97.5778, 310.465
97.5852, 310.465
97.6271, 310.464
97.6486, 310.464
97.6619, 310.464
97.6916, 310.464
97.7046, 310.464
97.7124, 310.464
97.7398, 310.464
97.7807, 310.464
97.7823, 310.464
97.7909, 310.464
97.8266, 310.464
97.8666, 310.464
97.9003, 310.464
97.9126, 310.464
97.9165, 310.464
97.9315, 310.464
97.9603, 310.464
98.0133, 310.464
98.0134, 310.464
98.0517, 310.463
98.0617, 310.463
98.083, 310.463
98.0913, 310.463
98.0933, 310.463
98.1388, 310.463
98.1632, 310.463
98.1923, 310.463
98.202, 310.463
98.2544, 310.463
98.2564, 310.463
98.2568, 310.463
98.2578, 310.463
98.316, 310.463
98.379, 310.463
98.4148, 310.463
98.4275, 310.462
98.434, 310.462
98.461, 310.462
98.4806, 310.462
98.4977, 310.462
98.544, 310.462
98.5572, 310.462
98.5849, 310.462
98.603, 310.462
98.6535, 310.462
98.6575, 310.462
98.693, 310.462
98.706, 310.462
98.7227, 310.462
98.7524, 310.462
98.787, 310.462
98.8263, 310.461
98.8339, 310.461
98.8373, 310.461
98.9022, 310.461
98.9141, 310.461
98.9567, 310.461
99.0113, 310.461
99.0249, 310.461
99.1036, 310.461
99.1082, 310.461
99.1123, 310.461
99.1743, 310.461
99.1814, 310.461
99.199, 310.461
99.2106, 310.461
99.2219, 310.46
99.2329, 310.46
99.2898, 310.46
99.3018, 310.46
99.3035, 310.46
99.3653, 310.46
99.3956, 310.46
99.4054, 310.46
99.4602, 310.46
99.5168, 310.46
99.531, 310.46
99.5549, 310.46
99.5655, 310.46
99.6009, 310.46
99.6589, 310.459
99.7221, 310.459
99.7316, 310.459
99.7338, 310.459
99.7419, 310.459
99.7921, 310.459
99.8139, 310.459
99.8421, 310.459
99.8646, 310.459
99.8811, 310.459
99.9359, 310.459
99.9522, 310.459
99.9866, 310.459
99.9958, 310.459
100.037, 310.458
100.053, 310.458
100.097, 310.458
100.108, 310.458
100.122, 310.458
100.144, 310.458
100.168, 310.458
100.189, 310.458
100.234, 310.458
100.276, 310.458
100.302, 310.458
100.317, 310.458
100.336, 310.458
100.407, 310.458
100.444, 310.457
100.483, 310.457
100.545, 310.457
100.548, 310.457
100.553, 310.457
100.597, 310.457
100.618, 310.457
100.66, 310.457
100.671, 310.457
100.696, 310.457
100.717, 310.457
100.766, 310.457
100.786, 310.457
100.805, 310.457
100.84, 310.456
100.888, 310.456
100.888, 310.456
100.927, 310.456
100.944, 310.456
101.022, 310.456
101.027, 310.456
101.033, 310.456
101.065, 310.456
101.07, 310.456
101.12, 310.456
101.128, 310.456
101.178, 310.456
101.178, 310.456
101.178, 310.456
101.181, 310.456
101.285, 310.455
101.318, 310.455
101.347, 310.455
101.392, 310.455
101.424, 310.455
101.459, 310.455
101.486, 310.455
101.497, 310.455
101.541, 310.455
101.546, 310.455
101.55, 310.455
101.59, 310.455
101.603, 310.455
101.637, 310.454
101.665, 310.454
101.691, 310.454
101.72, 310.454
101.728, 310.454
101.742, 310.454
101.803, 310.454
101.808, 310.454
101.811, 310.454
101.851, 310.454
101.861, 310.454
101.895, 310.454
101.908, 310.454
101.939, 310.454
101.969, 310.454
102.005, 310.454
102.017, 310.454
102.071, 310.453
102.081, 310.453
102.129, 310.453
102.151, 310.453
102.174, 310.453
102.196, 310.453
102.213, 310.453
102.244, 310.453
102.276, 310.453
102.283, 310.453
102.29, 310.453
102.328, 310.453
102.37, 310.453
102.379, 310.453
102.432, 310.453
102.457, 310.453
102.476, 310.452
102.524, 310.452
102.542, 310.452
102.589, 310.452
102.599, 310.452
102.632, 310.452
102.65, 310.452
102.689, 310.452
102.695, 310.452
102.725, 310.452
102.758, 310.452
102.771, 310.452
102.78, 310.452
102.823, 310.452
102.851, 310.452
102.887, 310.451
102.887, 310.451
102.888, 310.451
102.933, 310.451
102.941, 310.451
102.975, 310.451
103, 310.451
103.018, 310.451
103.065, 310.451
103.076, 310.451
103.085, 310.451
103.124, 310.451
103.191, 310.451
103.194, 310.451
103.208, 310.451
103.235, 310.451
103.242, 310.451
103.282, 310.451
103.348, 310.45
103.369, 310.45
103.39, 310.45
103.431, 310.45
103.439, 310.45
103.466, 310.45
103.492, 310.45
103.506, 310.45
103.562, 310.45
103.625, 310.45
103.649, 310.45
103.663, 310.45
103.69, 310.45
103.718, 310.45
103.752, 310.449
103.778, 310.449
103.823, 310.449
103.842, 310.449
103.855, 310.449
103.896, 310.449
103.906, 310.449
103.935, 310.449
103.964, 310.449
104.033, 310.449
104.075, 310.449
104.078, 310.449
104.081, 310.449
104.148, 310.449
104.161, 310.448
104.173, 310.448
104.207, 310.448
104.233, 310.448
104.259, 310.448
104.283, 310.448
104.299, 310.448
104.371, 310.448
104.378, 310.448
104.406, 310.448
104.411, 310.448
104.45, 310.448
104.465, 310.448
104.518, 310.448
104.538, 310.448
104.561, 310.448
104.612, 310.447
104.619, 310.447
104.696, 310.447
104.722, 310.447
104.758, 310.447
104.769, 310.447
104.809, 310.447
104.834, 310.447
104.859, 310.447
104.888, 310.447
104.906, 310.447
104.91, 310.447
104.916, 310.447
104.955, 310.447
104.964, 310.447
105.004, 310.447
105.019, 310.447
105.032, 310.447
105.059, 310.446
105.065, 310.446
105.107, 310.446
105.114, 310.446
105.115, 310.446
105.154, 310.446
105.165, 310.446
105.216, 310.446
105.247, 310.446
105.267, 310.446
105.274, 310.446
105.345, 310.446
105.369, 310.446
105.398, 310.446
105.4, 310.446
105.405, 310.446
105.465, 310.446
105.478, 310.446
105.507, 310.445
105.534, 310.445
105.545, 310.445
105.612, 310.445
105.627, 310.445
105.665, 310.445
105.669, 310.445
105.725, 310.445
105.726, 310.445
105.806, 310.445
105.826, 310.445
105.85, 310.445
105.869, 310.445
105.878, 310.445
105.893, 310.445
105.93, 310.445
105.961, 310.445
105.972, 310.444
106.012, 310.444
106.013, 310.444
106.015, 310.444
106.05, 310.444
106.065, 310.444
106.092, 310.444
106.129, 310.444
106.131, 310.444
106.137, 310.444
106.196, 310.444
106.206, 310.444
106.26, 310.444
106.31, 310.444
106.35, 310.444
106.372, 310.444
106.409, 310.444
106.438, 310.444
106.48, 310.443
106.498, 310.443
106.513, 310.443
106.552, 310.443
106.563, 310.443
106.584, 310.443
106.619, 310.443
106.664, 310.443
106.675, 310.443
106.696, 310.443
106.731, 310.443
106.755, 310.443
106.807, 310.443
106.807, 310.443
106.835, 310.443
106.866, 310.443
106.875, 310.443
106.907, 310.443
106.914, 310.443
106.939, 310.443
106.982, 310.442
106.994, 310.442
107.024, 310.442
107.028, 310.442
107.107, 310.442
107.117, 310.442
107.123, 310.442
107.182, 310.442
107.183, 310.442
107.191, 310.442
107.228, 310.442
107.23, 310.442
107.234, 310.442
107.335, 310.442
107.337, 310.442
107.384, 310.442
107.403, 310.442
107.413, 310.442
107.424, 310.442
107.463, 310.442
107.497, 310.442
107.539, 310.441
107.555, 310.441
107.557, 310.441
107.57, 310.441
107.619, 310.441
107.642, 310.441
107.651, 310.441
107.669, 310.441
107.697, 310.441
107.706, 310.441
107.778, 310.441
107.779, 310.441
107.779, 310.441
107.841, 310.441
107.855, 310.441
107.906, 310.441
107.916, 310.441
107.947, 310.441
107.963, 310.441
107.974, 310.441
108.007, 310.441
108.019, 310.441
108.031, 310.441
108.083, 310.441
108.127, 310.44
108.148, 310.44
108.175, 310.44
108.192, 310.44
108.224, 310.44
108.235, 310.44
108.267, 310.44
108.276, 310.44
108.295, 310.44
108.348, 310.44
108.357, 310.44
108.401, 310.44
108.434, 310.44
108.5, 310.44
108.502, 310.44
108.535, 310.44
108.564, 310.44
108.572, 310.44
108.612, 310.44
108.635, 310.44
108.673, 310.44
108.679, 310.44
108.714, 310.44
108.731, 310.44
108.772, 310.44
108.775, 310.44
108.776, 310.44
108.801, 310.439
108.826, 310.439
108.859, 310.439
108.906, 310.439
108.909, 310.439
108.91, 310.439
108.979, 310.439
108.983, 310.439
109.022, 310.439
109.047, 310.439
109.065, 310.439
109.096, 310.439
109.113, 310.439
109.122, 310.439
109.165, 310.439
109.179, 310.439
109.233, 310.439
109.261, 310.439
109.264, 310.439
109.268, 310.439
109.309, 310.439
109.332, 310.439
109.377, 310.439
109.39, 310.439
109.398, 310.439
109.421, 310.439
109.44, 310.439
109.442, 310.439
109.447, 310.439
109.455, 310.439
109.523, 310.439
109.558, 310.439
109.594, 310.439
109.596, 310.439
109.615, 310.439
109.65, 310.439
109.66, 310.439
109.671, 310.438
109.709, 310.438
109.752, 310.438
109.755, 310.438
109.772, 310.438
109.796, 310.438
109.799, 310.438
109.832, 310.438
109.836, 310.438
109.896, 310.438
109.933, 310.438
109.954, 310.438
110, 310.438
110.156, 310.435
110.249, 310.434
110.288, 310.433
110.379, 310.432
110.521, 310.429
110.638, 310.429
110.802, 310.427
111, 310.426


