X,T
6.61744e-18, 310.158
0.218929, 310.158
0.550309, 310.158
0.594245, 310.158
0.63223, 310.158
1.0221, 310.158
1.09653, 310.158
1.3127, 310.158
1.50767, 310.158
1.82249, 310.158
1.84818, 310.158
1.89406, 310.158
2.39258, 310.158
2.59809, 310.158
2.80939, 310.158
3.03114, 310.158
3.23573, 310.158
3.44789, 310.158
3.48652, 310.158
3.63828, 310.158
4.11593, 310.158
4.19606, 310.158
4.40834, 310.158
4.79507, 310.159
4.9333, 310.159
5.34396, 310.159
5.57963, 310.159
5.64073, 310.159
5.79769, 310.159
5.90374, 310.159
6.46707, 310.159
6.64901, 310.159
7.06043, 310.159
7.21256, 310.159
7.25458, 310.159
7.45405, 310.159
7.502, 310.159
8.11755, 310.159
8.16551, 310.159
8.53045, 310.159
8.62974, 310.159
8.83777, 310.16
9.14863, 310.16
9.21694, 310.16
9.2713, 310.16
9.65989, 310.16
9.99864, 310.16
10.2615, 310.16
10.4199, 310.16
10.4832, 310.16
10.7966, 310.16
10.8691, 310.16
11.0844, 310.16
11.3109, 310.161
11.574, 310.161
11.6794, 310.161
11.8032, 310.161
11.9853, 310.161
12.3235, 310.161
12.3982, 310.161
12.4175, 310.161
12.4711, 310.161
12.9605, 310.161
13.342, 310.162
13.5497, 310.162
13.659, 310.162
14.125, 310.162
14.1801, 310.162
14.6647, 310.162
14.76, 310.162
14.9756, 310.162
15.0007, 310.162
15.3889, 310.163
15.4864, 310.163
15.5638, 310.163
16.0141, 310.163
16.0475, 310.163
16.7868, 310.164
16.8102, 310.164
16.8267, 310.164
16.8577, 310.164
16.89, 310.164
16.9053, 310.164
16.947, 310.164
17.0954, 310.164
17.6533, 310.164
17.8684, 310.164
18.1183, 310.165
18.4107, 310.165
18.44, 310.165
18.7679, 310.165
18.781, 310.165
19.2986, 310.166
19.6503, 310.166
19.6862, 310.166
19.7037, 310.166
19.8208, 310.166
20.2753, 310.166
20.5018, 310.167
20.5736, 310.167
20.8955, 310.167
21.1019, 310.167
21.2044, 310.167
21.3189, 310.167
21.7144, 310.168
21.7239, 310.168
21.7306, 310.168
22.0058, 310.168
22.363, 310.168
22.5026, 310.169
22.5691, 310.169
22.7206, 310.169
22.9654, 310.169
23.1356, 310.169
23.5455, 310.17
23.5616, 310.17
23.5836, 310.17
24.037, 310.17
24.1319, 310.17
24.3547, 310.171
24.8164, 310.171
24.8368, 310.171
24.9714, 310.171
25.3511, 310.172
25.6705, 310.172
25.7847, 310.172
25.8695, 310.172
26.3709, 310.173
26.4035, 310.173
26.4737, 310.173
26.8378, 310.174
26.8816, 310.174
27.1544, 310.174
27.2015, 310.174
27.5661, 310.175
27.8455, 310.175
28.0003, 310.176
28.0412, 310.176
28.3352, 310.176
28.4807, 310.176
28.7955, 310.177
29.0975, 310.177
29.1346, 310.177
29.1527, 310.177
29.587, 310.178
29.8672, 310.179
30.3046, 310.179
30.3454, 310.179
30.4202, 310.18
30.6629, 310.18
30.9181, 310.181
31.061, 310.181
31.1452, 310.181
31.2318, 310.181
31.263, 310.181
31.4288, 310.182
31.4665, 310.182
31.5333, 310.182
31.816, 310.182
31.8832, 310.182
31.972, 310.183
32.4293, 310.184
32.4431, 310.184
32.6588, 310.184
33.1046, 310.185
33.2266, 310.185
33.5126, 310.186
33.7384, 310.187
33.7732, 310.187
33.9857, 310.187
34.1117, 310.187
34.438, 310.188
34.6161, 310.189
34.7378, 310.189
34.8568, 310.189
35.286, 310.19
35.4638, 310.191
35.8273, 310.192
35.8558, 310.192
36.0342, 310.193
36.0868, 310.193
37.0021, 310.195
37.0041, 310.195
37.0085, 310.195
37.3371, 310.196
37.6716, 310.198
37.7801, 310.198
38.0592, 310.199
38.2015, 310.199
38.3019, 310.2
38.4377, 310.2
38.807, 310.201
38.8196, 310.202
38.8365, 310.202
39.1903, 310.203
39.5504, 310.204
39.5622, 310.204
39.5691, 310.204
39.9789, 310.206
40.2294, 310.207
40.3863, 310.208
40.5716, 310.209
40.8754, 310.21
41.2023, 310.211
41.2219, 310.212
41.267, 310.212
41.3313, 310.212
41.4548, 310.213
41.5281, 310.213
41.8809, 310.215
42.0773, 310.216
42.1162, 310.216
42.395, 310.217
42.4632, 310.218
42.8927, 310.22
42.9779, 310.221
43.1941, 310.222
43.77, 310.225
43.7876, 310.225
43.8095, 310.226
43.819, 310.226
43.8612, 310.226
44.4594, 310.23
44.5321, 310.23
44.9012, 310.233
44.9892, 310.234
45.0127, 310.234
45.0645, 310.234
45.1188, 310.235
45.1803, 310.235
45.9582, 310.241
46.2566, 310.244
46.3333, 310.244
46.3972, 310.245
46.7096, 310.248
46.7535, 310.248
46.8871, 310.249
47.3672, 310.254
47.6186, 310.256
48.1408, 310.262
48.196, 310.263
48.2549, 310.263
48.7849, 310.269
49.0936, 310.273
49.1162, 310.273
49.2079, 310.274
49.3066, 310.276
49.3718, 310.277
50.1248, 310.287
50.163, 310.288
50.2722, 310.289
50.4819, 310.293
50.8833, 310.299
50.9845, 310.301
51.2781, 310.306
51.5548, 310.311
51.5722, 310.311
51.9915, 310.32
52.2132, 310.324
52.3394, 310.327
52.416, 310.328
52.4589, 310.329
52.8136, 310.337
53.2464, 310.348
53.4094, 310.352
53.4628, 310.353
53.5635, 310.355
53.8184, 310.363
54.3386, 310.378
54.4645, 310.382
54.839, 310.396
54.8561, 310.396
55.222, 310.409
55.2973, 310.411
55.5022, 310.42
55.9584, 310.438
56.3453, 310.457
56.4304, 310.461
56.7283, 310.477
56.985, 310.493
57.3087, 310.514
57.4281, 310.523
57.5979, 310.535
57.669, 310.54
57.7033, 310.543
57.853, 310.557
57.8712, 310.559
57.882, 310.561
58, 310.574
58.0443, 310.574
58.0895, 310.574
58.0966, 310.574
58.1251, 310.574
58.1477, 310.574
58.1706, 310.574
58.1875, 310.574
58.2133, 310.574
58.2265, 310.574
58.2607, 310.575
58.2888, 310.575
58.2944, 310.575
58.3032, 310.575
58.376, 310.575
58.4029, 310.575
58.4729, 310.575
58.4869, 310.575
58.5008, 310.575
58.5452, 310.575
58.5513, 310.575
58.5534, 310.575
58.6135, 310.575
58.6249, 310.576
58.6755, 310.576
58.7015, 310.576
58.7437, 310.576
58.7787, 310.576
58.7921, 310.576
58.8215, 310.576
58.8674, 310.576
58.8723, 310.576
58.9027, 310.576
58.9031, 310.576
58.9044, 310.576
58.9568, 310.576
58.9977, 310.577
58.9991, 310.577
59.0025, 310.577
59.0195, 310.577
59.045, 310.577
59.0472, 310.577
59.0938, 310.577
59.1153, 310.577
59.1395, 310.577
59.1551, 310.577
59.1781, 310.577
59.1947, 310.577
59.262, 310.577
59.287, 310.578
59.2981, 310.578
59.3307, 310.578
59.3856, 310.578
59.4202, 310.578
59.4302, 310.578
59.4422, 310.578
59.469, 310.578
59.4877, 310.578
59.5097, 310.578
59.5379, 310.578
59.555, 310.578
59.5636, 310.578
59.5974, 310.578
59.609, 310.578
59.6123, 310.579
59.6776, 310.579
59.686, 310.579
59.7125, 310.579
59.7297, 310.579
59.7498, 310.579
59.7625, 310.579
59.778, 310.579
59.7881, 310.579
59.8422, 310.579
59.8482, 310.579
59.8967, 310.579
59.8991, 310.579
59.923, 310.579
59.9843, 310.58
60.0112, 310.58
60.0478, 310.58
60.0501, 310.58
60.0556, 310.58
60.0754, 310.58
60.0965, 310.58
60.1089, 310.58
60.1375, 310.58
60.1777, 310.58
60.2182, 310.58
60.2231, 310.58
60.2301, 310.58
60.2703, 310.58
60.2772, 310.58
60.314, 310.581
60.3227, 310.581
60.3277, 310.581
60.3723, 310.581
60.398, 310.581
60.4031, 310.581
60.4469, 310.581
60.4644, 310.581
60.5061, 310.581
60.5456, 310.581
60.5718, 310.581
60.5905, 310.581
60.6161, 310.581
60.6386, 310.581
60.6696, 310.582
60.6699, 310.582
60.7207, 310.582
60.7341, 310.582
60.7466, 310.582
60.7652, 310.582
60.7854, 310.582
60.792, 310.582
60.8051, 310.582
60.8592, 310.582
60.8637, 310.582
60.9087, 310.582
60.9484, 310.582
60.9608, 310.582
60.9624, 310.582
60.9663, 310.582
61.0239, 310.582
61.0591, 310.583
61.0706, 310.583
61.1033, 310.583
61.1391, 310.583
61.1917, 310.583
61.2853, 310.583
61.2861, 310.583
61.2864, 310.583
61.3287, 310.583
61.3456, 310.583
61.3769, 310.583
61.3972, 310.583
61.4387, 310.584
61.4616, 310.584
61.491, 310.584
61.5509, 310.584
61.5648, 310.584
61.6045, 310.584
61.6252, 310.584
61.6416, 310.584
61.666, 310.584
61.6859, 310.584
61.736, 310.584
61.7589, 310.584
61.7642, 310.584
61.8214, 310.584
61.8353, 310.584
61.8903, 310.585
61.898, 310.585
61.9474, 310.585
61.9678, 310.585
62.0089, 310.585
62.0498, 310.585
62.0511, 310.585
62.1055, 310.585
62.1176, 310.585
62.1211, 310.585
62.1444, 310.585
62.1608, 310.585
62.2123, 310.585
62.2305, 310.585
62.2689, 310.585
62.2796, 310.585
62.2858, 310.585
62.2951, 310.585
62.3308, 310.586
62.3747, 310.586
62.3802, 310.586
62.3832, 310.586
62.4241, 310.586
62.4514, 310.586
62.4558, 310.586
62.4585, 310.586
62.4863, 310.586
62.5464, 310.586
62.59, 310.586
62.6098, 310.586
62.6167, 310.586
62.6374, 310.586
62.6565, 310.586
62.6691, 310.586
62.7105, 310.586
62.7369, 310.586
62.7597, 310.586
62.7723, 310.586
62.7867, 310.586
62.8171, 310.587
62.8196, 310.587
62.8234, 310.587
62.8261, 310.587
62.8608, 310.587
62.871, 310.587
62.8948, 310.587
62.9435, 310.587
62.9471, 310.587
62.948, 310.587
62.9696, 310.587
63.0525, 310.587
63.0784, 310.587
63.0831, 310.587
63.0983, 310.587
63.1392, 310.587
63.1885, 310.587
63.202, 310.587
63.2106, 310.587
63.2883, 310.587
63.2972, 310.587
63.3087, 310.587
63.3315, 310.587
63.3485, 310.587
63.3598, 310.587
63.3676, 310.587
63.4278, 310.588
63.4326, 310.588
63.4368, 310.588
63.4807, 310.588
63.5036, 310.588
63.5123, 310.588
63.5737, 310.588
63.5799, 310.588
63.6045, 310.588
63.6268, 310.588
63.6328, 310.588
63.6412, 310.588
63.6829, 310.588
63.7308, 310.588
63.7637, 310.588
63.7697, 310.588
63.8164, 310.588
63.8179, 310.588
63.8213, 310.588
63.8229, 310.588
63.8345, 310.588
63.873, 310.588
63.8986, 310.588
63.909, 310.588
63.9166, 310.588
63.9519, 310.588
63.9731, 310.588
63.9891, 310.588
64.014, 310.589
64.0339, 310.589
64.06, 310.589
64.072, 310.589
64.1075, 310.589
64.1319, 310.589
64.1529, 310.589
64.1825, 310.589
64.1937, 310.589
64.2633, 310.589
64.2925, 310.589
64.3143, 310.589
64.3369, 310.589
64.3482, 310.589
64.3678, 310.589
64.4394, 310.589
64.4753, 310.589
64.494, 310.589
64.5328, 310.589
64.5537, 310.589
64.5887, 310.589
64.6161, 310.589
64.633, 310.589
64.6729, 310.589
64.6757, 310.589
64.7222, 310.589
64.7588, 310.589
64.7741, 310.589
64.8085, 310.59
64.8508, 310.59
64.8619, 310.59
64.901, 310.59
64.931, 310.59
64.9517, 310.59
64.9741, 310.59
64.9889, 310.59
65.0009, 310.59
65.0416, 310.59
65.0535, 310.59
65.0982, 310.59
65.1362, 310.59
65.1577, 310.59
65.1636, 310.59
65.1743, 310.59
65.1959, 310.59
65.2005, 310.59
65.2077, 310.59
65.2714, 310.59
65.2753, 310.59
65.2829, 310.59
65.3371, 310.59
65.3852, 310.59
65.3901, 310.59
65.397, 310.59
65.4286, 310.59
65.4641, 310.59
65.4692, 310.59
65.4754, 310.59
65.5168, 310.59
65.5695, 310.59
65.5984, 310.59
65.6155, 310.59
65.6463, 310.59
65.6543, 310.59
65.6642, 310.59
65.6906, 310.59
65.6993, 310.59
65.7266, 310.59
65.7316, 310.59
65.7875, 310.59
65.806, 310.591
65.8522, 310.591
65.8687, 310.591
65.9028, 310.591
65.9352, 310.591
65.9356, 310.591
65.9931, 310.591
66.0291, 310.591
66.0438, 310.591
66.0652, 310.591
66.1107, 310.591
66.1271, 310.591
66.1337, 310.591
66.2113, 310.591
66.2154, 310.591
66.2571, 310.591
66.2719, 310.591
66.3122, 310.591
66.3195, 310.591
66.3769, 310.591
66.3865, 310.591
66.3952, 310.591
66.4303, 310.591
66.4493, 310.591
66.5482, 310.591
66.5581, 310.591
66.5781, 310.591
66.6128, 310.591
66.6371, 310.591
66.6712, 310.591
66.7096, 310.591
66.7285, 310.591
66.7686, 310.591
66.8215, 310.591
66.8297, 310.591
66.8421, 310.591
66.8748, 310.591
66.9392, 310.591
66.9398, 310.591
66.9399, 310.591
66.978, 310.591
67.0187, 310.591
67.0287, 310.591
67.0776, 310.591
67.0945, 310.591
67.1288, 310.591
67.1482, 310.591
67.1502, 310.591
67.1533, 310.591
67.1591, 310.591
67.25, 310.591
67.2544, 310.591
67.2891, 310.591
67.3018, 310.591
67.3472, 310.591
67.374, 310.591
67.4596, 310.591
67.4675, 310.591
67.4789, 310.591
67.5118, 310.591
67.5432, 310.591
67.5581, 310.591
67.5926, 310.591
67.6131, 310.591
67.6486, 310.591
67.6501, 310.591
67.6572, 310.591
67.7046, 310.591
67.7617, 310.591
67.7905, 310.592
67.8217, 310.592
67.89, 310.592
67.9111, 310.592
67.9192, 310.592
67.9431, 310.592
67.9657, 310.592
67.9941, 310.592
68.0205, 310.592
68.0524, 310.592
68.0525, 310.592
68.0526, 310.592
68.0529, 310.592
68.1227, 310.592
68.1364, 310.592
68.1549, 310.592
68.1873, 310.592
68.22, 310.592
68.2594, 310.592
68.275, 310.592
68.3005, 310.592
68.3179, 310.592
68.3454, 310.592
68.3618, 310.592
68.3866, 310.592
68.4098, 310.592
68.4251, 310.592
68.4748, 310.592
68.4756, 310.592
68.4801, 310.592
68.5355, 310.592
68.5396, 310.592
68.5493, 310.592
68.5797, 310.592
68.5922, 310.592
68.6557, 310.592
68.6688, 310.592
68.705, 310.592
68.7099, 310.592
68.77, 310.592
68.7757, 310.592
68.8065, 310.592
68.8467, 310.592
68.8526, 310.592
68.9008, 310.592
68.942, 310.592
68.9894, 310.592
69.0016, 310.592
69.0571, 310.592
69.074, 310.592
69.1285, 310.592
69.1537, 310.592
69.1663, 310.592
69.2134, 310.592
69.2158, 310.592
69.2436, 310.592
69.2611, 310.592
69.2661, 310.592
69.3135, 310.592
69.3586, 310.591
69.3643, 310.591
69.41, 310.591
69.4436, 310.591
69.4475, 310.591
69.4498, 310.591
69.48, 310.591
69.5205, 310.591
69.5356, 310.591
69.5705, 310.591
69.6013, 310.591
69.6664, 310.591
69.6783, 310.591
69.7301, 310.591
69.7322, 310.591
69.7525, 310.591
69.7836, 310.591
69.8029, 310.591
69.8089, 310.591
69.8314, 310.591
69.84, 310.591
69.8811, 310.591
69.8943, 310.591
69.8957, 310.591
69.9296, 310.591
69.9319, 310.591
69.9362, 310.591
69.9581, 310.591
69.982, 310.591
70.0171, 310.591
70.0676, 310.591
70.0814, 310.591
70.1144, 310.591
70.1379, 310.591
70.1631, 310.591
70.1889, 310.591
70.2494, 310.591
70.2605, 310.591
70.2717, 310.591
70.2964, 310.591
70.3034, 310.591
70.3266, 310.591
70.3368, 310.591
70.3519, 310.591
70.3736, 310.591
70.3977, 310.591
70.4121, 310.591
70.4583, 310.591
70.4832, 310.591
70.5418, 310.591
70.5558, 310.591
70.5991, 310.591
70.6508, 310.591
70.6875, 310.591
70.7075, 310.591
70.7207, 310.591
70.7447, 310.591
70.76, 310.591
70.7987, 310.591
70.8087, 310.591
70.8142, 310.591
70.8475, 310.591
70.8802, 310.591
70.9321, 310.591
70.9381, 310.591
70.9589, 310.591
70.9932, 310.591
71.0514, 310.591
71.0538, 310.591
71.0582, 310.591
71.0833, 310.591
71.129, 310.591
71.1294, 310.591
71.1297, 310.591
71.1614, 310.591
71.1905, 310.591
71.1976, 310.591
71.2427, 310.591
71.27, 310.591
71.2786, 310.591
71.3056, 310.591
71.3379, 310.591
71.3708, 310.591
71.3889, 310.591
71.4052, 310.591
71.4584, 310.591
71.4591, 310.591
71.4595, 310.591
71.5086, 310.591
71.5351, 310.59
71.6034, 310.59
71.6302, 310.59
71.636, 310.59
71.6614, 310.59
71.6825, 310.59
71.697, 310.59
71.7464, 310.59
71.7806, 310.59
71.8293, 310.59
71.8313, 310.59
71.8352, 310.59
71.9044, 310.59
71.9052, 310.59
71.9058, 310.59
71.9436, 310.59
71.9808, 310.59
71.9991, 310.59
72.0054, 310.59
72.0253, 310.59
72.0694, 310.59
72.0695, 310.59
72.1293, 310.59
72.1392, 310.59
72.1813, 310.59
72.2057, 310.59
72.2145, 310.59
72.2437, 310.59
72.2645, 310.59
72.2662, 310.59
72.281, 310.59
72.3066, 310.59
72.3629, 310.59
72.3939, 310.59
72.4043, 310.59
72.4105, 310.59
72.4458, 310.59
72.4739, 310.59
72.5035, 310.59
72.5165, 310.59
72.56, 310.59
72.5842, 310.59
72.6005, 310.59
72.624, 310.59
72.6393, 310.59
72.6641, 310.59
72.6702, 310.59
72.7008, 310.59
72.7198, 310.59
72.7554, 310.589
72.7873, 310.589
72.809, 310.589
72.8356, 310.589
72.8497, 310.589
72.8936, 310.589
72.912, 310.589
72.958, 310.589
72.9936, 310.589
72.9999, 310.589
73.0017, 310.589
73.0114, 310.589
73.0566, 310.589
73.0958, 310.589
73.1474, 310.589
73.2136, 310.589
73.2141, 310.589
73.2622, 310.589
73.2934, 310.589
73.3445, 310.589
73.3911, 310.589
73.4086, 310.589
73.4206, 310.589
73.4627, 310.589
73.4913, 310.589
73.5256, 310.589
73.5344, 310.589
73.5547, 310.589
73.5975, 310.589
73.6158, 310.589
73.6843, 310.589
73.7171, 310.589
73.7412, 310.588
73.7688, 310.588
73.8079, 310.588
73.816, 310.588
73.8608, 310.588
73.8614, 310.588
73.8931, 310.588
73.9133, 310.588
73.9339, 310.588
73.9386, 310.588
73.9724, 310.588
73.9942, 310.588
74.025, 310.588
74.0792, 310.588
74.0842, 310.588
74.1456, 310.588
74.1518, 310.588
74.1716, 310.588
74.1927, 310.588
74.2019, 310.588
74.253, 310.588
74.2695, 310.588
74.3124, 310.588
74.3207, 310.588
74.3499, 310.588
74.3663, 310.588
74.4083, 310.588
74.4247, 310.588
74.4693, 310.588
74.4934, 310.588
74.5025, 310.588
74.507, 310.588
74.5104, 310.588
74.547, 310.588
74.5559, 310.588
74.5954, 310.587
74.6157, 310.587
74.6581, 310.587
74.7065, 310.587
74.7083, 310.587
74.7087, 310.587
74.7508, 310.587
74.7604, 310.587
74.7958, 310.587
74.8354, 310.587
74.841, 310.587
74.876, 310.587
74.8779, 310.587
74.9426, 310.587
74.9571, 310.587
74.9702, 310.587
75.0134, 310.587
75.02, 310.587
75.0246, 310.587
75.0942, 310.587
75.1224, 310.587
75.1334, 310.587
75.1812, 310.587
75.1979, 310.587
75.2229, 310.587
75.2291, 310.587
75.2417, 310.587
75.2834, 310.587
75.3111, 310.587
75.3382, 310.587
75.3757, 310.586
75.3912, 310.586
75.4391, 310.586
75.4874, 310.586
75.4979, 310.586
75.5123, 310.586
75.5571, 310.586
75.5933, 310.586
75.6072, 310.586
75.66, 310.586
75.6863, 310.586
75.7109, 310.586
75.7356, 310.586
75.7498, 310.586
75.7875, 310.586
75.8211, 310.586
75.8344, 310.586
75.8681, 310.586
75.9097, 310.586
75.923, 310.586
75.995, 310.586
76.0018, 310.586
76.0639, 310.586
76.0647, 310.586
76.0652, 310.586
76.0981, 310.585
76.0989, 310.585
76.1315, 310.585
76.1498, 310.585
76.1888, 310.585
76.1921, 310.585
76.2389, 310.585
76.2772, 310.585
76.3046, 310.585
76.3811, 310.585
76.3823, 310.585
76.4139, 310.585
76.432, 310.585
76.4388, 310.585
76.4616, 310.585
76.4811, 310.585
76.5116, 310.585
76.5377, 310.585
76.5575, 310.585
76.5752, 310.585
76.6019, 310.585
76.6458, 310.585
76.6678, 310.585
76.7055, 310.585
76.736, 310.584
76.7544, 310.584
76.7647, 310.584
76.7931, 310.584
76.8099, 310.584
76.8161, 310.584
76.8396, 310.584
76.9169, 310.584
76.9204, 310.584
76.9257, 310.584
76.9647, 310.584
76.9872, 310.584
77.0202, 310.584
77.0444, 310.584
77.0563, 310.584
77.0759, 310.584
77.1457, 310.584
77.1469, 310.584
77.1699, 310.584
77.2067, 310.584
77.2083, 310.584
77.2238, 310.584
77.2559, 310.584
77.2775, 310.584
77.2929, 310.584
77.3349, 310.584
77.3888, 310.583
77.4079, 310.583
77.4394, 310.583
77.4424, 310.583
77.4597, 310.583
77.4917, 310.583
77.5325, 310.583
77.5566, 310.583
77.5577, 310.583
77.5586, 310.583
77.6252, 310.583
77.6336, 310.583
77.646, 310.583
77.7049, 310.583
77.7331, 310.583
77.746, 310.583
77.8108, 310.583
77.821, 310.583
77.8552, 310.583
77.8674, 310.583
77.9, 310.583
77.9215, 310.583
77.9471, 310.583
77.9611, 310.583
78.0073, 310.582
78.0487, 310.582
78.0679, 310.582
78.0992, 310.582
78.124, 310.582
78.1631, 310.582
78.1718, 310.582
78.2001, 310.582
78.2137, 310.582
78.2422, 310.582
78.2626, 310.582
78.2683, 310.582
78.3083, 310.582
78.3208, 310.582
78.3722, 310.582
78.4122, 310.582
78.4236, 310.582
78.4634, 310.582
78.4705, 310.582
78.5301, 310.582
78.5412, 310.582
78.5611, 310.581
78.5894, 310.581
78.6311, 310.581
78.6659, 310.581
78.6695, 310.581
78.7278, 310.581
78.7532, 310.581
78.7622, 310.581
78.7826, 310.581
78.7925, 310.581
78.8172, 310.581
78.8215, 310.581
78.8441, 310.581
78.8564, 310.581
78.8784, 310.581
78.8906, 310.581
78.9272, 310.581
78.9529, 310.581
78.9728, 310.581
79.0348, 310.581
79.0384, 310.581
79.0716, 310.581
79.1253, 310.58
79.1817, 310.58
79.1913, 310.58
79.1926, 310.58
79.1997, 310.58
79.2504, 310.58
79.264, 310.58
79.3051, 310.58
79.3267, 310.58
79.3505, 310.58
79.3711, 310.58
79.3964, 310.58
79.4159, 310.58
79.4665, 310.58
79.4866, 310.58
79.5037, 310.58
79.5468, 310.58
79.5548, 310.58
79.6132, 310.58
79.6275, 310.58
79.6744, 310.579
79.7048, 310.579
79.7435, 310.579
79.8092, 310.579
79.8104, 310.579
79.8463, 310.579
79.8652, 310.579
79.8839, 310.579
79.9242, 310.579
79.9771, 310.579
79.9834, 310.579
80.0278, 310.579
80.0657, 310.579
80.0782, 310.579
80.0927, 310.579
80.1297, 310.579
80.1748, 310.578
80.1962, 310.578
80.2232, 310.578
80.2555, 310.578
80.2741, 310.578
80.2964, 310.578
80.3241, 310.578
80.3248, 310.578
80.3261, 310.578
80.3814, 310.578
80.392, 310.578
80.4211, 310.578
80.4569, 310.578
80.4622, 310.578
80.4715, 310.578
80.5001, 310.578
80.5256, 310.578
80.5818, 310.578
80.6116, 310.578
80.6355, 310.578
80.6635, 310.578
80.684, 310.577
80.7138, 310.577
80.7359, 310.577
80.7614, 310.577
80.7878, 310.577
80.8095, 310.577
80.8414, 310.577
80.8602, 310.577
80.8908, 310.577
80.9363, 310.577
80.9637, 310.577
81.0525, 310.577
81.0552, 310.577
81.0565, 310.577
81.1275, 310.577
81.1478, 310.577
81.1798, 310.576
81.181, 310.576
81.1823, 310.576
81.1894, 310.576
81.2558, 310.576
81.2938, 310.576
81.3192, 310.576
81.3226, 310.576
81.3361, 310.576
81.383, 310.576
81.4291, 310.576
81.4582, 310.576
81.4831, 310.576
81.5172, 310.576
81.5334, 310.576
81.5592, 310.576
81.585, 310.576
81.6115, 310.576
81.6249, 310.576
81.6704, 310.575
81.7038, 310.575
81.7168, 310.575
81.7362, 310.575
81.7605, 310.575
81.7796, 310.575
81.8388, 310.575
81.8635, 310.575
81.9094, 310.575
81.9602, 310.575
81.9643, 310.575
81.966, 310.575
81.9675, 310.575
81.9713, 310.575
81.9898, 310.575
82.0183, 310.575
82.0215, 310.575
82.0287, 310.575
82.0831, 310.575
82.0988, 310.575
82.1527, 310.574
82.174, 310.574
82.1838, 310.574
82.1938, 310.574
82.2405, 310.574
82.2869, 310.574
82.2979, 310.574
82.3305, 310.574
82.3366, 310.574
82.3562, 310.574
82.3681, 310.574
82.4093, 310.574
82.4491, 310.574
82.4519, 310.574
82.4531, 310.574
82.4549, 310.574
82.4889, 310.574
82.5494, 310.574
82.5557, 310.574
82.5636, 310.574
82.576, 310.574
82.616, 310.573
82.6305, 310.573
82.6712, 310.573
82.6912, 310.573
82.7163, 310.573
82.7631, 310.573
82.772, 310.573
82.7752, 310.573
82.8305, 310.573
82.8631, 310.573
82.8697, 310.573
82.8716, 310.573
82.8754, 310.573
82.932, 310.573
82.9723, 310.573
83.0077, 310.573
83.0218, 310.573
83.0278, 310.573
83.0845, 310.572
83.1201, 310.572
83.1205, 310.572
83.1692, 310.572
83.1732, 310.572
83.2349, 310.572
83.2379, 310.572
83.3065, 310.572
83.3276, 310.572
83.3467, 310.572
83.3804, 310.572
83.3936, 310.572
83.4424, 310.572
83.446, 310.572
83.4523, 310.572
83.4784, 310.572
83.4944, 310.572
83.5565, 310.571
83.5881, 310.571
83.6216, 310.571
83.6537, 310.571
83.7552, 310.571
83.7702, 310.571
83.8181, 310.571
83.8488, 310.571
83.8795, 310.571
83.9191, 310.571
83.9458, 310.571
84.0043, 310.57
84.0678, 310.57
84.0851, 310.57
84.1206, 310.57
84.1534, 310.57
84.1748, 310.57
84.1973, 310.57
84.2141, 310.57
84.2517, 310.57
84.2784, 310.57
84.2891, 310.57
84.3426, 310.57
84.3928, 310.569
84.3946, 310.569
84.3956, 310.569
84.4014, 310.569
84.4575, 310.569
84.5, 310.569
84.5504, 310.569
84.5518, 310.569
84.5821, 310.569
84.6217, 310.569
84.6261, 310.569
84.6669, 310.569
84.6872, 310.569
84.7161, 310.569
84.7501, 310.569
84.7504, 310.569
84.7505, 310.569
84.7934, 310.569
84.8101, 310.569
84.8285, 310.568
84.8472, 310.568
84.8572, 310.568
84.8694, 310.568
84.8801, 310.568
84.8908, 310.568
84.9181, 310.568
84.9268, 310.568
84.971, 310.568
84.9763, 310.568
85.0039, 310.568
85.047, 310.568
85.0941, 310.568
85.0995, 310.568
85.106, 310.568
85.141, 310.568
85.1858, 310.568
85.2037, 310.568
85.2274, 310.568
85.3045, 310.567
85.3148, 310.567
85.3265, 310.567
85.3649, 310.567
85.3826, 310.567
85.4534, 310.567
85.4639, 310.567
85.4817, 310.567
85.5004, 310.567
85.5286, 310.567
85.5393, 310.567
85.5451, 310.567
85.6048, 310.567
85.6082, 310.567
85.63, 310.567
85.6483, 310.567
85.678, 310.566
85.6808, 310.566
85.7233, 310.566
85.7541, 310.566
85.7946, 310.566
85.806, 310.566
85.8425, 310.566
85.8569, 310.566
85.8733, 310.566
85.8885, 310.566
85.9187, 310.566
85.9578, 310.566
85.9778, 310.566
86.0096, 310.566
86.017, 310.566
86.0522, 310.566
86.0633, 310.566
86.0655, 310.566
86.0892, 310.565
86.1112, 310.565
86.1546, 310.565
86.171, 310.565
86.2124, 310.565
86.2522, 310.565
86.2525, 310.565
86.2527, 310.565
86.2536, 310.565
86.3235, 310.565
86.3828, 310.565
86.4095, 310.565
86.4113, 310.565
86.4234, 310.565
86.4432, 310.565
86.4576, 310.565
86.4793, 310.565
86.512, 310.564
86.5324, 310.564
86.5401, 310.564
86.5516, 310.564
86.5817, 310.564
86.6055, 310.564
86.608, 310.564
86.6413, 310.564
86.6613, 310.564
86.6907, 310.564
86.699, 310.564
86.7007, 310.564
86.7601, 310.564
86.7929, 310.564
86.8049, 310.564
86.8149, 310.564
86.8373, 310.564
86.8885, 310.564
86.9289, 310.563
86.9295, 310.563
86.9651, 310.563
86.9895, 310.563
87.0444, 310.563
87.0457, 310.563
87.0506, 310.563
87.0958, 310.563
87.0985, 310.563
87.1423, 310.563
87.1668, 310.563
87.1794, 310.563
87.2422, 310.563
87.2488, 310.563
87.2824, 310.563
87.2984, 310.562
87.356, 310.562
87.3702, 310.562
87.3833, 310.562
87.4454, 310.562
87.4573, 310.562
87.4709, 310.562
87.4842, 310.562
87.4927, 310.562
87.516, 310.562
87.5702, 310.562
87.587, 310.562
87.6448, 310.562
87.646, 310.562
87.692, 310.561
87.7395, 310.561
87.7419, 310.561
87.7457, 310.561
87.7904, 310.561
87.8306, 310.561
87.8726, 310.561
87.9089, 310.561
87.9165, 310.561
87.961, 310.561
87.9624, 310.561
88.0071, 310.561
88.0136, 310.561
88.0532, 310.561
88.0916, 310.56
88.1074, 310.56
88.1269, 310.56
88.1538, 310.56
88.1725, 310.56
88.2097, 310.56
88.2161, 310.56
88.2412, 310.56
88.2466, 310.56
88.2761, 310.56
88.3045, 310.56
88.32, 310.56
88.3735, 310.56
88.4123, 310.56
88.4212, 310.56
88.4258, 310.56
88.4282, 310.56
88.4511, 310.56
88.4764, 310.559
88.5526, 310.559
88.584, 310.559
88.6034, 310.559
88.6196, 310.559
88.644, 310.559
88.6697, 310.559
88.7097, 310.559
88.72, 310.559
88.7264, 310.559
88.7566, 310.559
88.7849, 310.559
88.8108, 310.559
88.8574, 310.558
88.8824, 310.558
88.9138, 310.558
88.9319, 310.558
88.9584, 310.558
88.9763, 310.558
88.9864, 310.558
89.0222, 310.558
89.0746, 310.558
89.0861, 310.558
89.1054, 310.558
89.1229, 310.558
89.1505, 310.558
89.1704, 310.558
89.2186, 310.558
89.2349, 310.558
89.2707, 310.557
89.3285, 310.557
89.3294, 310.557
89.3298, 310.557
89.3801, 310.557
89.3899, 310.557
89.4103, 310.557
89.4218, 310.557
89.4319, 310.557
89.4929, 310.557
89.5267, 310.557
89.5501, 310.557
89.5837, 310.557
89.5873, 310.557
89.6, 310.557
89.6361, 310.556
89.6438, 310.556
89.6469, 310.556
89.6825, 310.556
89.687, 310.556
89.7049, 310.556
89.7182, 310.556
89.7319, 310.556
89.7585, 310.556
89.7983, 310.556
89.8252, 310.556
89.8729, 310.556
89.8949, 310.556
89.9112, 310.556
89.9432, 310.556
89.9709, 310.556
90.0125, 310.555
90.0516, 310.555
90.0952, 310.555
90.1129, 310.555
90.1172, 310.555
90.1481, 310.555
90.172, 310.555
90.2075, 310.555
90.2177, 310.555
90.2666, 310.555
90.2741, 310.555
90.329, 310.555
90.3578, 310.555
90.3691, 310.555
90.3929, 310.554
90.3996, 310.554
90.402, 310.554
90.4314, 310.554
90.4479, 310.554
90.4737, 310.554
90.4887, 310.554
90.5441, 310.554
90.5538, 310.554
90.5829, 310.554
90.5996, 310.554
90.6617, 310.554
90.6625, 310.554
90.6637, 310.554
90.6921, 310.554
90.7305, 310.554
90.7372, 310.554
90.7917, 310.553
90.7938, 310.553
90.8282, 310.553
90.8924, 310.553
90.9577, 310.553
90.9651, 310.553
90.9664, 310.553
90.9683, 310.553
90.993, 310.553
91.0083, 310.553
91.0427, 310.553
91.0641, 310.553
91.0938, 310.553
91.1237, 310.552
91.1686, 310.552
91.1985, 310.552
91.2118, 310.552
91.2506, 310.552
91.2594, 310.552
91.2668, 310.552
91.3187, 310.552
91.3272, 310.552
91.3767, 310.552
91.3875, 310.552
91.4346, 310.552
91.4714, 310.552
91.4833, 310.551
91.4923, 310.551
91.5237, 310.551
91.575, 310.551
91.5983, 310.551
91.6097, 310.551
91.6568, 310.551
91.6571, 310.551
91.6663, 310.551
91.699, 310.551
91.6999, 310.551
91.7017, 310.551
91.7597, 310.551
91.7795, 310.551
91.8044, 310.551
91.85, 310.55
91.851, 310.55
91.8528, 310.55
91.9017, 310.55
91.928, 310.55
91.9593, 310.55
91.9732, 310.55
91.9902, 310.55
92.0075, 310.55
92.0463, 310.55
92.0571, 310.55
92.0609, 310.55
92.0774, 310.55
92.0924, 310.55
92.1081, 310.55
92.138, 310.55
92.178, 310.55
92.1811, 310.55
92.2346, 310.549
92.2539, 310.549
92.2601, 310.549
92.3025, 310.549
92.3169, 310.549
92.3332, 310.549
92.3598, 310.549
92.3899, 310.549
92.3949, 310.549
92.4257, 310.549
92.4309, 310.549
92.4388, 310.549
92.463, 310.549
92.4945, 310.549
92.5297, 310.549
92.5402, 310.549
92.592, 310.548
92.5968, 310.548
92.6544, 310.548
92.6646, 310.548
92.6837, 310.548
92.7073, 310.548
92.7151, 310.548
92.7632, 310.548
92.7667, 310.548
92.8235, 310.548
92.8263, 310.548
92.8347, 310.548
92.8728, 310.548
92.8862, 310.548
92.892, 310.548
92.9221, 310.548
92.9525, 310.547
92.9551, 310.547
92.9942, 310.547
93.011, 310.547
93.0336, 310.547
93.057, 310.547
93.0617, 310.547
93.069, 310.547
93.0892, 310.547
93.151, 310.547
93.1817, 310.547
93.2233, 310.547
93.2245, 310.547
93.2268, 310.547
93.286, 310.546
93.332, 310.546
93.3502, 310.546
93.3752, 310.546
93.3905, 310.546
93.4169, 310.546
93.4247, 310.546
93.4338, 310.546
93.4744, 310.546
93.5197, 310.546
93.5327, 310.546
93.5602, 310.546
93.5719, 310.546
93.5909, 310.546
93.6301, 310.546
93.6771, 310.545
93.6975, 310.545
93.7178, 310.545
93.7251, 310.545
93.7428, 310.545
93.7721, 310.545
93.7879, 310.545
93.8077, 310.545
93.8225, 310.545
93.8488, 310.545
93.8721, 310.545
93.9, 310.545
93.9231, 310.545
93.9679, 310.545
94.013, 310.544
94.0203, 310.544
94.0957, 310.544
94.1035, 310.544
94.1117, 310.544
94.1556, 310.544
94.176, 310.544
94.2061, 310.544
94.2114, 310.544
94.2135, 310.544
94.2395, 310.544
94.2571, 310.544
94.2593, 310.544
94.3013, 310.544
94.3485, 310.543
94.3498, 310.543
94.35, 310.543
94.3524, 310.543
94.3994, 310.543
94.4148, 310.543
94.4591, 310.543
94.4859, 310.543
94.5202, 310.543
94.5741, 310.543
94.6081, 310.543
94.622, 310.543
94.6248, 310.543
94.6518, 310.543
94.6958, 310.543
94.7714, 310.542
94.7727, 310.542
94.7729, 310.542
94.8151, 310.542
94.8575, 310.542
94.8825, 310.542
94.9309, 310.542
94.9407, 310.542
94.9774, 310.542
95.0054, 310.542
95.0536, 310.541
95.0862, 310.541
95.1027, 310.541
95.1176, 310.541
95.1378, 310.541
95.1718, 310.541
95.1955, 310.541
95.2518, 310.541
95.2557, 310.541
95.3157, 310.541
95.3273, 310.541
95.3581, 310.541
95.4118, 310.54
95.4198, 310.54
95.465, 310.54
95.487, 310.54
95.4976, 310.54
95.5266, 310.54
95.5518, 310.54
95.5841, 310.54
95.6108, 310.54
95.6495, 310.54
95.6946, 310.54
95.696, 310.54
95.7253, 310.54
95.736, 310.54
95.7742, 310.539
95.8038, 310.539
95.8158, 310.539
95.8326, 310.539
95.8469, 310.539
95.8809, 310.539
95.8927, 310.539
95.934, 310.539
95.955, 310.539
96.0328, 310.539
96.0561, 310.539
96.068, 310.539
96.0873, 310.539
96.1055, 310.538
96.1221, 310.538
96.1475, 310.538
96.1986, 310.538
96.2323, 310.538
96.2541, 310.538
96.2664, 310.538
96.309, 310.538
96.3458, 310.538
96.3713, 310.538
96.3936, 310.538
96.4437, 310.537
96.4633, 310.537
96.4867, 310.537
96.5255, 310.537
96.5361, 310.537
96.5741, 310.537
96.6177, 310.537
96.633, 310.537
96.6424, 310.537
96.6816, 310.537
96.7365, 310.537
96.7481, 310.537
96.7872, 310.537
96.8423, 310.536
96.8617, 310.536
96.9076, 310.536
96.9446, 310.536
96.9663, 310.536
96.9982, 310.536
97.0046, 310.536
97.066, 310.536
97.1071, 310.536
97.1194, 310.536
97.1722, 310.535
97.177, 310.535
97.2174, 310.535
97.257, 310.535
97.2859, 310.535
97.3142, 310.535
97.3435, 310.535
97.3447, 310.535
97.3981, 310.535
97.4282, 310.535
97.4831, 310.534
97.4994, 310.534
97.5528, 310.534
97.567, 310.534
97.6012, 310.534
97.605, 310.534
97.6147, 310.534
97.6402, 310.534
97.6637, 310.534
97.6821, 310.534
97.6908, 310.534
97.7303, 310.534
97.7431, 310.534
97.8083, 310.534
97.8451, 310.533
97.8762, 310.533
97.9295, 310.533
97.9393, 310.533
97.9439, 310.533
97.9479, 310.533
97.9814, 310.533
98.0135, 310.533
98.0865, 310.533
98.0901, 310.533
98.1486, 310.533
98.1587, 310.533
98.1878, 310.532
98.1961, 310.532
98.2551, 310.532
98.2573, 310.532
98.261, 310.532
98.3108, 310.532
98.3634, 310.532
98.3898, 310.532
98.4079, 310.532
98.4564, 310.532
98.4616, 310.532
98.5056, 310.532
98.5763, 310.531
98.603, 310.531
98.6218, 310.531
98.6703, 310.531
98.6835, 310.531
98.7163, 310.531
98.7238, 310.531
98.7432, 310.531
98.7649, 310.531
98.831, 310.531
98.831, 310.531
98.8313, 310.531
98.8829, 310.53
98.8841, 310.53
98.9071, 310.53
98.9255, 310.53
98.9263, 310.53
98.9338, 310.53
98.9852, 310.53
99.0119, 310.53
99.0454, 310.53
99.0751, 310.53
99.0918, 310.53
99.1339, 310.53
99.1892, 310.53
99.1936, 310.53
99.2021, 310.53
99.2281, 310.529
99.2813, 310.529
99.2957, 310.529
99.3047, 310.529
99.3325, 310.529
99.3824, 310.529
99.3855, 310.529
99.3991, 310.529
99.4641, 310.529
99.4797, 310.529
99.4879, 310.529
99.4984, 310.529
99.5266, 310.529
99.5671, 310.528
99.585, 310.528
99.6037, 310.528
99.6419, 310.528
99.6801, 310.528
99.7075, 310.528
99.7401, 310.528
99.7946, 310.528
99.8119, 310.528
99.8176, 310.528
99.8281, 310.528
99.8798, 310.528
99.8971, 310.528
99.9423, 310.527
99.9432, 310.527
99.9436, 310.527
100.002, 310.527
100.027, 310.527
100.086, 310.527
100.09, 310.527
100.143, 310.527
100.185, 310.527
100.203, 310.527
100.233, 310.527
100.272, 310.526
100.306, 310.526
100.352, 310.526
100.363, 310.526
100.405, 310.526
100.455, 310.526
100.475, 310.526
100.498, 310.526
100.512, 310.526
100.554, 310.526
100.595, 310.526
100.628, 310.525
100.647, 310.525
100.673, 310.525
100.712, 310.525
100.753, 310.525
100.773, 310.525
100.797, 310.525
100.856, 310.525
100.865, 310.525
100.873, 310.525
100.926, 310.525
100.951, 310.525
100.995, 310.524
101.01, 310.524
101.04, 310.524
101.097, 310.524
101.12, 310.524
101.174, 310.524
101.19, 310.524
101.196, 310.524
101.226, 310.524
101.268, 310.524
101.271, 310.524
101.301, 310.524
101.336, 310.523
101.357, 310.523
101.406, 310.523
101.428, 310.523
101.438, 310.523
101.464, 310.523
101.475, 310.523
101.523, 310.523
101.542, 310.523
101.572, 310.523
101.624, 310.523
101.669, 310.523
101.671, 310.523
101.716, 310.522
101.733, 310.522
101.775, 310.522
101.779, 310.522
101.783, 310.522
101.816, 310.522
101.864, 310.522
101.895, 310.522
101.923, 310.522
101.942, 310.522
101.974, 310.522
102.005, 310.522
102.027, 310.522
102.041, 310.522
102.086, 310.521
102.102, 310.521
102.16, 310.521
102.164, 310.521
102.179, 310.521
102.227, 310.521
102.281, 310.521
102.297, 310.521
102.338, 310.521
102.368, 310.521
102.426, 310.52
102.463, 310.52
102.531, 310.52
102.54, 310.52
102.548, 310.52
102.581, 310.52
102.599, 310.52
102.631, 310.52
102.659, 310.52
102.66, 310.52
102.682, 310.52
102.683, 310.52
102.698, 310.52
102.705, 310.52
102.727, 310.52
102.784, 310.519
102.812, 310.519
102.841, 310.519
102.864, 310.519
102.916, 310.519
102.917, 310.519
102.921, 310.519
102.963, 310.519
103.026, 310.519
103.029, 310.519
103.053, 310.519
103.069, 310.519
103.08, 310.519
103.115, 310.519
103.143, 310.519
103.157, 310.518
103.217, 310.518
103.22, 310.518
103.225, 310.518
103.273, 310.518
103.315, 310.518
103.327, 310.518
103.363, 310.518
103.379, 310.518
103.438, 310.518
103.47, 310.518
103.477, 310.518
103.49, 310.518
103.501, 310.518
103.545, 310.517
103.57, 310.517
103.59, 310.517
103.621, 310.517
103.66, 310.517
103.669, 310.517
103.676, 310.517
103.704, 310.517
103.744, 310.517
103.765, 310.517
103.785, 310.517
103.847, 310.517
103.852, 310.517
103.919, 310.516
103.926, 310.516
103.93, 310.516
103.989, 310.516
104.06, 310.516
104.091, 310.516
104.102, 310.516
104.109, 310.516
104.15, 310.516
104.181, 310.516
104.254, 310.516
104.255, 310.516
104.257, 310.516
104.319, 310.515
104.336, 310.515
104.377, 310.515
104.394, 310.515
104.419, 310.515
104.477, 310.515
104.489, 310.515
104.511, 310.515
104.561, 310.515
104.579, 310.515
104.595, 310.515
104.63, 310.515
104.648, 310.515
104.69, 310.515
104.751, 310.514
104.752, 310.514
104.757, 310.514
104.79, 310.514
104.847, 310.514
104.861, 310.514
104.9, 310.514
104.919, 310.514
104.938, 310.514
104.971, 310.514
105.012, 310.514
105.014, 310.514
105.028, 310.514
105.055, 310.514
105.061, 310.514
105.088, 310.514
105.089, 310.514
105.098, 310.514
105.131, 310.513
105.178, 310.513
105.222, 310.513
105.245, 310.513
105.259, 310.513
105.282, 310.513
105.288, 310.513
105.293, 310.513
105.317, 310.513
105.357, 310.513
105.417, 310.513
105.438, 310.513
105.455, 310.513
105.471, 310.513
105.507, 310.513
105.52, 310.512
105.57, 310.512
105.578, 310.512
105.591, 310.512
105.636, 310.512
105.677, 310.512
105.682, 310.512
105.725, 310.512
105.736, 310.512
105.786, 310.512
105.802, 310.512
105.831, 310.512
105.86, 310.512
105.868, 310.512
105.894, 310.512
105.916, 310.512
105.979, 310.511
106.012, 310.511
106.027, 310.511
106.059, 310.511
106.093, 310.511
106.115, 310.511
106.146, 310.511
106.192, 310.511
106.194, 310.511
106.229, 310.511
106.256, 310.511
106.298, 310.511
106.321, 310.511
106.327, 310.511
106.335, 310.511
106.395, 310.511
106.412, 310.51
106.457, 310.51
106.492, 310.51
106.5, 310.51
106.507, 310.51
106.558, 310.51
106.624, 310.51
106.664, 310.51
106.673, 310.51
106.722, 310.51
106.76, 310.51
106.776, 310.51
106.785, 310.51
106.82, 310.51
106.856, 310.51
106.886, 310.509
106.933, 310.509
106.945, 310.509
106.969, 310.509
107.013, 310.509
107.073, 310.509
107.081, 310.509
107.131, 310.509
107.149, 310.509
107.206, 310.509
107.211, 310.509
107.243, 310.509
107.248, 310.509
107.27, 310.509
107.28, 310.509
107.327, 310.509
107.365, 310.508
107.386, 310.508
107.419, 310.508
107.433, 310.508
107.452, 310.508
107.485, 310.508
107.508, 310.508
107.559, 310.508
107.588, 310.508
107.605, 310.508
107.615, 310.508
107.639, 310.508
107.642, 310.508
107.688, 310.508
107.722, 310.508
107.746, 310.508
107.769, 310.508
107.788, 310.508
107.831, 310.508
107.842, 310.508
107.893, 310.507
107.921, 310.507
107.947, 310.507
107.961, 310.507
107.976, 310.507
108.02, 310.507
108.028, 310.507
108.081, 310.507
108.12, 310.507
108.135, 310.507
108.143, 310.507
108.194, 310.507
108.214, 310.507
108.259, 310.507
108.266, 310.507
108.308, 310.507
108.31, 310.507
108.338, 310.507
108.377, 310.507
108.396, 310.507
108.432, 310.507
108.468, 310.507
108.494, 310.506
108.522, 310.506
108.534, 310.506
108.591, 310.506
108.597, 310.506
108.605, 310.506
108.644, 310.506
108.678, 310.506
108.698, 310.506
108.727, 310.506
108.728, 310.506
108.728, 310.506
108.764, 310.506
108.787, 310.506
108.805, 310.506
108.818, 310.506
108.841, 310.506
108.869, 310.506
108.882, 310.506
108.918, 310.506
108.953, 310.506
108.979, 310.506
108.987, 310.506
108.999, 310.506
109.029, 310.506
109.037, 310.506
109.066, 310.506
109.079, 310.506
109.123, 310.506
109.135, 310.506
109.174, 310.506
109.177, 310.506
109.183, 310.505
109.239, 310.505
109.277, 310.505
109.283, 310.505
109.305, 310.505
109.311, 310.505
109.355, 310.505
109.358, 310.505
109.359, 310.505
109.36, 310.505
109.399, 310.505
109.434, 310.505
109.444, 310.505
109.485, 310.505
109.496, 310.505
109.517, 310.505
109.543, 310.505
109.568, 310.505
109.581, 310.505
109.621, 310.505
109.66, 310.505
109.672, 310.505
109.674, 310.505
109.7, 310.505
109.715, 310.505
109.728, 310.505
109.761, 310.505
109.814, 310.505
109.827, 310.505
109.859, 310.505
109.863, 310.505
109.932, 310.505
110, 310.505
110.137, 310.502
110.228, 310.5
110.258, 310.499
110.369, 310.498
110.482, 310.496
110.657, 310.495
110.693, 310.495
110.986, 310.493
111, 310.493


