X,T
5.65395e-17, 310.15
0.111652, 310.15
0.403591, 310.15
0.660531, 310.15
0.777095, 310.15
1.00167, 310.15
1.01544, 310.15
1.12028, 310.15
1.46844, 310.15
1.70111, 310.15
1.77404, 310.15
1.85469, 310.15
2.06271, 310.15
2.5637, 310.15
2.62182, 310.15
2.72681, 310.15
3.08035, 310.15
3.14012, 310.15
3.42866, 310.15
3.47026, 310.15
3.62749, 310.15
3.74387, 310.15
4.17445, 310.15
4.27615, 310.15
4.3709, 310.15
4.49233, 310.15
4.8383, 310.15
5.059, 310.15
5.18537, 310.15
5.40092, 310.15
5.63451, 310.15
5.94784, 310.15
6.13083, 310.15
6.28942, 310.15
6.60029, 310.15
6.80765, 310.15
7.08538, 310.15
7.40452, 310.15
7.47478, 310.15
7.50825, 310.15
7.87584, 310.15
8.46272, 310.15
8.60865, 310.15
8.79731, 310.15
8.81028, 310.15
8.98494, 310.15
9.03546, 310.15
9.44115, 310.15
9.72417, 310.15
9.78404, 310.15
9.80013, 310.15
9.80994, 310.15
10.0847, 310.15
10.0952, 310.15
10.1058, 310.15
10.1346, 310.15
10.428, 310.15
10.7407, 310.15
10.9547, 310.15
11.0735, 310.15
11.1922, 310.15
11.2334, 310.15
11.625, 310.15
11.9489, 310.15
12.3015, 310.15
12.5804, 310.15
12.9603, 310.15
13.1668, 310.15
13.2752, 310.15
13.6499, 310.15
13.8615, 310.15
14.0532, 310.15
14.2182, 310.15
14.386, 310.15
14.7577, 310.15
14.9258, 310.15
15.194, 310.15
15.4228, 310.15
15.6413, 310.15
15.9854, 310.15
16.2872, 310.15
16.3204, 310.15
16.3684, 310.15
16.7262, 310.15
16.8292, 310.15
16.9986, 310.15
17.3993, 310.15
17.6287, 310.15
17.7661, 310.15
18.0621, 310.15
18.295, 310.15
18.438, 310.15
18.9198, 310.15
18.9229, 310.15
18.9247, 310.15
19.5235, 310.15
19.633, 310.15
19.9034, 310.15
20.1527, 310.15
20.3334, 310.15
20.6371, 310.15
20.6394, 310.15
20.6411, 310.15
20.6523, 310.15
21.3891, 310.15
21.4829, 310.15
21.5722, 310.15
21.7969, 310.15
22.2963, 310.15
22.3287, 310.15
22.3679, 310.15
22.526, 310.15
23.0528, 310.15
23.1192, 310.15
23.1311, 310.15
23.3347, 310.15
23.6672, 310.15
23.8484, 310.15
23.862, 310.15
23.9841, 310.15
24.0309, 310.15
24.6114, 310.15
24.796, 310.15
25.0449, 310.15
25.0872, 310.15
25.1467, 310.15
25.5274, 310.15
25.7038, 310.15
25.9095, 310.15
26.068, 310.15
26.125, 310.15
26.5801, 310.151
26.8933, 310.151
26.9449, 310.151
26.9607, 310.151
27.4174, 310.151
27.5022, 310.151
27.7477, 310.151
27.8517, 310.151
28.2806, 310.151
28.6079, 310.151
28.6461, 310.151
28.6702, 310.151
28.891, 310.151
28.9707, 310.151
28.9765, 310.151
28.9838, 310.151
29.0142, 310.151
29.3915, 310.151
29.6358, 310.151
29.9134, 310.151
29.981, 310.151
30.211, 310.151
30.2274, 310.151
30.5374, 310.151
30.8133, 310.151
31.042, 310.151
31.3759, 310.151
31.4802, 310.151
31.6119, 310.151
31.9194, 310.151
32.1335, 310.151
32.4237, 310.151
32.745, 310.151
33.098, 310.151
33.4287, 310.151
33.6064, 310.151
33.9978, 310.151
34.2219, 310.151
34.3137, 310.151
34.3259, 310.151
34.3784, 310.151
34.5254, 310.151
35.1462, 310.151
35.1916, 310.151
35.2056, 310.151
35.5727, 310.152
35.8424, 310.152
35.9048, 310.152
35.9606, 310.152
36.0721, 310.152
36.1576, 310.152
36.3292, 310.152
36.5138, 310.152
36.6686, 310.152
36.9288, 310.152
37.3182, 310.152
37.379, 310.152
37.4246, 310.152
37.5285, 310.152
37.6126, 310.152
37.6691, 310.152
37.8471, 310.152
38.1809, 310.152
38.3481, 310.152
38.5352, 310.152
39.0182, 310.153
39.2528, 310.153
39.6144, 310.153
39.7212, 310.153
40.0098, 310.153
40.0317, 310.153
40.056, 310.153
40.0954, 310.153
40.391, 310.153
40.5301, 310.153
40.6862, 310.153
40.9809, 310.153
41.1577, 310.154
41.4305, 310.154
41.7489, 310.154
41.8217, 310.154
42.074, 310.154
42.318, 310.154
42.3271, 310.154
42.3305, 310.154
42.5885, 310.155
42.9977, 310.155
43.3458, 310.155
43.5567, 310.155
43.7664, 310.156
43.8896, 310.156
44.3122, 310.156
44.3462, 310.156
44.6853, 310.157
44.892, 310.157
45.4194, 310.158
45.4638, 310.158
45.496, 310.158
45.5327, 310.158
45.5407, 310.158
45.628, 310.158
45.6336, 310.158
46.146, 310.159
46.6188, 310.16
46.6843, 310.16
46.7066, 310.16
46.7418, 310.16
46.804, 310.161
46.8687, 310.161
46.8858, 310.161
47.521, 310.162
47.6033, 310.163
47.8376, 310.163
47.976, 310.164
48.0467, 310.164
48.2974, 310.165
48.5714, 310.166
48.8625, 310.167
48.8975, 310.167
48.9366, 310.167
49.1369, 310.168
49.1622, 310.168
49.5948, 310.17
49.9534, 310.172
50.03, 310.172
50.2963, 310.174
50.4037, 310.175
50.6279, 310.176
50.6816, 310.177
50.7499, 310.177
50.9315, 310.178
51.1418, 310.179
51.5171, 310.183
51.6701, 310.184
51.6964, 310.184
51.7187, 310.185
51.8073, 310.185
51.8435, 310.186
51.8746, 310.186
51.8998, 310.186
52.2718, 310.189
52.4959, 310.192
52.8838, 310.197
53.0046, 310.198
53.1137, 310.199
53.3862, 310.204
53.7293, 310.209
53.7974, 310.21
53.8143, 310.21
53.9785, 310.213
54.3652, 310.22
54.4816, 310.222
54.5931, 310.224
54.6804, 310.226
55.0645, 310.234
55.2131, 310.238
55.5898, 310.248
55.7991, 310.254
56.0158, 310.261
56.2086, 310.267
56.6179, 310.284
56.8215, 310.292
56.8666, 310.294
57.0524, 310.303
57.3933, 310.319
57.598, 310.331
57.6451, 310.334
57.6928, 310.338
57.8541, 310.35
58, 310.362
58.0663, 310.362
58.1196, 310.362
58.123, 310.362
58.1674, 310.362
58.2046, 310.362
58.2089, 310.362
58.2365, 310.362
58.2553, 310.362
58.2818, 310.363
58.3068, 310.363
58.3114, 310.363
58.3655, 310.363
58.3688, 310.363
58.3943, 310.363
58.4095, 310.363
58.436, 310.363
58.4629, 310.363
58.4771, 310.363
58.4932, 310.363
58.5459, 310.363
58.5704, 310.363
58.5974, 310.363
58.6014, 310.363
58.6022, 310.363
58.6109, 310.363
58.66, 310.363
58.6986, 310.363
58.7077, 310.363
58.7453, 310.363
58.7489, 310.363
58.7498, 310.364
58.8011, 310.364
58.8332, 310.364
58.8484, 310.364
58.8821, 310.364
58.9199, 310.364
58.9304, 310.364
58.9801, 310.364
59.0022, 310.364
59.0167, 310.364
59.0623, 310.364
59.1019, 310.364
59.1033, 310.364
59.1736, 310.364
59.1875, 310.365
59.1952, 310.365
59.2163, 310.365
59.2401, 310.365
59.2783, 310.365
59.288, 310.365
59.294, 310.365
59.3549, 310.365
59.387, 310.365
59.4067, 310.365
59.4386, 310.365
59.475, 310.365
59.5019, 310.365
59.5178, 310.365
59.5383, 310.365
59.5988, 310.365
59.6009, 310.365
59.6236, 310.366
59.6707, 310.366
59.6731, 310.366
59.7177, 310.366
59.7413, 310.366
59.7694, 310.366
59.7995, 310.366
59.8317, 310.366
59.8371, 310.366
59.8694, 310.366
59.889, 310.366
59.9195, 310.366
59.9455, 310.366
59.9564, 310.366
60.0227, 310.366
60.0533, 310.367
60.0979, 310.367
60.1, 310.367
60.1344, 310.367
60.1455, 310.367
60.1575, 310.367
60.1887, 310.367
60.2246, 310.367
60.2442, 310.367
60.2487, 310.367
60.2904, 310.367
60.3253, 310.367
60.375, 310.367
60.3752, 310.367
60.4149, 310.367
60.4156, 310.367
60.4597, 310.367
60.4631, 310.367
60.4836, 310.367
60.499, 310.367
60.5032, 310.367
60.5354, 310.368
60.5404, 310.368
60.5572, 310.368
60.5885, 310.368
60.6232, 310.368
60.6649, 310.368
60.698, 310.368
60.7113, 310.368
60.7188, 310.368
60.733, 310.368
60.7687, 310.368
60.8096, 310.368
60.824, 310.368
60.846, 310.368
60.8837, 310.368
60.9007, 310.368
60.9351, 310.368
60.9401, 310.368
60.9487, 310.368
60.9841, 310.368
61.0157, 310.369
61.0584, 310.369
61.0735, 310.369
61.1013, 310.369
61.1072, 310.369
61.1171, 310.369
61.1752, 310.369
61.2147, 310.369
61.2272, 310.369
61.278, 310.369
61.3058, 310.369
61.3355, 310.369
61.3518, 310.369
61.402, 310.369
61.4431, 310.369
61.4554, 310.369
61.4981, 310.369
61.5243, 310.369
61.5487, 310.37
61.5722, 310.37
61.6036, 310.37
61.6245, 310.37
61.6469, 310.37
61.6565, 310.37
61.7019, 310.37
61.731, 310.37
61.7508, 310.37
61.7528, 310.37
61.7798, 310.37
61.8092, 310.37
61.8199, 310.37
61.8567, 310.37
61.8766, 310.37
61.9073, 310.37
61.9604, 310.37
61.9865, 310.37
62.0199, 310.37
62.0889, 310.37
62.1008, 310.37
62.1234, 310.37
62.1882, 310.371
62.1979, 310.371
62.2441, 310.371
62.299, 310.371
62.3036, 310.371
62.3089, 310.371
62.3333, 310.371
62.3488, 310.371
62.3953, 310.371
62.3997, 310.371
62.4329, 310.371
62.4545, 310.371
62.5514, 310.371
62.5553, 310.371
62.6061, 310.371
62.6097, 310.371
62.6177, 310.371
62.6383, 310.371
62.6607, 310.371
62.7074, 310.371
62.7129, 310.371
62.7611, 310.371
62.7889, 310.371
62.8154, 310.372
62.8443, 310.372
62.8582, 310.372
62.8806, 310.372
62.9136, 310.372
62.9326, 310.372
62.9548, 310.372
62.9629, 310.372
62.9672, 310.372
62.9915, 310.372
63.037, 310.372
63.0701, 310.372
63.1145, 310.372
63.1283, 310.372
63.1399, 310.372
63.1933, 310.372
63.2421, 310.372
63.2901, 310.372
63.2914, 310.372
63.292, 310.372
63.3096, 310.372
63.3251, 310.372
63.367, 310.372
63.3756, 310.372
63.4092, 310.372
63.4425, 310.372
63.46, 310.372
63.4646, 310.372
63.5183, 310.372
63.5457, 310.372
63.5927, 310.373
63.595, 310.373
63.6257, 310.373
63.6316, 310.373
63.6896, 310.373
63.7047, 310.373
63.7156, 310.373
63.7276, 310.373
63.7546, 310.373
63.7776, 310.373
63.8414, 310.373
63.8729, 310.373
63.8743, 310.373
63.9462, 310.373
63.9567, 310.373
63.9632, 310.373
64.0264, 310.373
64.067, 310.373
64.0806, 310.373
64.09, 310.373
64.1611, 310.373
64.1745, 310.373
64.1807, 310.373
64.2292, 310.373
64.2495, 310.373
64.2769, 310.373
64.2991, 310.373
64.3271, 310.373
64.3287, 310.373
64.3341, 310.373
64.3822, 310.373
64.4077, 310.373
64.4686, 310.373
64.4713, 310.373
64.496, 310.374
64.5117, 310.374
64.5133, 310.374
64.5257, 310.374
64.5583, 310.374
64.5876, 310.374
64.608, 310.374
64.6211, 310.374
64.6689, 310.374
64.6896, 310.374
64.7265, 310.374
64.7549, 310.374
64.7977, 310.374
64.8025, 310.374
64.8425, 310.374
64.8714, 310.374
64.884, 310.374
64.928, 310.374
64.9521, 310.374
64.9744, 310.374
65.0408, 310.374
65.0434, 310.374
65.1008, 310.374
65.1127, 310.374
65.1439, 310.374
65.1681, 310.374
65.1966, 310.374
65.2247, 310.374
65.2451, 310.374
65.2719, 310.374
65.3586, 310.374
65.3855, 310.374
65.4081, 310.374
65.4263, 310.374
65.4365, 310.374
65.4829, 310.374
65.4875, 310.374
65.4905, 310.374
65.5357, 310.374
65.5942, 310.374
65.6114, 310.374
65.6443, 310.374
65.6889, 310.374
65.7049, 310.375
65.7401, 310.375
65.7445, 310.375
65.784, 310.375
65.797, 310.375
65.8581, 310.375
65.8847, 310.375
65.9146, 310.375
65.9568, 310.375
65.9682, 310.375
66.007, 310.375
66.0167, 310.375
66.0366, 310.375
66.0854, 310.375
66.0873, 310.375
66.1054, 310.375
66.1487, 310.375
66.1621, 310.375
66.1639, 310.375
66.1942, 310.375
66.2169, 310.375
66.2618, 310.375
66.3103, 310.375
66.3491, 310.375
66.3823, 310.375
66.4319, 310.375
66.4426, 310.375
66.4472, 310.375
66.4931, 310.375
66.5075, 310.375
66.5163, 310.375
66.5231, 310.375
66.5289, 310.375
66.5723, 310.375
66.6144, 310.375
66.6297, 310.375
66.6415, 310.375
66.6668, 310.375
66.6768, 310.375
66.7056, 310.375
66.7164, 310.375
66.762, 310.375
66.7962, 310.375
66.8382, 310.375
66.8627, 310.375
66.9114, 310.375
66.9563, 310.375
66.9711, 310.375
67.0229, 310.375
67.0334, 310.375
67.0443, 310.375
67.0952, 310.375
67.1131, 310.375
67.1414, 310.375
67.1952, 310.375
67.2071, 310.375
67.2665, 310.375
67.2852, 310.375
67.3104, 310.375
67.3253, 310.375
67.3898, 310.375
67.3965, 310.375
67.4053, 310.375
67.4598, 310.375
67.4784, 310.375
67.5059, 310.375
67.5321, 310.375
67.5604, 310.375
67.5703, 310.375
67.5866, 310.375
67.6264, 310.375
67.628, 310.375
67.6292, 310.375
67.6355, 310.375
67.6917, 310.375
67.7159, 310.375
67.7374, 310.375
67.7855, 310.375
67.8145, 310.375
67.8294, 310.376
67.8427, 310.376
67.9132, 310.376
67.9228, 310.376
67.9311, 310.376
67.9656, 310.376
68.0153, 310.376
68.0179, 310.376
68.0197, 310.376
68.0564, 310.376
68.0991, 310.376
68.1149, 310.376
68.1671, 310.376
68.1899, 310.376
68.2053, 310.376
68.2189, 310.376
68.2603, 310.376
68.3056, 310.376
68.3068, 310.376
68.3246, 310.376
68.3419, 310.376
68.3482, 310.376
68.3998, 310.376
68.4155, 310.376
68.4512, 310.376
68.4558, 310.376
68.4832, 310.376
68.4935, 310.376
68.4957, 310.376
68.5323, 310.376
68.5571, 310.376
68.5939, 310.376
68.5964, 310.376
68.6507, 310.376
68.6688, 310.376
68.706, 310.376
68.7179, 310.376
68.7535, 310.376
68.7764, 310.376
68.7841, 310.376
68.816, 310.376
68.8456, 310.376
68.8603, 310.376
68.8739, 310.376
68.9209, 310.376
68.9583, 310.376
68.9612, 310.376
68.9622, 310.376
69.0267, 310.376
69.0434, 310.376
69.0624, 310.376
69.0823, 310.376
69.1112, 310.376
69.1384, 310.376
69.1735, 310.376
69.1918, 310.376
69.2025, 310.376
69.2318, 310.376
69.2726, 310.376
69.2749, 310.376
69.3006, 310.376
69.3387, 310.376
69.3432, 310.376
69.3474, 310.376
69.3547, 310.376
69.3772, 310.376
69.4067, 310.376
69.409, 310.376
69.4487, 310.376
69.4517, 310.376
69.4624, 310.376
69.4819, 310.376
69.4934, 310.376
69.5355, 310.376
69.5609, 310.376
69.5855, 310.376
69.6267, 310.376
69.64, 310.376
69.673, 310.376
69.6911, 310.376
69.7188, 310.376
69.7517, 310.376
69.7611, 310.376
69.8034, 310.376
69.8293, 310.376
69.9037, 310.376
69.9111, 310.376
69.954, 310.376
69.9593, 310.376
69.998, 310.376
70.0154, 310.376
70.0272, 310.376
70.0507, 310.376
70.0513, 310.376
70.0698, 310.376
70.0973, 310.376
70.117, 310.376
70.1237, 310.376
70.1306, 310.376
70.1504, 310.376
70.1634, 310.376
70.1929, 310.376
70.2167, 310.376
70.2466, 310.376
70.2907, 310.376
70.297, 310.376
70.3323, 310.376
70.3505, 310.376
70.359, 310.376
70.3734, 310.376
70.3846, 310.376
70.4145, 310.376
70.4299, 310.376
70.4851, 310.376
70.5128, 310.376
70.5229, 310.376
70.5644, 310.376
70.5811, 310.376
70.5978, 310.376
70.6211, 310.376
70.689, 310.376
70.7047, 310.376
70.713, 310.376
70.7623, 310.376
70.7991, 310.376
70.8452, 310.376
70.8547, 310.376
70.9023, 310.376
70.943, 310.376
70.9475, 310.376
70.9934, 310.376
71.0056, 310.376
71.0247, 310.376
71.0344, 310.376
71.0413, 310.376
71.048, 310.376
71.1003, 310.376
71.1226, 310.376
71.1345, 310.376
71.1491, 310.376
71.1673, 310.376
71.1999, 310.376
71.211, 310.376
71.2576, 310.376
71.2832, 310.376
71.3153, 310.376
71.3505, 310.376
71.3771, 310.376
71.4043, 310.375
71.4292, 310.375
71.4705, 310.375
71.4742, 310.375
71.5163, 310.375
71.5517, 310.375
71.5685, 310.375
71.5752, 310.375
71.6253, 310.375
71.6346, 310.375
71.665, 310.375
71.6947, 310.375
71.738, 310.375
71.7605, 310.375
71.7723, 310.375
71.7803, 310.375
71.8124, 310.375
71.8268, 310.375
71.8661, 310.375
71.871, 310.375
71.9055, 310.375
71.9464, 310.375
71.9878, 310.375
71.9932, 310.375
71.9965, 310.375
72.0041, 310.375
72.0381, 310.375
72.0735, 310.375
72.0813, 310.375
72.087, 310.375
72.1354, 310.375
72.1399, 310.375
72.1701, 310.375
72.1827, 310.375
72.2193, 310.375
72.2397, 310.375
72.2746, 310.375
72.3053, 310.375
72.3175, 310.375
72.3508, 310.375
72.3725, 310.375
72.4032, 310.375
72.4154, 310.375
72.4616, 310.375
72.4663, 310.375
72.5129, 310.375
72.5544, 310.375
72.5698, 310.375
72.5983, 310.375
72.6187, 310.375
72.6358, 310.375
72.647, 310.375
72.6748, 310.375
72.6819, 310.375
72.7128, 310.375
72.7618, 310.375
72.7654, 310.375
72.77, 310.375
72.8296, 310.375
72.852, 310.375
72.857, 310.375
72.8798, 310.375
72.9023, 310.375
72.9354, 310.375
72.9472, 310.375
72.9868, 310.375
72.9983, 310.375
73.0454, 310.375
73.0576, 310.375
73.063, 310.375
73.0781, 310.375
73.1294, 310.375
73.1492, 310.375
73.173, 310.375
73.228, 310.375
73.2397, 310.375
73.2666, 310.375
73.3431, 310.375
73.3984, 310.375
73.4209, 310.375
73.4266, 310.375
73.4347, 310.375
73.515, 310.375
73.5348, 310.375
73.5967, 310.375
73.6182, 310.375
73.6621, 310.375
73.6817, 310.375
73.713, 310.375
73.7217, 310.375
73.7407, 310.375
73.7661, 310.375
73.7973, 310.375
73.8278, 310.375
73.8451, 310.375
73.8819, 310.375
73.8999, 310.375
73.9331, 310.375
73.9482, 310.375
73.9868, 310.375
73.9979, 310.375
74.0241, 310.374
74.0326, 310.374
74.072, 310.374
74.0955, 310.374
74.134, 310.374
74.1459, 310.374
74.1593, 310.374
74.1833, 310.374
74.1994, 310.374
74.2186, 310.374
74.2714, 310.374
74.2829, 310.374
74.3743, 310.374
74.3826, 310.374
74.3983, 310.374
74.4315, 310.374
74.4352, 310.374
74.4446, 310.374
74.4879, 310.374
74.5354, 310.374
74.544, 310.374
74.5796, 310.374
74.5946, 310.374
74.5976, 310.374
74.6035, 310.374
74.6417, 310.374
74.6623, 310.374
74.6932, 310.374
74.7069, 310.374
74.7438, 310.374
74.7669, 310.374
74.803, 310.374
74.8522, 310.374
74.8545, 310.374
74.8935, 310.374
74.9012, 310.374
74.9583, 310.374
74.9768, 310.374
75.0077, 310.374
75.0199, 310.374
75.0314, 310.374
75.0572, 310.374
75.0808, 310.374
75.1006, 310.374
75.1215, 310.374
75.1318, 310.374
75.137, 310.374
75.2017, 310.374
75.2198, 310.374
75.2582, 310.374
75.291, 310.374
75.316, 310.374
75.3272, 310.374
75.3362, 310.374
75.377, 310.374
75.3812, 310.374
75.3979, 310.374
75.4605, 310.374
75.4773, 310.374
75.489, 310.374
75.549, 310.374
75.5565, 310.374
75.5879, 310.374
75.6008, 310.374
75.6863, 310.374
75.6881, 310.374
75.728, 310.373
75.7395, 310.373
75.7836, 310.373
75.7847, 310.373
75.7856, 310.373
75.829, 310.373
75.8784, 310.373
75.9151, 310.373
75.9175, 310.373
75.9212, 310.373
75.9634, 310.373
76.0001, 310.373
76.0238, 310.373
76.036, 310.373
76.0691, 310.373
76.0727, 310.373
76.0739, 310.373
76.1179, 310.373
76.1255, 310.373
76.1654, 310.373
76.1871, 310.373
76.249, 310.373
76.2505, 310.373
76.2534, 310.373
76.297, 310.373
76.3363, 310.373
76.3583, 310.373
76.3725, 310.373
76.4102, 310.373
76.4421, 310.373
76.4648, 310.373
76.4775, 310.373
76.5521, 310.373
76.566, 310.373
76.5984, 310.373
76.6469, 310.373
76.6494, 310.373
76.6502, 310.373
76.7028, 310.373
76.7329, 310.373
76.7507, 310.373
76.7522, 310.373
76.7593, 310.373
76.8077, 310.373
76.8341, 310.373
76.8614, 310.373
76.867, 310.373
76.9085, 310.373
76.9274, 310.373
76.934, 310.373
76.9736, 310.373
77.0019, 310.373
77.0817, 310.373
77.1085, 310.373
77.1422, 310.372
77.1509, 310.372
77.2103, 310.372
77.2153, 310.372
77.2895, 310.372
77.3117, 310.372
77.3585, 310.372
77.3615, 310.372
77.3997, 310.372
77.4203, 310.372
77.4374, 310.372
77.4837, 310.372
77.5203, 310.372
77.5405, 310.372
77.5566, 310.372
77.5849, 310.372
77.6375, 310.372
77.6457, 310.372
77.6487, 310.372
77.6529, 310.372
77.7113, 310.372
77.7352, 310.372
77.75, 310.372
77.7942, 310.372
77.8135, 310.372
77.8392, 310.372
77.8573, 310.372
77.8823, 310.372
77.9117, 310.372
77.963, 310.372
77.9709, 310.372
77.9939, 310.372
78.0237, 310.372
78.0426, 310.372
78.0644, 310.372
78.076, 310.372
78.0785, 310.372
78.0958, 310.372
78.1918, 310.372
78.2084, 310.372
78.2502, 310.372
78.2688, 310.372
78.2908, 310.372
78.3298, 310.372
78.337, 310.372
78.3829, 310.372
78.3949, 310.372
78.4291, 310.371
78.4901, 310.371
78.491, 310.371
78.4924, 310.371
78.5631, 310.371
78.5789, 310.371
78.632, 310.371
78.6416, 310.371
78.6785, 310.371
78.6936, 310.371
78.7144, 310.371
78.7583, 310.371
78.8003, 310.371
78.8109, 310.371
78.8442, 310.371
78.862, 310.371
78.904, 310.371
78.9319, 310.371
78.9557, 310.371
78.9653, 310.371
78.9932, 310.371
79.0327, 310.371
79.0489, 310.371
79.0978, 310.371
79.1102, 310.371
79.1318, 310.371
79.1762, 310.371
79.2284, 310.371
79.2403, 310.371
79.2676, 310.371
79.2784, 310.371
79.3027, 310.371
79.3307, 310.371
79.3637, 310.371
79.3781, 310.371
79.3804, 310.371
79.4137, 310.371
79.4238, 310.371
79.4353, 310.371
79.4817, 310.371
79.4877, 310.371
79.5235, 310.371
79.5822, 310.37
79.5947, 310.37
79.6327, 310.37
79.647, 310.37
79.6689, 310.37
79.6907, 310.37
79.7146, 310.37
79.7251, 310.37
79.7566, 310.37
79.8117, 310.37
79.8181, 310.37
79.8503, 310.37
79.8726, 310.37
79.9067, 310.37
79.9335, 310.37
79.9454, 310.37
79.9547, 310.37
79.9774, 310.37
80.0002, 310.37
80.0158, 310.37
80.0434, 310.37
80.0579, 310.37
80.0996, 310.37
80.1127, 310.37
80.1198, 310.37
80.1573, 310.37
80.1611, 310.37
80.1818, 310.37
80.2097, 310.37
80.2293, 310.37
80.2483, 310.37
80.2546, 310.37
80.2812, 310.37
80.3098, 310.37
80.3235, 310.37
80.3397, 310.37
80.3781, 310.37
80.4107, 310.37
80.4253, 310.37
80.4333, 310.37
80.4469, 310.37
80.4803, 310.37
80.487, 310.37
80.5344, 310.37
80.5458, 310.37
80.5637, 310.37
80.6033, 310.37
80.6256, 310.369
80.6457, 310.369
80.6698, 310.369
80.6879, 310.369
80.7154, 310.369
80.7465, 310.369
80.7582, 310.369
80.7918, 310.369
80.7929, 310.369
80.8266, 310.369
80.8558, 310.369
80.8944, 310.369
80.8965, 310.369
80.9, 310.369
80.9744, 310.369
80.986, 310.369
81.0266, 310.369
81.089, 310.369
81.0919, 310.369
81.0955, 310.369
81.1598, 310.369
81.2196, 310.369
81.2354, 310.369
81.2869, 310.369
81.3168, 310.369
81.3411, 310.369
81.3672, 310.369
81.3942, 310.369
81.4466, 310.369
81.4643, 310.369
81.4992, 310.369
81.5124, 310.369
81.5406, 310.369
81.5606, 310.369
81.5728, 310.369
81.6035, 310.369
81.6044, 310.369
81.6054, 310.369
81.6087, 310.369
81.6955, 310.368
81.7036, 310.368
81.7085, 310.368
81.7717, 310.368
81.799, 310.368
81.8303, 310.368
81.8435, 310.368
81.8699, 310.368
81.8957, 310.368
81.9084, 310.368
81.933, 310.368
81.9647, 310.368
82.0125, 310.368
82.0166, 310.368
82.0613, 310.368
82.0869, 310.368
82.093, 310.368
82.1393, 310.368
82.1656, 310.368
82.2044, 310.368
82.2136, 310.368
82.2544, 310.368
82.2793, 310.368
82.3305, 310.368
82.3622, 310.368
82.3685, 310.368
82.3711, 310.368
82.4139, 310.368
82.4212, 310.368
82.4445, 310.368
82.4664, 310.368
82.4734, 310.368
82.5191, 310.368
82.5804, 310.368
82.5834, 310.368
82.5868, 310.368
82.5887, 310.368
82.6365, 310.367
82.6568, 310.367
82.6683, 310.367
82.6774, 310.367
82.7058, 310.367
82.7229, 310.367
82.7542, 310.367
82.7636, 310.367
82.7706, 310.367
82.7827, 310.367
82.8392, 310.367
82.9038, 310.367
82.9287, 310.367
82.9623, 310.367
83.0092, 310.367
83.0187, 310.367
83.0666, 310.367
83.0782, 310.367
83.1286, 310.367
83.1346, 310.367
83.1719, 310.367
83.1791, 310.367
83.186, 310.367
83.2569, 310.367
83.2632, 310.367
83.2889, 310.367
83.3342, 310.367
83.357, 310.367
83.3656, 310.367
83.3799, 310.367
83.3844, 310.367
83.4158, 310.367
83.4725, 310.367
83.5105, 310.367
83.5213, 310.367
83.5588, 310.366
83.5748, 310.366
83.6173, 310.366
83.6662, 310.366
83.6986, 310.366
83.7103, 310.366
83.7134, 310.366
83.7225, 310.366
83.7997, 310.366
83.8085, 310.366
83.8129, 310.366
83.8231, 310.366
83.855, 310.366
83.9131, 310.366
83.9235, 310.366
83.9547, 310.366
83.9628, 310.366
83.9953, 310.366
84.0064, 310.366
84.0204, 310.366
84.0435, 310.366
84.073, 310.366
84.0902, 310.366
84.1428, 310.366
84.1434, 310.366
84.1439, 310.366
84.1479, 310.366
84.1953, 310.366
84.2082, 310.366
84.2477, 310.366
84.2814, 310.366
84.2986, 310.366
84.3544, 310.366
84.3878, 310.366
84.4083, 310.366
84.4302, 310.365
84.4552, 310.365
84.4605, 310.365
84.4648, 310.365
84.5036, 310.365
84.5085, 310.365
84.5093, 310.365
84.5376, 310.365
84.5656, 310.365
84.5674, 310.365
84.5699, 310.365
84.6086, 310.365
84.6311, 310.365
84.6439, 310.365
84.6712, 310.365
84.7556, 310.365
84.7608, 310.365
84.7662, 310.365
84.8147, 310.365
84.8184, 310.365
84.8565, 310.365
84.8606, 310.365
84.8902, 310.365
84.9198, 310.365
84.94, 310.365
84.9743, 310.365
84.9842, 310.365
85.0357, 310.365
85.0401, 310.365
85.0495, 310.365
85.0546, 310.365
85.0845, 310.365
85.1426, 310.365
85.148, 310.365
85.1838, 310.365
85.2282, 310.365
85.2563, 310.365
85.3168, 310.364
85.3333, 310.364
85.3494, 310.364
85.3771, 310.364
85.3967, 310.364
85.4168, 310.364
85.4486, 310.364
85.479, 310.364
85.4956, 310.364
85.5357, 310.364
85.5657, 310.364
85.5804, 310.364
85.5831, 310.364
85.5857, 310.364
85.6288, 310.364
85.6836, 310.364
85.7094, 310.364
85.7112, 310.364
85.7283, 310.364
85.7286, 310.364
85.7567, 310.364
85.7865, 310.364
85.8234, 310.364
85.8323, 310.364
85.8343, 310.364
85.8609, 310.364
85.8731, 310.364
85.8941, 310.364
85.9191, 310.364
85.9669, 310.364
85.9862, 310.364
86.0098, 310.364
86.0198, 310.364
86.0368, 310.364
86.051, 310.364
86.092, 310.364
86.1021, 310.364
86.1104, 310.364
86.1412, 310.363
86.1539, 310.363
86.1977, 310.363
86.2013, 310.363
86.2461, 310.363
86.2813, 310.363
86.2916, 310.363
86.3221, 310.363
86.351, 310.363
86.4065, 310.363
86.413, 310.363
86.4143, 310.363
86.4162, 310.363
86.4728, 310.363
86.502, 310.363
86.521, 310.363
86.5418, 310.363
86.5706, 310.363
86.6118, 310.363
86.6338, 310.363
86.6668, 310.363
86.7138, 310.363
86.7259, 310.363
86.7923, 310.363
86.8213, 310.363
86.8398, 310.363
86.8487, 310.363
86.8719, 310.363
86.8988, 310.363
86.9398, 310.362
86.9594, 310.362
87.0016, 310.362
87.0191, 310.362
87.0258, 310.362
87.0811, 310.362
87.0859, 310.362
87.0912, 310.362
87.1387, 310.362
87.1731, 310.362
87.2228, 310.362
87.2543, 310.362
87.2955, 310.362
87.2969, 310.362
87.2972, 310.362
87.3406, 310.362
87.3427, 310.362
87.3462, 310.362
87.3828, 310.362
87.4323, 310.362
87.4374, 310.362
87.4776, 310.362
87.4923, 310.362
87.5286, 310.362
87.5536, 310.362
87.5756, 310.362
87.5924, 310.362
87.6314, 310.362
87.6663, 310.362
87.6725, 310.362
87.679, 310.362
87.71, 310.362
87.7297, 310.361
87.747, 310.361
87.7584, 310.361
87.7876, 310.361
87.8353, 310.361
87.8574, 310.361
87.88, 310.361
87.9211, 310.361
87.9406, 310.361
87.9743, 310.361
88.0142, 310.361
88.038, 310.361
88.0395, 310.361
88.1053, 310.361
88.1334, 310.361
88.1722, 310.361
88.1791, 310.361
88.198, 310.361
88.2293, 310.361
88.2413, 310.361
88.2718, 310.361
88.3253, 310.361
88.3538, 310.361
88.3699, 310.361
88.4241, 310.361
88.4435, 310.361
88.4826, 310.361
88.4837, 310.361
88.4946, 310.36
88.5198, 310.36
88.5488, 310.36
88.5582, 310.36
88.5801, 310.36
88.5932, 310.36
88.6373, 310.36
88.6393, 310.36
88.6896, 310.36
88.6973, 310.36
88.7372, 310.36
88.7722, 310.36
88.794, 310.36
88.818, 310.36
88.8825, 310.36
88.9005, 310.36
88.9268, 310.36
88.9507, 310.36
88.9615, 310.36
89.0085, 310.36
89.0362, 310.36
89.0752, 310.36
89.1545, 310.36
89.1776, 310.36
89.185, 310.36
89.1938, 310.36
89.2374, 310.36
89.2677, 310.359
89.2913, 310.359
89.3388, 310.359
89.3634, 310.359
89.4029, 310.359
89.4518, 310.359
89.4597, 310.359
89.4703, 310.359
89.4994, 310.359
89.5297, 310.359
89.5597, 310.359
89.5731, 310.359
89.6058, 310.359
89.6601, 310.359
89.6678, 310.359
89.689, 310.359
89.7205, 310.359
89.7762, 310.359
89.7886, 310.359
89.8124, 310.359
89.8298, 310.359
89.8786, 310.359
89.8801, 310.359
89.9054, 310.359
89.9384, 310.359
89.9707, 310.359
90.0132, 310.358
90.027, 310.358
90.0319, 310.358
90.0666, 310.358
90.1059, 310.358
90.1416, 310.358
90.161, 310.358
90.1652, 310.358
90.2062, 310.358
90.2321, 310.358
90.2631, 310.358
90.2731, 310.358
90.2911, 310.358
90.3155, 310.358
90.32, 310.358
90.3542, 310.358
90.3638, 310.358
90.3691, 310.358
90.3988, 310.358
90.427, 310.358
90.459, 310.358
90.479, 310.358
90.5362, 310.358
90.537, 310.358
90.586, 310.358
90.5913, 310.358
90.6386, 310.358
90.6784, 310.358
90.6953, 310.358
90.7168, 310.357
90.7438, 310.357
90.7483, 310.357
90.7863, 310.357
90.8211, 310.357
90.8287, 310.357
90.8778, 310.357
90.8926, 310.357
90.9375, 310.357
90.9379, 310.357
90.9379, 310.357
90.9381, 310.357
90.9811, 310.357
91.0339, 310.357
91.0343, 310.357
91.0687, 310.357
91.0796, 310.357
91.1133, 310.357
91.1361, 310.357
91.171, 310.357
91.1759, 310.357
91.1822, 310.357
91.1857, 310.357
91.2194, 310.357
91.2651, 310.357
91.2684, 310.357
91.2965, 310.357
91.3173, 310.357
91.3395, 310.357
91.3537, 310.357
91.3811, 310.357
91.3936, 310.357
91.4059, 310.356
91.4136, 310.356
91.424, 310.356
91.4517, 310.356
91.4768, 310.356
91.514, 310.356
91.5268, 310.356
91.5618, 310.356
91.5893, 310.356
91.5986, 310.356
91.6368, 310.356
91.6733, 310.356
91.6917, 310.356
91.707, 310.356
91.7352, 310.356
91.7581, 310.356
91.8084, 310.356
91.8601, 310.356
91.8695, 310.356
91.9048, 310.356
91.9207, 310.356
91.962, 310.356
91.9879, 310.356
92.0073, 310.356
92.012, 310.356
92.0413, 310.356
92.0523, 310.356
92.079, 310.356
92.0975, 310.355
92.1473, 310.355
92.177, 310.355
92.1956, 310.355
92.213, 310.355
92.242, 310.355
92.2835, 310.355
92.2995, 310.355
92.3585, 310.355
92.3617, 310.355
92.3632, 310.355
92.3668, 310.355
92.4312, 310.355
92.4705, 310.355
92.4916, 310.355
92.5174, 310.355
92.5643, 310.355
92.5693, 310.355
92.6011, 310.355
92.6396, 310.355
92.6413, 310.355
92.6469, 310.355
92.6487, 310.355
92.6805, 310.355
92.7142, 310.355
92.7536, 310.355
92.7827, 310.354
92.8317, 310.354
92.8441, 310.354
92.8483, 310.354
92.8626, 310.354
92.8853, 310.354
92.9079, 310.354
92.9612, 310.354
92.9673, 310.354
92.9998, 310.354
93.0089, 310.354
93.0162, 310.354
93.0509, 310.354
93.0652, 310.354
93.1207, 310.354
93.132, 310.354
93.1462, 310.354
93.1641, 310.354
93.2003, 310.354
93.2026, 310.354
93.2112, 310.354
93.2563, 310.354
93.2744, 310.354
93.2974, 310.354
93.3447, 310.354
93.3552, 310.354
93.4204, 310.354
93.4259, 310.354
93.4413, 310.353
93.4675, 310.353
93.4722, 310.353
93.5113, 310.353
93.5509, 310.353
93.5935, 310.353
93.6065, 310.353
93.6326, 310.353
93.6489, 310.353
93.6715, 310.353
93.693, 310.353
93.6987, 310.353
93.749, 310.353
93.7828, 310.353
93.7976, 310.353
93.847, 310.353
93.8608, 310.353
93.8783, 310.353
93.8958, 310.353
93.9197, 310.353
93.9753, 310.353
93.9846, 310.353
93.9877, 310.353
93.9923, 310.353
94.0446, 310.353
94.0685, 310.353
94.109, 310.352
94.1564, 310.352
94.1662, 310.352
94.1736, 310.352
94.1975, 310.352
94.2209, 310.352
94.2356, 310.352
94.2566, 310.352
94.2827, 310.352
94.323, 310.352
94.3573, 310.352
94.3715, 310.352
94.4032, 310.352
94.4176, 310.352
94.4703, 310.352
94.5215, 310.352
94.5819, 310.352
94.5827, 310.352
94.5828, 310.352
94.6245, 310.352
94.6671, 310.352
94.6713, 310.352
94.6768, 310.352
94.6888, 310.352
94.7187, 310.352
94.7406, 310.352
94.7766, 310.351
94.7871, 310.351
94.822, 310.351
94.8736, 310.351
94.8836, 310.351
94.9005, 310.351
94.9172, 310.351
94.9668, 310.351
94.9672, 310.351
94.9683, 310.351
95.0243, 310.351
95.0328, 310.351
95.0505, 310.351
95.0756, 310.351
95.1141, 310.351
95.1183, 310.351
95.1551, 310.351
95.2014, 310.351
95.2093, 310.351
95.2437, 310.351
95.2724, 310.351
95.2958, 310.351
95.3323, 310.351
95.349, 310.351
95.3972, 310.35
95.4117, 310.35
95.4304, 310.35
95.4432, 310.35
95.5012, 310.35
95.5084, 310.35
95.5215, 310.35
95.5434, 310.35
95.5619, 310.35
95.5867, 310.35
95.6349, 310.35
95.6368, 310.35
95.6853, 310.35
95.6986, 310.35
95.7261, 310.35
95.7475, 310.35
95.7767, 310.35
95.8128, 310.35
95.8481, 310.35
95.8548, 310.35
95.8834, 310.35
95.9274, 310.35
95.9457, 310.35
95.9901, 310.35
96.0326, 310.349
96.0646, 310.349
96.0862, 310.349
96.1443, 310.349
96.1502, 310.349
96.1518, 310.349
96.153, 310.349
96.1538, 310.349
96.1961, 310.349
96.2658, 310.349
96.2674, 310.349
96.3044, 310.349
96.3119, 310.349
96.3508, 310.349
96.3907, 310.349
96.406, 310.349
96.4656, 310.349
96.5201, 310.349
96.5208, 310.349
96.5517, 310.349
96.5554, 310.349
96.562, 310.349
96.5897, 310.349
96.5984, 310.349
96.6408, 310.348
96.6502, 310.348
96.6887, 310.348
96.7057, 310.348
96.7268, 310.348
96.758, 310.348
96.7621, 310.348
96.7793, 310.348
96.8048, 310.348
96.8072, 310.348
96.8112, 310.348
96.8687, 310.348
96.9076, 310.348
96.9092, 310.348
96.961, 310.348
96.9926, 310.348
96.999, 310.348
97.0407, 310.348
97.0504, 310.348
97.0912, 310.348
97.0944, 310.348
97.0948, 310.348
97.1419, 310.348
97.1552, 310.348
97.1953, 310.348
97.2024, 310.348
97.2407, 310.347
97.2435, 310.347
97.2462, 310.347
97.2894, 310.347
97.2946, 310.347
97.33, 310.347
97.3633, 310.347
97.3756, 310.347
97.4085, 310.347
97.4359, 310.347
97.4546, 310.347
97.4976, 310.347
97.5321, 310.347
97.5385, 310.347
97.5973, 310.347
97.6207, 310.347
97.6602, 310.347
97.6935, 310.347
97.7381, 310.347
97.7448, 310.347
97.7573, 310.347
97.8773, 310.346
97.8786, 310.346
97.8803, 310.346
97.9695, 310.346
97.9758, 310.346
97.9937, 310.346
98.0284, 310.346
98.056, 310.346
98.0646, 310.346
98.0744, 310.346
98.1449, 310.346
98.153, 310.346
98.1656, 310.346
98.2033, 310.346
98.2237, 310.346
98.2607, 310.346
98.3262, 310.346
98.335, 310.346
98.3384, 310.346
98.3849, 310.346
98.4196, 310.346
98.4305, 310.346
98.4878, 310.345
98.4969, 310.345
98.5039, 310.345
98.5282, 310.345
98.5602, 310.345
98.5687, 310.345
98.6134, 310.345
98.6151, 310.345
98.6157, 310.345
98.6316, 310.345
98.6642, 310.345
98.6654, 310.345
98.6672, 310.345
98.7133, 310.345
98.7675, 310.345
98.8057, 310.345
98.8184, 310.345
98.8226, 310.345
98.8693, 310.345
98.8841, 310.345
98.9336, 310.345
98.9431, 310.345
98.9974, 310.345
99.0295, 310.345
99.0738, 310.344
99.1079, 310.344
99.1246, 310.344
99.1629, 310.344
99.1781, 310.344
99.2125, 310.344
99.2643, 310.344
99.2764, 310.344
99.3119, 310.344
99.3714, 310.344
99.3881, 310.344
99.416, 310.344
99.4331, 310.344
99.4795, 310.344
99.5194, 310.344
99.5288, 310.344
99.581, 310.344
99.6029, 310.344
99.6388, 310.343
99.6398, 310.343
99.6412, 310.343
99.642, 310.343
99.6765, 310.343
99.6803, 310.343
99.6918, 310.343
99.7419, 310.343
99.77, 310.343
99.8079, 310.343
99.8455, 310.343
99.8738, 310.343
99.9319, 310.343
99.9376, 310.343
99.9443, 310.343
99.9815, 310.343
99.991, 310.343
100.038, 310.343
100.049, 310.343
100.11, 310.343
100.115, 310.343
100.141, 310.343
100.156, 310.343
100.162, 310.343
100.171, 310.343
100.199, 310.343
100.206, 310.343
100.239, 310.342
100.261, 310.342
100.305, 310.342
100.359, 310.342
100.384, 310.342
100.389, 310.342
100.397, 310.342
100.402, 310.342
100.427, 310.342
100.477, 310.342
100.493, 310.342
100.554, 310.342
100.573, 310.342
100.595, 310.342
100.671, 310.342
100.688, 310.342
100.701, 310.342
100.724, 310.342
100.743, 310.342
100.788, 310.342
100.829, 310.341
100.842, 310.341
100.875, 310.341
100.896, 310.341
100.916, 310.341
100.93, 310.341
100.961, 310.341
100.998, 310.341
101.018, 310.341
101.082, 310.341
101.13, 310.341
101.132, 310.341
101.188, 310.341
101.195, 310.341
101.195, 310.341
101.255, 310.341
101.282, 310.341
101.316, 310.341
101.374, 310.34
101.382, 310.34
101.423, 310.34
101.436, 310.34
101.494, 310.34
101.517, 310.34
101.538, 310.34
101.55, 310.34
101.567, 310.34
101.58, 310.34
101.587, 310.34
101.608, 310.34
101.63, 310.34
101.633, 310.34
101.637, 310.34
101.642, 310.34
101.707, 310.34
101.73, 310.34
101.752, 310.34
101.763, 310.34
101.794, 310.34
101.802, 310.34
101.804, 310.34
101.849, 310.34
101.858, 310.34
101.913, 310.34
101.921, 310.34
101.924, 310.34
101.964, 310.339
101.997, 310.339
102.019, 310.339
102.049, 310.339
102.074, 310.339
102.088, 310.339
102.137, 310.339
102.162, 310.339
102.195, 310.339
102.197, 310.339
102.2, 310.339
102.202, 310.339
102.251, 310.339
102.29, 310.339
102.304, 310.339
102.332, 310.339
102.353, 310.339
102.374, 310.339
102.383, 310.339
102.417, 310.339
102.418, 310.339
102.419, 310.339
102.464, 310.339
102.466, 310.339
102.473, 310.339
102.516, 310.339
102.543, 310.338
102.585, 310.338
102.611, 310.338
102.623, 310.338
102.672, 310.338
102.69, 310.338
102.698, 310.338
102.728, 310.338
102.786, 310.338
102.79, 310.338
102.795, 310.338
102.841, 310.338
102.861, 310.338
102.903, 310.338
102.914, 310.338
102.952, 310.338
102.966, 310.338
102.974, 310.338
103.006, 310.338
103.034, 310.338
103.057, 310.338
103.113, 310.337
103.115, 310.337
103.13, 310.337
103.153, 310.337
103.199, 310.337
103.215, 310.337
103.27, 310.337
103.273, 310.337
103.276, 310.337
103.325, 310.337
103.347, 310.337
103.423, 310.337
103.476, 310.337
103.482, 310.337
103.483, 310.337
103.485, 310.337
103.545, 310.337
103.559, 310.337
103.601, 310.337
103.607, 310.337
103.663, 310.337
103.671, 310.337
103.741, 310.336
103.745, 310.336
103.78, 310.336
103.814, 310.336
103.825, 310.336
103.864, 310.336
103.894, 310.336
103.918, 310.336
103.928, 310.336
103.966, 310.336
103.995, 310.336
104.026, 310.336
104.036, 310.336
104.078, 310.336
104.126, 310.336
104.156, 310.336
104.197, 310.336
104.214, 310.336
104.273, 310.335
104.288, 310.335
104.338, 310.335
104.358, 310.335
104.395, 310.335
104.407, 310.335
104.446, 310.335
104.448, 310.335
104.448, 310.335
104.475, 310.335
104.523, 310.335
104.53, 310.335
104.576, 310.335
104.598, 310.335
104.627, 310.335
104.635, 310.335
104.642, 310.335
104.671, 310.335
104.685, 310.335
104.699, 310.335
104.749, 310.335
104.754, 310.335
104.793, 310.335
104.819, 310.335
104.844, 310.335
104.876, 310.334
104.902, 310.334
104.925, 310.334
104.943, 310.334
104.989, 310.334
105.017, 310.334
105.067, 310.334
105.092, 310.334
105.115, 310.334
105.133, 310.334
105.168, 310.334
105.2, 310.334
105.231, 310.334
105.253, 310.334
105.29, 310.334
105.329, 310.334
105.366, 310.334
105.375, 310.334
105.404, 310.334
105.442, 310.334
105.446, 310.334
105.493, 310.333
105.535, 310.333
105.55, 310.333
105.582, 310.333
105.608, 310.333
105.609, 310.333
105.613, 310.333
105.675, 310.333
105.692, 310.333
105.73, 310.333
105.747, 310.333
105.754, 310.333
105.797, 310.333
105.816, 310.333
105.84, 310.333
105.853, 310.333
105.883, 310.333
105.893, 310.333
105.902, 310.333
105.936, 310.333
105.976, 310.333
106.009, 310.333
106.015, 310.333
106.024, 310.333
106.071, 310.333
106.096, 310.332
106.108, 310.332
106.179, 310.332
106.182, 310.332
106.187, 310.332
106.195, 310.332
106.225, 310.332
106.244, 310.332
106.26, 310.332
106.311, 310.332
106.321, 310.332
106.368, 310.332
106.38, 310.332
106.408, 310.332
106.435, 310.332
106.448, 310.332
106.455, 310.332
106.471, 310.332
106.501, 310.332
106.504, 310.332
106.521, 310.332
106.536, 310.332
106.563, 310.332
106.579, 310.332
106.615, 310.332
106.619, 310.332
106.626, 310.332
106.664, 310.332
106.688, 310.332
106.7, 310.332
106.746, 310.331
106.749, 310.331
106.784, 310.331
106.813, 310.331
106.855, 310.331
106.871, 310.331
106.901, 310.331
106.967, 310.331
106.991, 310.331
107, 310.331
107.031, 310.331
107.123, 310.331
107.13, 310.331
107.151, 310.331
107.175, 310.331
107.226, 310.331
107.239, 310.331
107.269, 310.331
107.283, 310.331
107.33, 310.331
107.356, 310.331
107.385, 310.33
107.415, 310.33
107.433, 310.33
107.455, 310.33
107.502, 310.33
107.525, 310.33
107.557, 310.33
107.576, 310.33
107.601, 310.33
107.603, 310.33
107.65, 310.33
107.651, 310.33
107.702, 310.33
107.702, 310.33
107.729, 310.33
107.766, 310.33
107.795, 310.33
107.83, 310.33
107.842, 310.33
107.855, 310.33
107.882, 310.33
107.916, 310.33
107.921, 310.33
107.938, 310.33
107.962, 310.33
107.976, 310.33
107.985, 310.33
107.997, 310.33
108.019, 310.33
108.05, 310.33
108.07, 310.33
108.109, 310.329
108.141, 310.329
108.148, 310.329
108.198, 310.329
108.208, 310.329
108.235, 310.329
108.288, 310.329
108.303, 310.329
108.328, 310.329
108.352, 310.329
108.434, 310.329
108.45, 310.329
108.471, 310.329
108.498, 310.329
108.547, 310.329
108.565, 310.329
108.603, 310.329
108.606, 310.329
108.643, 310.329
108.665, 310.329
108.712, 310.329
108.72, 310.329
108.751, 310.329
108.791, 310.329
108.806, 310.329
108.863, 310.329
108.865, 310.329
108.872, 310.328
108.875, 310.328
108.942, 310.328
108.961, 310.328
109.006, 310.328
109.018, 310.328
109.041, 310.328
109.086, 310.328
109.114, 310.328
109.125, 310.328
109.146, 310.328
109.18, 310.328
109.232, 310.328
109.24, 310.328
109.271, 310.328
109.274, 310.328
109.366, 310.328
109.382, 310.328
109.401, 310.328
109.442, 310.328
109.477, 310.328
109.503, 310.328
109.526, 310.328
109.558, 310.328
109.571, 310.328
109.602, 310.328
109.614, 310.328
109.634, 310.328
109.654, 310.328
109.696, 310.328
109.706, 310.328
109.749, 310.328
109.75, 310.328
109.789, 310.328
109.813, 310.328
109.836, 310.328
109.883, 310.328
109.895, 310.328
109.905, 310.328
109.941, 310.328
110, 310.328
110.117, 310.325
110.15, 310.324
110.205, 310.323
110.294, 310.322
110.386, 310.321
110.425, 310.32
110.962, 310.316
111, 310.316


