X,T
6.61744e-18, 310.15
0.218929, 310.15
0.550309, 310.15
0.594245, 310.15
0.63223, 310.15
1.0221, 310.15
1.09653, 310.15
1.3127, 310.15
1.50767, 310.15
1.82249, 310.15
1.84818, 310.15
1.89406, 310.15
2.39258, 310.15
2.59809, 310.15
2.80939, 310.15
3.03114, 310.15
3.23573, 310.15
3.44789, 310.15
3.48652, 310.15
3.63828, 310.15
4.11593, 310.15
4.19606, 310.15
4.40834, 310.15
4.79507, 310.15
4.9333, 310.15
5.34396, 310.151
5.57963, 310.151
5.64073, 310.151
5.79769, 310.151
5.90374, 310.151
6.46707, 310.151
6.64901, 310.151
7.06043, 310.151
7.21256, 310.151
7.25458, 310.151
7.45405, 310.151
7.502, 310.151
8.11755, 310.151
8.16551, 310.151
8.53045, 310.151
8.62974, 310.151
8.83777, 310.151
9.14863, 310.151
9.21694, 310.151
9.2713, 310.151
9.65989, 310.151
9.99864, 310.151
10.2615, 310.151
10.4199, 310.151
10.4832, 310.151
10.7966, 310.151
10.8691, 310.151
11.0844, 310.151
11.3109, 310.151
11.574, 310.151
11.6794, 310.151
11.8032, 310.151
11.9853, 310.151
12.3235, 310.151
12.3982, 310.151
12.4175, 310.151
12.4711, 310.151
12.9605, 310.151
13.342, 310.151
13.5497, 310.151
13.659, 310.151
14.125, 310.151
14.1801, 310.151
14.6647, 310.151
14.76, 310.151
14.9756, 310.151
15.0007, 310.151
15.3889, 310.151
15.4864, 310.151
15.5638, 310.151
16.0141, 310.151
16.0475, 310.151
16.7868, 310.151
16.8102, 310.151
16.8267, 310.151
16.8577, 310.151
16.89, 310.151
16.9053, 310.151
16.947, 310.151
17.0954, 310.152
17.6533, 310.152
17.8684, 310.152
18.1183, 310.152
18.4107, 310.152
18.44, 310.152
18.7679, 310.152
18.781, 310.152
19.2986, 310.152
19.6503, 310.152
19.6862, 310.152
19.7037, 310.152
19.8208, 310.152
20.2753, 310.152
20.5018, 310.152
20.5736, 310.152
20.8955, 310.152
21.1019, 310.152
21.2044, 310.152
21.3189, 310.152
21.7144, 310.153
21.7239, 310.153
21.7306, 310.153
22.0058, 310.153
22.363, 310.153
22.5026, 310.153
22.5691, 310.153
22.7206, 310.153
22.9654, 310.153
23.1356, 310.153
23.5455, 310.153
23.5616, 310.153
23.5836, 310.153
24.037, 310.153
24.1319, 310.153
24.3547, 310.153
24.8164, 310.154
24.8368, 310.154
24.9714, 310.154
25.3511, 310.154
25.6705, 310.154
25.7847, 310.154
25.8695, 310.154
26.3709, 310.154
26.4035, 310.154
26.4737, 310.154
26.8378, 310.155
26.8816, 310.155
27.1544, 310.155
27.2015, 310.155
27.5661, 310.155
27.8455, 310.155
28.0003, 310.155
28.0412, 310.155
28.3352, 310.156
28.4807, 310.156
28.7955, 310.156
29.0975, 310.156
29.1346, 310.156
29.1527, 310.156
29.587, 310.156
29.8672, 310.157
30.3046, 310.157
30.3454, 310.157
30.4202, 310.157
30.6629, 310.157
30.9181, 310.158
31.061, 310.158
31.1452, 310.158
31.2318, 310.158
31.263, 310.158
31.4288, 310.158
31.4665, 310.158
31.5333, 310.158
31.816, 310.159
31.8832, 310.159
31.972, 310.159
32.4293, 310.159
32.4431, 310.159
32.6588, 310.159
33.1046, 310.16
33.2266, 310.16
33.5126, 310.161
33.7384, 310.161
33.7732, 310.161
33.9857, 310.161
34.1117, 310.161
34.438, 310.162
34.6161, 310.162
34.7378, 310.162
34.8568, 310.162
35.286, 310.163
35.4638, 310.163
35.8273, 310.164
35.8558, 310.164
36.0342, 310.164
36.0868, 310.165
37.0021, 310.166
37.0041, 310.166
37.0085, 310.166
37.3371, 310.167
37.6716, 310.168
37.7801, 310.168
38.0592, 310.169
38.2015, 310.169
38.3019, 310.169
38.4377, 310.17
38.807, 310.171
38.8196, 310.171
38.8365, 310.171
39.1903, 310.172
39.5504, 310.173
39.5622, 310.173
39.5691, 310.173
39.9789, 310.174
40.2294, 310.175
40.3863, 310.175
40.5716, 310.176
40.8754, 310.177
41.2023, 310.178
41.2219, 310.178
41.267, 310.179
41.3313, 310.179
41.4548, 310.179
41.5281, 310.18
41.8809, 310.181
42.0773, 310.182
42.1162, 310.182
42.395, 310.183
42.4632, 310.184
42.8927, 310.186
42.9779, 310.186
43.1941, 310.187
43.77, 310.19
43.7876, 310.19
43.8095, 310.19
43.819, 310.19
43.8612, 310.19
44.4594, 310.194
44.5321, 310.194
44.9012, 310.197
44.9892, 310.197
45.0127, 310.198
45.0645, 310.198
45.1188, 310.198
45.1803, 310.199
45.9582, 310.204
46.2566, 310.207
46.3333, 310.207
46.3972, 310.208
46.7096, 310.21
46.7535, 310.211
46.8871, 310.212
47.3672, 310.216
47.6186, 310.218
48.1408, 310.224
48.196, 310.224
48.2549, 310.225
48.7849, 310.231
49.0936, 310.235
49.1162, 310.235
49.2079, 310.236
49.3066, 310.237
49.3718, 310.238
50.1248, 310.248
50.163, 310.249
50.2722, 310.251
50.4819, 310.254
50.8833, 310.26
50.9845, 310.262
51.2781, 310.267
51.5548, 310.272
51.5722, 310.272
51.9915, 310.281
52.2132, 310.285
52.3394, 310.288
52.416, 310.289
52.4589, 310.29
52.8136, 310.298
53.2464, 310.309
53.4094, 310.313
53.4628, 310.314
53.5635, 310.317
53.8184, 310.324
54.3386, 310.34
54.4645, 310.344
54.839, 310.357
54.8561, 310.358
55.222, 310.37
55.2973, 310.373
55.5022, 310.382
55.9584, 310.4
56.3453, 310.419
56.4304, 310.423
56.7283, 310.439
56.985, 310.455
57.3087, 310.476
57.4281, 310.484
57.5979, 310.497
57.669, 310.502
57.7033, 310.505
57.853, 310.519
57.8712, 310.521
57.882, 310.522
58, 310.536
58.0443, 310.536
58.0895, 310.536
58.0966, 310.536
58.1251, 310.536
58.1477, 310.536
58.1706, 310.536
58.1875, 310.536
58.2133, 310.536
58.2265, 310.536
58.2607, 310.536
58.2888, 310.536
58.2944, 310.536
58.3032, 310.536
58.376, 310.537
58.4029, 310.537
58.4729, 310.537
58.4869, 310.537
58.5008, 310.537
58.5452, 310.537
58.5513, 310.537
58.5534, 310.537
58.6135, 310.538
58.6249, 310.538
58.6755, 310.538
58.7015, 310.538
58.7437, 310.538
58.7787, 310.538
58.7921, 310.538
58.8215, 310.538
58.8674, 310.539
58.8723, 310.539
58.9027, 310.539
58.9031, 310.539
58.9044, 310.539
58.9568, 310.539
58.9977, 310.539
58.9991, 310.539
59.0025, 310.539
59.0195, 310.539
59.045, 310.54
59.0472, 310.54
59.0938, 310.54
59.1153, 310.54
59.1395, 310.54
59.1551, 310.54
59.1781, 310.54
59.1947, 310.54
59.262, 310.541
59.287, 310.541
59.2981, 310.541
59.3307, 310.541
59.3856, 310.542
59.4202, 310.542
59.4302, 310.542
59.4422, 310.542
59.469, 310.542
59.4877, 310.542
59.5097, 310.542
59.5379, 310.543
59.555, 310.543
59.5636, 310.543
59.5974, 310.543
59.609, 310.543
59.6123, 310.543
59.6776, 310.543
59.686, 310.544
59.7125, 310.544
59.7297, 310.544
59.7498, 310.544
59.7625, 310.544
59.778, 310.544
59.7881, 310.544
59.8422, 310.545
59.8482, 310.545
59.8967, 310.545
59.8991, 310.545
59.923, 310.545
59.9843, 310.546
60.0112, 310.546
60.0478, 310.546
60.0501, 310.546
60.0556, 310.546
60.0754, 310.546
60.0965, 310.546
60.1089, 310.547
60.1375, 310.547
60.1777, 310.547
60.2182, 310.547
60.2231, 310.547
60.2301, 310.547
60.2703, 310.548
60.2772, 310.548
60.314, 310.548
60.3227, 310.548
60.3277, 310.548
60.3723, 310.549
60.398, 310.549
60.4031, 310.549
60.4469, 310.549
60.4644, 310.549
60.5061, 310.55
60.5456, 310.55
60.5718, 310.55
60.5905, 310.55
60.6161, 310.551
60.6386, 310.551
60.6696, 310.551
60.6699, 310.551
60.7207, 310.551
60.7341, 310.552
60.7466, 310.552
60.7652, 310.552
60.7854, 310.552
60.792, 310.552
60.8051, 310.552
60.8592, 310.553
60.8637, 310.553
60.9087, 310.553
60.9484, 310.554
60.9608, 310.554
60.9624, 310.554
60.9663, 310.554
61.0239, 310.554
61.0591, 310.555
61.0706, 310.555
61.1033, 310.555
61.1391, 310.555
61.1917, 310.556
61.2853, 310.557
61.2861, 310.557
61.2864, 310.557
61.3287, 310.557
61.3456, 310.557
61.3769, 310.558
61.3972, 310.558
61.4387, 310.558
61.4616, 310.558
61.491, 310.559
61.5509, 310.559
61.5648, 310.559
61.6045, 310.56
61.6252, 310.56
61.6416, 310.56
61.666, 310.561
61.6859, 310.561
61.736, 310.561
61.7589, 310.561
61.7642, 310.562
61.8214, 310.562
61.8353, 310.562
61.8903, 310.563
61.898, 310.563
61.9474, 310.564
61.9678, 310.564
62.0089, 310.564
62.0498, 310.565
62.0511, 310.565
62.1055, 310.565
62.1176, 310.565
62.1211, 310.565
62.1444, 310.566
62.1608, 310.566
62.2123, 310.566
62.2305, 310.567
62.2689, 310.567
62.2796, 310.567
62.2858, 310.567
62.2951, 310.567
62.3308, 310.568
62.3747, 310.568
62.3802, 310.568
62.3832, 310.568
62.4241, 310.569
62.4514, 310.569
62.4558, 310.569
62.4585, 310.569
62.4863, 310.57
62.5464, 310.57
62.59, 310.571
62.6098, 310.571
62.6167, 310.571
62.6374, 310.571
62.6565, 310.572
62.6691, 310.572
62.7105, 310.572
62.7369, 310.573
62.7597, 310.573
62.7723, 310.573
62.7867, 310.573
62.8171, 310.574
62.8196, 310.574
62.8234, 310.574
62.8261, 310.574
62.8608, 310.574
62.871, 310.574
62.8948, 310.575
62.9435, 310.575
62.9471, 310.575
62.948, 310.575
62.9696, 310.576
63.0525, 310.577
63.0784, 310.577
63.0831, 310.577
63.0983, 310.577
63.1392, 310.578
63.1885, 310.578
63.202, 310.579
63.2106, 310.579
63.2883, 310.58
63.2972, 310.58
63.3087, 310.58
63.3315, 310.58
63.3485, 310.581
63.3598, 310.581
63.3676, 310.581
63.4278, 310.582
63.4326, 310.582
63.4368, 310.582
63.4807, 310.582
63.5036, 310.583
63.5123, 310.583
63.5737, 310.584
63.5799, 310.584
63.6045, 310.584
63.6268, 310.584
63.6328, 310.584
63.6412, 310.585
63.6829, 310.585
63.7308, 310.586
63.7637, 310.586
63.7697, 310.586
63.8164, 310.587
63.8179, 310.587
63.8213, 310.587
63.8229, 310.587
63.8345, 310.587
63.873, 310.588
63.8986, 310.588
63.909, 310.588
63.9166, 310.588
63.9519, 310.589
63.9731, 310.589
63.9891, 310.59
64.014, 310.59
64.0339, 310.59
64.06, 310.591
64.072, 310.591
64.1075, 310.591
64.1319, 310.592
64.1529, 310.592
64.1825, 310.592
64.1937, 310.593
64.2633, 310.594
64.2925, 310.594
64.3143, 310.594
64.3369, 310.595
64.3482, 310.595
64.3678, 310.595
64.4394, 310.596
64.4753, 310.597
64.494, 310.597
64.5328, 310.598
64.5537, 310.598
64.5887, 310.599
64.6161, 310.599
64.633, 310.599
64.6729, 310.6
64.6757, 310.6
64.7222, 310.601
64.7588, 310.601
64.7741, 310.602
64.8085, 310.602
64.8508, 310.603
64.8619, 310.603
64.901, 310.604
64.931, 310.604
64.9517, 310.604
64.9741, 310.605
64.9889, 310.605
65.0009, 310.605
65.0416, 310.606
65.0535, 310.606
65.0982, 310.607
65.1362, 310.607
65.1577, 310.608
65.1636, 310.608
65.1743, 310.608
65.1959, 310.608
65.2005, 310.609
65.2077, 310.609
65.2714, 310.61
65.2753, 310.61
65.2829, 310.61
65.3371, 310.611
65.3852, 310.612
65.3901, 310.612
65.397, 310.612
65.4286, 310.612
65.4641, 310.613
65.4692, 310.613
65.4754, 310.613
65.5168, 310.614
65.5695, 310.615
65.5984, 310.615
65.6155, 310.616
65.6463, 310.616
65.6543, 310.616
65.6642, 310.616
65.6906, 310.617
65.6993, 310.617
65.7266, 310.618
65.7316, 310.618
65.7875, 310.619
65.806, 310.619
65.8522, 310.62
65.8687, 310.62
65.9028, 310.621
65.9352, 310.621
65.9356, 310.621
65.9931, 310.622
66.0291, 310.623
66.0438, 310.623
66.0652, 310.624
66.1107, 310.625
66.1271, 310.625
66.1337, 310.625
66.2113, 310.626
66.2154, 310.627
66.2571, 310.627
66.2719, 310.628
66.3122, 310.628
66.3195, 310.628
66.3769, 310.63
66.3865, 310.63
66.3952, 310.63
66.4303, 310.631
66.4493, 310.631
66.5482, 310.633
66.5581, 310.633
66.5781, 310.633
66.6128, 310.634
66.6371, 310.635
66.6712, 310.635
66.7096, 310.636
66.7285, 310.636
66.7686, 310.637
66.8215, 310.638
66.8297, 310.638
66.8421, 310.639
66.8748, 310.639
66.9392, 310.641
66.9398, 310.641
66.9399, 310.641
66.978, 310.641
67.0187, 310.642
67.0287, 310.642
67.0776, 310.643
67.0945, 310.644
67.1288, 310.644
67.1482, 310.645
67.1502, 310.645
67.1533, 310.645
67.1591, 310.645
67.25, 310.647
67.2544, 310.647
67.2891, 310.648
67.3018, 310.648
67.3472, 310.649
67.374, 310.649
67.4596, 310.651
67.4675, 310.651
67.4789, 310.652
67.5118, 310.652
67.5432, 310.653
67.5581, 310.653
67.5926, 310.654
67.6131, 310.655
67.6486, 310.655
67.6501, 310.655
67.6572, 310.656
67.7046, 310.657
67.7617, 310.658
67.7905, 310.658
67.8217, 310.659
67.89, 310.661
67.9111, 310.661
67.9192, 310.661
67.9431, 310.662
67.9657, 310.662
67.9941, 310.663
68.0205, 310.663
68.0524, 310.664
68.0525, 310.664
68.0526, 310.664
68.0529, 310.664
68.1227, 310.666
68.1364, 310.666
68.1549, 310.666
68.1873, 310.667
68.22, 310.668
68.2594, 310.669
68.275, 310.669
68.3005, 310.67
68.3179, 310.67
68.3454, 310.671
68.3618, 310.671
68.3866, 310.672
68.4098, 310.672
68.4251, 310.673
68.4748, 310.674
68.4756, 310.674
68.4801, 310.674
68.5355, 310.675
68.5396, 310.675
68.5493, 310.676
68.5797, 310.676
68.5922, 310.677
68.6557, 310.678
68.6688, 310.678
68.705, 310.679
68.7099, 310.679
68.77, 310.681
68.7757, 310.681
68.8065, 310.682
68.8467, 310.683
68.8526, 310.683
68.9008, 310.684
68.942, 310.685
68.9894, 310.686
69.0016, 310.686
69.0571, 310.688
69.074, 310.688
69.1285, 310.689
69.1537, 310.69
69.1663, 310.69
69.2134, 310.691
69.2158, 310.692
69.2436, 310.692
69.2611, 310.693
69.2661, 310.693
69.3135, 310.694
69.3586, 310.695
69.3643, 310.695
69.41, 310.696
69.4436, 310.697
69.4475, 310.697
69.4498, 310.697
69.48, 310.698
69.5205, 310.699
69.5356, 310.7
69.5705, 310.7
69.6013, 310.701
69.6664, 310.703
69.6783, 310.703
69.7301, 310.705
69.7322, 310.705
69.7525, 310.705
69.7836, 310.706
69.8029, 310.706
69.8089, 310.707
69.8314, 310.707
69.84, 310.707
69.8811, 310.708
69.8943, 310.709
69.8957, 310.709
69.9296, 310.71
69.9319, 310.71
69.9362, 310.71
69.9581, 310.71
69.982, 310.711
70.0171, 310.712
70.0676, 310.713
70.0814, 310.714
70.1144, 310.715
70.1379, 310.715
70.1631, 310.716
70.1889, 310.717
70.2494, 310.718
70.2605, 310.719
70.2717, 310.719
70.2964, 310.72
70.3034, 310.72
70.3266, 310.72
70.3368, 310.721
70.3519, 310.721
70.3736, 310.722
70.3977, 310.722
70.4121, 310.723
70.4583, 310.724
70.4832, 310.725
70.5418, 310.726
70.5558, 310.727
70.5991, 310.728
70.6508, 310.729
70.6875, 310.73
70.7075, 310.731
70.7207, 310.731
70.7447, 310.732
70.76, 310.732
70.7987, 310.733
70.8087, 310.734
70.8142, 310.734
70.8475, 310.735
70.8802, 310.736
70.9321, 310.737
70.9381, 310.737
70.9589, 310.738
70.9932, 310.739
71.0514, 310.741
71.0538, 310.741
71.0582, 310.741
71.0833, 310.742
71.129, 310.743
71.1294, 310.743
71.1297, 310.743
71.1614, 310.744
71.1905, 310.745
71.1976, 310.745
71.2427, 310.746
71.27, 310.747
71.2786, 310.747
71.3056, 310.748
71.3379, 310.749
71.3708, 310.75
71.3889, 310.751
71.4052, 310.751
71.4584, 310.753
71.4591, 310.753
71.4595, 310.753
71.5086, 310.754
71.5351, 310.755
71.6034, 310.757
71.6302, 310.758
71.636, 310.758
71.6614, 310.759
71.6825, 310.759
71.697, 310.76
71.7464, 310.761
71.7806, 310.762
71.8293, 310.764
71.8313, 310.764
71.8352, 310.764
71.9044, 310.766
71.9052, 310.766
71.9058, 310.766
71.9436, 310.767
71.9808, 310.768
71.9991, 310.769
72.0054, 310.769
72.0253, 310.77
72.0694, 310.771
72.0695, 310.771
72.1293, 310.773
72.1392, 310.773
72.1813, 310.775
72.2057, 310.776
72.2145, 310.776
72.2437, 310.777
72.2645, 310.777
72.2662, 310.777
72.281, 310.778
72.3066, 310.779
72.3629, 310.781
72.3939, 310.782
72.4043, 310.782
72.4105, 310.782
72.4458, 310.783
72.4739, 310.784
72.5035, 310.785
72.5165, 310.785
72.56, 310.787
72.5842, 310.788
72.6005, 310.788
72.624, 310.789
72.6393, 310.789
72.6641, 310.79
72.6702, 310.79
72.7008, 310.791
72.7198, 310.792
72.7554, 310.793
72.7873, 310.794
72.809, 310.795
72.8356, 310.796
72.8497, 310.796
72.8936, 310.798
72.912, 310.798
72.958, 310.8
72.9936, 310.801
72.9999, 310.801
73.0017, 310.801
73.0114, 310.802
73.0566, 310.803
73.0958, 310.805
73.1474, 310.806
73.2136, 310.809
73.2141, 310.809
73.2622, 310.81
73.2934, 310.811
73.3445, 310.813
73.3911, 310.815
73.4086, 310.815
73.4206, 310.816
73.4627, 310.817
73.4913, 310.818
73.5256, 310.819
73.5344, 310.82
73.5547, 310.82
73.5975, 310.822
73.6158, 310.823
73.6843, 310.825
73.7171, 310.826
73.7412, 310.827
73.7688, 310.828
73.8079, 310.829
73.816, 310.83
73.8608, 310.831
73.8614, 310.831
73.8931, 310.833
73.9133, 310.833
73.9339, 310.834
73.9386, 310.834
73.9724, 310.835
73.9942, 310.836
74.025, 310.837
74.0792, 310.839
74.0842, 310.839
74.1456, 310.842
74.1518, 310.842
74.1716, 310.843
74.1927, 310.843
74.2019, 310.844
74.253, 310.846
74.2695, 310.846
74.3124, 310.848
74.3207, 310.848
74.3499, 310.849
74.3663, 310.85
74.4083, 310.851
74.4247, 310.852
74.4693, 310.854
74.4934, 310.855
74.5025, 310.855
74.507, 310.855
74.5104, 310.855
74.547, 310.857
74.5559, 310.857
74.5954, 310.859
74.6157, 310.859
74.6581, 310.861
74.7065, 310.863
74.7083, 310.863
74.7087, 310.863
74.7508, 310.864
74.7604, 310.865
74.7958, 310.866
74.8354, 310.868
74.841, 310.868
74.876, 310.869
74.8779, 310.869
74.9426, 310.872
74.9571, 310.872
74.9702, 310.873
75.0134, 310.875
75.02, 310.875
75.0246, 310.875
75.0942, 310.878
75.1224, 310.879
75.1334, 310.879
75.1812, 310.881
75.1979, 310.882
75.2229, 310.883
75.2291, 310.883
75.2417, 310.884
75.2834, 310.885
75.3111, 310.886
75.3382, 310.888
75.3757, 310.889
75.3912, 310.89
75.4391, 310.892
75.4874, 310.894
75.4979, 310.894
75.5123, 310.895
75.5571, 310.896
75.5933, 310.898
75.6072, 310.898
75.66, 310.901
75.6863, 310.902
75.7109, 310.903
75.7356, 310.904
75.7498, 310.904
75.7875, 310.906
75.8211, 310.907
75.8344, 310.908
75.8681, 310.909
75.9097, 310.911
75.923, 310.912
75.995, 310.915
76.0018, 310.915
76.0639, 310.917
76.0647, 310.918
76.0652, 310.918
76.0981, 310.919
76.0989, 310.919
76.1315, 310.92
76.1498, 310.921
76.1888, 310.923
76.1921, 310.923
76.2389, 310.925
76.2772, 310.927
76.3046, 310.928
76.3811, 310.931
76.3823, 310.931
76.4139, 310.933
76.432, 310.933
76.4388, 310.934
76.4616, 310.935
76.4811, 310.935
76.5116, 310.937
76.5377, 310.938
76.5575, 310.939
76.5752, 310.94
76.6019, 310.941
76.6458, 310.943
76.6678, 310.944
76.7055, 310.945
76.736, 310.947
76.7544, 310.948
76.7647, 310.948
76.7931, 310.949
76.8099, 310.95
76.8161, 310.95
76.8396, 310.951
76.9169, 310.955
76.9204, 310.955
76.9257, 310.955
76.9647, 310.957
76.9872, 310.958
77.0202, 310.96
77.0444, 310.961
77.0563, 310.961
77.0759, 310.962
77.1457, 310.965
77.1469, 310.965
77.1699, 310.966
77.2067, 310.968
77.2083, 310.968
77.2238, 310.969
77.2559, 310.97
77.2775, 310.971
77.2929, 310.972
77.3349, 310.974
77.3888, 310.977
77.4079, 310.977
77.4394, 310.979
77.4424, 310.979
77.4597, 310.98
77.4917, 310.981
77.5325, 310.983
77.5566, 310.984
77.5577, 310.984
77.5586, 310.985
77.6252, 310.988
77.6336, 310.988
77.646, 310.989
77.7049, 310.991
77.7331, 310.993
77.746, 310.993
77.8108, 310.997
77.821, 310.997
77.8552, 310.999
77.8674, 310.999
77.9, 311.001
77.9215, 311.002
77.9471, 311.003
77.9611, 311.004
78.0073, 311.006
78.0487, 311.008
78.0679, 311.009
78.0992, 311.011
78.124, 311.012
78.1631, 311.014
78.1718, 311.014
78.2001, 311.016
78.2137, 311.016
78.2422, 311.018
78.2626, 311.019
78.2683, 311.019
78.3083, 311.021
78.3208, 311.022
78.3722, 311.024
78.4122, 311.026
78.4236, 311.027
78.4634, 311.029
78.4705, 311.029
78.5301, 311.032
78.5412, 311.033
78.5611, 311.034
78.5894, 311.035
78.6311, 311.037
78.6659, 311.039
78.6695, 311.039
78.7278, 311.042
78.7532, 311.044
78.7622, 311.044
78.7826, 311.045
78.7925, 311.046
78.8172, 311.047
78.8215, 311.047
78.8441, 311.048
78.8564, 311.049
78.8784, 311.05
78.8906, 311.051
78.9272, 311.053
78.9529, 311.054
78.9728, 311.055
79.0348, 311.058
79.0384, 311.059
79.0716, 311.06
79.1253, 311.063
79.1817, 311.066
79.1913, 311.067
79.1926, 311.067
79.1997, 311.067
79.2504, 311.07
79.264, 311.071
79.3051, 311.073
79.3267, 311.074
79.3505, 311.075
79.3711, 311.076
79.3964, 311.078
79.4159, 311.079
79.4665, 311.082
79.4866, 311.083
79.5037, 311.084
79.5468, 311.086
79.5548, 311.086
79.6132, 311.09
79.6275, 311.09
79.6744, 311.093
79.7048, 311.095
79.7435, 311.097
79.8092, 311.1
79.8104, 311.101
79.8463, 311.103
79.8652, 311.104
79.8839, 311.105
79.9242, 311.107
79.9771, 311.11
79.9834, 311.11
80.0278, 311.113
80.0657, 311.115
80.0782, 311.116
80.0927, 311.117
80.1297, 311.119
80.1748, 311.121
80.1962, 311.122
80.2232, 311.124
80.2555, 311.126
80.2741, 311.127
80.2964, 311.128
80.3241, 311.13
80.3248, 311.13
80.3261, 311.13
80.3814, 311.133
80.392, 311.134
80.4211, 311.136
80.4569, 311.138
80.4622, 311.138
80.4715, 311.138
80.5001, 311.14
80.5256, 311.142
80.5818, 311.145
80.6116, 311.147
80.6355, 311.148
80.6635, 311.15
80.684, 311.151
80.7138, 311.153
80.7359, 311.154
80.7614, 311.156
80.7878, 311.157
80.8095, 311.159
80.8414, 311.16
80.8602, 311.162
80.8908, 311.163
80.9363, 311.166
80.9637, 311.168
81.0525, 311.173
81.0552, 311.174
81.0565, 311.174
81.1275, 311.178
81.1478, 311.179
81.1798, 311.181
81.181, 311.181
81.1823, 311.181
81.1894, 311.182
81.2558, 311.186
81.2938, 311.188
81.3192, 311.19
81.3226, 311.19
81.3361, 311.191
81.383, 311.194
81.4291, 311.197
81.4582, 311.199
81.4831, 311.2
81.5172, 311.202
81.5334, 311.203
81.5592, 311.205
81.585, 311.207
81.6115, 311.208
81.6249, 311.209
81.6704, 311.212
81.7038, 311.214
81.7168, 311.215
81.7362, 311.216
81.7605, 311.218
81.7796, 311.219
81.8388, 311.223
81.8635, 311.225
81.9094, 311.228
81.9602, 311.231
81.9643, 311.231
81.966, 311.231
81.9675, 311.231
81.9713, 311.232
81.9898, 311.233
82.0183, 311.235
82.0215, 311.235
82.0287, 311.235
82.0831, 311.239
82.0988, 311.24
82.1527, 311.244
82.174, 311.245
82.1838, 311.246
82.1938, 311.246
82.2405, 311.25
82.2869, 311.253
82.2979, 311.253
82.3305, 311.256
82.3366, 311.256
82.3562, 311.257
82.3681, 311.258
82.4093, 311.261
82.4491, 311.264
82.4519, 311.264
82.4531, 311.264
82.4549, 311.264
82.4889, 311.266
82.5494, 311.27
82.5557, 311.271
82.5636, 311.271
82.576, 311.272
82.616, 311.275
82.6305, 311.276
82.6712, 311.279
82.6912, 311.28
82.7163, 311.282
82.7631, 311.285
82.772, 311.286
82.7752, 311.286
82.8305, 311.29
82.8631, 311.292
82.8697, 311.293
82.8716, 311.293
82.8754, 311.293
82.932, 311.297
82.9723, 311.3
83.0077, 311.302
83.0218, 311.303
83.0278, 311.304
83.0845, 311.308
83.1201, 311.31
83.1205, 311.31
83.1692, 311.314
83.1732, 311.314
83.2349, 311.319
83.2379, 311.319
83.3065, 311.324
83.3276, 311.325
83.3467, 311.327
83.3804, 311.329
83.3936, 311.33
83.4424, 311.334
83.446, 311.334
83.4523, 311.334
83.4784, 311.336
83.4944, 311.338
83.5565, 311.342
83.5881, 311.344
83.6216, 311.347
83.6537, 311.349
83.7552, 311.357
83.7702, 311.358
83.8181, 311.362
83.8488, 311.364
83.8795, 311.366
83.9191, 311.369
83.9458, 311.371
84.0043, 311.376
84.0678, 311.381
84.0851, 311.382
84.1206, 311.385
84.1534, 311.387
84.1748, 311.389
84.1973, 311.391
84.2141, 311.392
84.2517, 311.395
84.2784, 311.397
84.2891, 311.398
84.3426, 311.402
84.3928, 311.406
84.3946, 311.406
84.3956, 311.406
84.4014, 311.407
84.4575, 311.411
84.5, 311.414
84.5504, 311.418
84.5518, 311.419
84.5821, 311.421
84.6217, 311.424
84.6261, 311.424
84.6669, 311.428
84.6872, 311.429
84.7161, 311.432
84.7501, 311.434
84.7504, 311.434
84.7505, 311.435
84.7934, 311.438
84.8101, 311.439
84.8285, 311.441
84.8472, 311.442
84.8572, 311.443
84.8694, 311.444
84.8801, 311.445
84.8908, 311.446
84.9181, 311.448
84.9268, 311.449
84.971, 311.452
84.9763, 311.453
85.0039, 311.455
85.047, 311.459
85.0941, 311.463
85.0995, 311.463
85.106, 311.464
85.141, 311.467
85.1858, 311.47
85.2037, 311.472
85.2274, 311.474
85.3045, 311.48
85.3148, 311.481
85.3265, 311.482
85.3649, 311.485
85.3826, 311.487
85.4534, 311.493
85.4639, 311.494
85.4817, 311.495
85.5004, 311.497
85.5286, 311.499
85.5393, 311.5
85.5451, 311.501
85.6048, 311.506
85.6082, 311.506
85.63, 311.508
85.6483, 311.51
85.678, 311.512
85.6808, 311.513
85.7233, 311.516
85.7541, 311.519
85.7946, 311.522
85.806, 311.523
85.8425, 311.527
85.8569, 311.528
85.8733, 311.529
85.8885, 311.531
85.9187, 311.533
85.9578, 311.537
85.9778, 311.539
86.0096, 311.541
86.017, 311.542
86.0522, 311.545
86.0633, 311.546
86.0655, 311.546
86.0892, 311.549
86.1112, 311.551
86.1546, 311.554
86.171, 311.556
86.2124, 311.56
86.2522, 311.563
86.2525, 311.563
86.2527, 311.563
86.2536, 311.563
86.3235, 311.57
86.3828, 311.575
86.4095, 311.578
86.4113, 311.578
86.4234, 311.579
86.4432, 311.581
86.4576, 311.582
86.4793, 311.584
86.512, 311.587
86.5324, 311.589
86.5401, 311.59
86.5516, 311.591
86.5817, 311.594
86.6055, 311.596
86.608, 311.596
86.6413, 311.599
86.6613, 311.601
86.6907, 311.604
86.699, 311.605
86.7007, 311.605
86.7601, 311.61
86.7929, 311.613
86.8049, 311.615
86.8149, 311.616
86.8373, 311.618
86.8885, 311.623
86.9289, 311.626
86.9295, 311.626
86.9651, 311.63
86.9895, 311.632
87.0444, 311.637
87.0457, 311.638
87.0506, 311.638
87.0958, 311.642
87.0985, 311.643
87.1423, 311.647
87.1668, 311.649
87.1794, 311.651
87.2422, 311.657
87.2488, 311.657
87.2824, 311.661
87.2984, 311.662
87.356, 311.668
87.3702, 311.669
87.3833, 311.671
87.4454, 311.677
87.4573, 311.678
87.4709, 311.679
87.4842, 311.681
87.4927, 311.682
87.516, 311.684
87.5702, 311.689
87.587, 311.691
87.6448, 311.697
87.646, 311.697
87.692, 311.702
87.7395, 311.706
87.7419, 311.707
87.7457, 311.707
87.7904, 311.712
87.8306, 311.716
87.8726, 311.72
87.9089, 311.724
87.9165, 311.725
87.961, 311.729
87.9624, 311.729
88.0071, 311.734
88.0136, 311.735
88.0532, 311.739
88.0916, 311.743
88.1074, 311.745
88.1269, 311.747
88.1538, 311.749
88.1725, 311.751
88.2097, 311.755
88.2161, 311.756
88.2412, 311.759
88.2466, 311.759
88.2761, 311.762
88.3045, 311.765
88.32, 311.767
88.3735, 311.773
88.4123, 311.777
88.4212, 311.778
88.4258, 311.778
88.4282, 311.779
88.4511, 311.781
88.4764, 311.784
88.5526, 311.792
88.584, 311.796
88.6034, 311.798
88.6196, 311.799
88.644, 311.802
88.6697, 311.805
88.7097, 311.809
88.72, 311.81
88.7264, 311.811
88.7566, 311.815
88.7849, 311.818
88.8108, 311.821
88.8574, 311.826
88.8824, 311.829
88.9138, 311.832
88.9319, 311.834
88.9584, 311.837
88.9763, 311.839
88.9864, 311.84
89.0222, 311.844
89.0746, 311.85
89.0861, 311.851
89.1054, 311.854
89.1229, 311.856
89.1505, 311.859
89.1704, 311.861
89.2186, 311.867
89.2349, 311.868
89.2707, 311.873
89.3285, 311.879
89.3294, 311.879
89.3298, 311.879
89.3801, 311.885
89.3899, 311.886
89.4103, 311.889
89.4218, 311.89
89.4319, 311.891
89.4929, 311.898
89.5267, 311.902
89.5501, 311.905
89.5837, 311.909
89.5873, 311.91
89.6, 311.911
89.6361, 311.915
89.6438, 311.916
89.6469, 311.917
89.6825, 311.921
89.687, 311.921
89.7049, 311.924
89.7182, 311.925
89.7319, 311.927
89.7585, 311.93
89.7983, 311.935
89.8252, 311.938
89.8729, 311.944
89.8949, 311.946
89.9112, 311.948
89.9432, 311.952
89.9709, 311.956
90.0125, 311.961
90.0516, 311.966
90.0952, 311.971
90.1129, 311.973
90.1172, 311.974
90.1481, 311.977
90.172, 311.98
90.2075, 311.985
90.2177, 311.986
90.2666, 311.992
90.2741, 311.993
90.329, 312
90.3578, 312.004
90.3691, 312.005
90.3929, 312.008
90.3996, 312.009
90.402, 312.009
90.4314, 312.013
90.4479, 312.015
90.4737, 312.018
90.4887, 312.02
90.5441, 312.027
90.5538, 312.029
90.5829, 312.032
90.5996, 312.034
90.6617, 312.042
90.6625, 312.042
90.6637, 312.043
90.6921, 312.046
90.7305, 312.051
90.7372, 312.052
90.7917, 312.059
90.7938, 312.06
90.8282, 312.064
90.8924, 312.072
90.9577, 312.081
90.9651, 312.082
90.9664, 312.082
90.9683, 312.083
90.993, 312.086
91.0083, 312.088
91.0427, 312.092
91.0641, 312.095
91.0938, 312.099
91.1237, 312.103
91.1686, 312.109
91.1985, 312.113
91.2118, 312.115
91.2506, 312.12
91.2594, 312.122
91.2668, 312.123
91.3187, 312.13
91.3272, 312.131
91.3767, 312.138
91.3875, 312.139
91.4346, 312.146
91.4714, 312.151
91.4833, 312.152
91.4923, 312.154
91.5237, 312.158
91.575, 312.165
91.5983, 312.168
91.6097, 312.17
91.6568, 312.176
91.6571, 312.176
91.6663, 312.178
91.699, 312.182
91.6999, 312.183
91.7017, 312.183
91.7597, 312.191
91.7795, 312.194
91.8044, 312.197
91.85, 312.204
91.851, 312.204
91.8528, 312.204
91.9017, 312.211
91.928, 312.215
91.9593, 312.22
91.9732, 312.222
91.9902, 312.224
92.0075, 312.226
92.0463, 312.232
92.0571, 312.234
92.0609, 312.234
92.0774, 312.237
92.0924, 312.239
92.1081, 312.241
92.138, 312.245
92.178, 312.251
92.1811, 312.252
92.2346, 312.26
92.2539, 312.263
92.2601, 312.263
92.3025, 312.27
92.3169, 312.272
92.3332, 312.274
92.3598, 312.278
92.3899, 312.283
92.3949, 312.283
92.4257, 312.288
92.4309, 312.289
92.4388, 312.29
92.463, 312.294
92.4945, 312.298
92.5297, 312.304
92.5402, 312.305
92.592, 312.313
92.5968, 312.314
92.6544, 312.323
92.6646, 312.324
92.6837, 312.327
92.7073, 312.331
92.7151, 312.332
92.7632, 312.339
92.7667, 312.34
92.8235, 312.349
92.8263, 312.349
92.8347, 312.351
92.8728, 312.356
92.8862, 312.359
92.892, 312.359
92.9221, 312.364
92.9525, 312.369
92.9551, 312.369
92.9942, 312.375
93.011, 312.378
93.0336, 312.382
93.057, 312.385
93.0617, 312.386
93.069, 312.387
93.0892, 312.391
93.151, 312.4
93.1817, 312.405
93.2233, 312.412
93.2245, 312.412
93.2268, 312.413
93.286, 312.422
93.332, 312.43
93.3502, 312.433
93.3752, 312.437
93.3905, 312.439
93.4169, 312.443
93.4247, 312.445
93.4338, 312.446
93.4744, 312.453
93.5197, 312.46
93.5327, 312.462
93.5602, 312.467
93.5719, 312.469
93.5909, 312.472
93.6301, 312.479
93.6771, 312.486
93.6975, 312.49
93.7178, 312.493
93.7251, 312.495
93.7428, 312.497
93.7721, 312.502
93.7879, 312.505
93.8077, 312.508
93.8225, 312.511
93.8488, 312.515
93.8721, 312.519
93.9, 312.524
93.9231, 312.528
93.9679, 312.536
94.013, 312.544
94.0203, 312.545
94.0957, 312.558
94.1035, 312.559
94.1117, 312.561
94.1556, 312.568
94.176, 312.572
94.2061, 312.577
94.2114, 312.578
94.2135, 312.578
94.2395, 312.583
94.2571, 312.586
94.2593, 312.587
94.3013, 312.594
94.3485, 312.602
94.3498, 312.603
94.35, 312.603
94.3524, 312.603
94.3994, 312.611
94.4148, 312.614
94.4591, 312.622
94.4859, 312.627
94.5202, 312.633
94.5741, 312.643
94.6081, 312.649
94.622, 312.652
94.6248, 312.652
94.6518, 312.657
94.6958, 312.665
94.7714, 312.679
94.7727, 312.679
94.7729, 312.679
94.8151, 312.687
94.8575, 312.695
94.8825, 312.7
94.9309, 312.709
94.9407, 312.711
94.9774, 312.718
95.0054, 312.723
95.0536, 312.732
95.0862, 312.738
95.1027, 312.741
95.1176, 312.744
95.1378, 312.748
95.1718, 312.755
95.1955, 312.759
95.2518, 312.77
95.2557, 312.771
95.3157, 312.782
95.3273, 312.785
95.3581, 312.791
95.4118, 312.801
95.4198, 312.803
95.465, 312.812
95.487, 312.816
95.4976, 312.818
95.5266, 312.824
95.5518, 312.829
95.5841, 312.835
95.6108, 312.841
95.6495, 312.848
95.6946, 312.857
95.696, 312.858
95.7253, 312.864
95.736, 312.866
95.7742, 312.874
95.8038, 312.88
95.8158, 312.882
95.8326, 312.885
95.8469, 312.888
95.8809, 312.895
95.8927, 312.898
95.934, 312.906
95.955, 312.911
96.0328, 312.927
96.0561, 312.932
96.068, 312.934
96.0873, 312.938
96.1055, 312.942
96.1221, 312.946
96.1475, 312.951
96.1986, 312.962
96.2323, 312.969
96.2541, 312.973
96.2664, 312.976
96.309, 312.985
96.3458, 312.993
96.3713, 312.999
96.3936, 313.003
96.4437, 313.014
96.4633, 313.018
96.4867, 313.024
96.5255, 313.032
96.5361, 313.034
96.5741, 313.043
96.6177, 313.052
96.633, 313.056
96.6424, 313.058
96.6816, 313.066
96.7365, 313.079
96.7481, 313.081
96.7872, 313.09
96.8423, 313.102
96.8617, 313.107
96.9076, 313.117
96.9446, 313.126
96.9663, 313.131
96.9982, 313.138
97.0046, 313.139
97.066, 313.154
97.1071, 313.163
97.1194, 313.166
97.1722, 313.178
97.177, 313.179
97.2174, 313.189
97.257, 313.198
97.2859, 313.205
97.3142, 313.212
97.3435, 313.219
97.3447, 313.219
97.3981, 313.232
97.4282, 313.239
97.4831, 313.252
97.4994, 313.256
97.5528, 313.269
97.567, 313.272
97.6012, 313.281
97.605, 313.282
97.6147, 313.284
97.6402, 313.29
97.6637, 313.296
97.6821, 313.301
97.6908, 313.303
97.7303, 313.313
97.7431, 313.316
97.8083, 313.332
97.8451, 313.341
97.8762, 313.349
97.9295, 313.362
97.9393, 313.365
97.9439, 313.366
97.9479, 313.367
97.9814, 313.376
98.0135, 313.384
98.0865, 313.402
98.0901, 313.403
98.1486, 313.418
98.1587, 313.421
98.1878, 313.429
98.1961, 313.431
98.2551, 313.446
98.2573, 313.447
98.261, 313.448
98.3108, 313.461
98.3634, 313.475
98.3898, 313.482
98.4079, 313.487
98.4564, 313.5
98.4616, 313.501
98.5056, 313.513
98.5763, 313.532
98.603, 313.539
98.6218, 313.544
98.6703, 313.558
98.6835, 313.561
98.7163, 313.57
98.7238, 313.572
98.7432, 313.578
98.7649, 313.584
98.831, 313.602
98.831, 313.602
98.8313, 313.602
98.8829, 313.617
98.8841, 313.617
98.9071, 313.624
98.9255, 313.629
98.9263, 313.629
98.9338, 313.631
98.9852, 313.646
99.0119, 313.653
99.0454, 313.663
99.0751, 313.671
99.0918, 313.676
99.1339, 313.688
99.1892, 313.704
99.1936, 313.706
99.2021, 313.708
99.2281, 313.716
99.2813, 313.732
99.2957, 313.736
99.3047, 313.738
99.3325, 313.747
99.3824, 313.761
99.3855, 313.762
99.3991, 313.766
99.4641, 313.786
99.4797, 313.791
99.4879, 313.793
99.4984, 313.796
99.5266, 313.805
99.5671, 313.817
99.585, 313.823
99.6037, 313.828
99.6419, 313.84
99.6801, 313.852
99.7075, 313.861
99.7401, 313.871
99.7946, 313.888
99.8119, 313.893
99.8176, 313.895
99.8281, 313.898
99.8798, 313.915
99.8971, 313.92
99.9423, 313.935
99.9432, 313.935
99.9436, 313.935
100.002, 313.954
100.027, 313.962
100.086, 313.981
100.09, 313.982
100.143, 314
100.185, 314.013
100.203, 314.019
100.233, 314.03
100.272, 314.042
100.306, 314.054
100.352, 314.069
100.363, 314.073
100.405, 314.087
100.455, 314.104
100.475, 314.111
100.498, 314.119
100.512, 314.124
100.554, 314.138
100.595, 314.153
100.628, 314.165
100.647, 314.171
100.673, 314.18
100.712, 314.194
100.753, 314.209
100.773, 314.216
100.797, 314.224
100.856, 314.246
100.865, 314.249
100.873, 314.252
100.926, 314.271
100.951, 314.281
100.995, 314.297
101.01, 314.302
101.04, 314.313
101.097, 314.335
101.12, 314.343
101.174, 314.364
101.19, 314.37
101.196, 314.372
101.226, 314.384
101.268, 314.4
101.271, 314.401
101.301, 314.413
101.336, 314.426
101.357, 314.434
101.406, 314.454
101.428, 314.462
101.438, 314.467
101.464, 314.477
101.475, 314.481
101.523, 314.5
101.542, 314.508
101.572, 314.52
101.624, 314.541
101.669, 314.56
101.671, 314.561
101.716, 314.579
101.733, 314.586
101.775, 314.604
101.779, 314.606
101.783, 314.607
101.816, 314.621
101.864, 314.642
101.895, 314.655
101.923, 314.667
101.942, 314.675
101.974, 314.689
102.005, 314.703
102.027, 314.712
102.041, 314.718
102.086, 314.738
102.102, 314.745
102.16, 314.771
102.164, 314.773
102.179, 314.78
102.227, 314.802
102.281, 314.826
102.297, 314.834
102.338, 314.853
102.368, 314.867
102.426, 314.894
102.463, 314.912
102.531, 314.945
102.54, 314.949
102.548, 314.953
102.581, 314.969
102.599, 314.978
102.631, 314.994
102.659, 315.007
102.66, 315.008
102.682, 315.019
102.683, 315.02
102.698, 315.027
102.705, 315.03
102.727, 315.041
102.784, 315.071
102.812, 315.085
102.841, 315.1
102.864, 315.112
102.916, 315.139
102.917, 315.14
102.921, 315.142
102.963, 315.164
103.026, 315.198
103.029, 315.2
103.053, 315.213
103.069, 315.222
103.08, 315.228
103.115, 315.247
103.143, 315.263
103.157, 315.271
103.217, 315.305
103.22, 315.306
103.225, 315.309
103.273, 315.337
103.315, 315.361
103.327, 315.368
103.363, 315.389
103.379, 315.399
103.438, 315.434
103.47, 315.454
103.477, 315.459
103.49, 315.466
103.501, 315.473
103.545, 315.5
103.57, 315.516
103.59, 315.529
103.621, 315.549
103.66, 315.574
103.669, 315.58
103.676, 315.584
103.704, 315.602
103.744, 315.629
103.765, 315.643
103.785, 315.657
103.847, 315.7
103.852, 315.703
103.919, 315.75
103.926, 315.755
103.93, 315.758
103.989, 315.801
104.06, 315.853
104.091, 315.876
104.102, 315.884
104.109, 315.89
104.15, 315.922
104.181, 315.946
104.254, 316.004
104.255, 316.005
104.257, 316.007
104.319, 316.058
104.336, 316.072
104.377, 316.107
104.394, 316.122
104.419, 316.145
104.477, 316.197
104.489, 316.208
104.511, 316.228
104.561, 316.275
104.579, 316.292
104.595, 316.308
104.63, 316.342
104.648, 316.36
104.69, 316.405
104.751, 316.468
104.752, 316.469
104.757, 316.474
104.79, 316.51
104.847, 316.575
104.861, 316.591
104.9, 316.638
104.919, 316.661
104.938, 316.684
104.971, 316.724
105.012, 316.78
105.014, 316.783
105.028, 316.8
105.055, 316.836
105.061, 316.844
105.088, 316.882
105.089, 316.885
105.098, 316.897
105.131, 316.945
105.178, 317.016
105.222, 317.088
105.245, 317.125
105.259, 317.15
105.282, 317.188
105.288, 317.198
105.293, 317.208
105.317, 317.256
105.357, 317.332
105.417, 317.451
105.438, 317.497
105.455, 317.541
105.471, 317.579
105.507, 317.665
105.52, 317.701
105.57, 317.846
105.578, 317.866
105.591, 317.912
105.636, 318.059
105.677, 318.218
105.682, 318.241
105.725, 318.418
105.736, 318.47
105.786, 318.732
105.802, 318.838
105.831, 319.021
105.86, 319.193
105.868, 319.229
105.894, 319.409
105.916, 319.547
105.979, 319.762
106.012, 319.824
106.027, 319.82
106.059, 319.72
106.093, 319.555
106.115, 319.41
106.146, 319.184
106.192, 318.922
106.194, 318.908
106.229, 318.692
106.256, 318.601
106.298, 318.444
106.321, 318.352
106.327, 318.329
106.335, 318.307
106.395, 318.127
106.412, 318.08
106.457, 317.95
106.492, 317.876
106.5, 317.861
106.507, 317.847
106.558, 317.745
106.624, 317.632
106.664, 317.57
106.673, 317.555
106.722, 317.489
106.76, 317.438
106.776, 317.417
106.785, 317.406
106.82, 317.365
106.856, 317.324
106.886, 317.289
106.933, 317.244
106.945, 317.232
106.969, 317.21
107.013, 317.168
107.073, 317.118
107.081, 317.112
107.131, 317.072
107.149, 317.058
107.206, 317.019
107.211, 317.016
107.243, 316.992
107.248, 316.989
107.27, 316.975
107.28, 316.969
107.327, 316.94
107.365, 316.916
107.386, 316.903
107.419, 316.886
107.433, 316.878
107.452, 316.868
107.485, 316.849
107.508, 316.838
107.559, 316.813
107.588, 316.799
107.605, 316.791
107.615, 316.786
107.639, 316.776
107.642, 316.775
107.688, 316.754
107.722, 316.74
107.746, 316.73
107.769, 316.72
107.788, 316.713
107.831, 316.696
107.842, 316.692
107.893, 316.674
107.921, 316.664
107.947, 316.655
107.961, 316.65
107.976, 316.645
108.02, 316.631
108.028, 316.629
108.081, 316.613
108.12, 316.601
108.135, 316.596
108.143, 316.594
108.194, 316.58
108.214, 316.575
108.259, 316.563
108.266, 316.561
108.308, 316.55
108.31, 316.55
108.338, 316.542
108.377, 316.534
108.396, 316.529
108.432, 316.52
108.468, 316.513
108.494, 316.507
108.522, 316.501
108.534, 316.499
108.591, 316.487
108.597, 316.486
108.605, 316.485
108.644, 316.477
108.678, 316.471
108.698, 316.467
108.727, 316.462
108.728, 316.462
108.728, 316.462
108.764, 316.456
108.787, 316.452
108.805, 316.449
108.818, 316.447
108.841, 316.444
108.869, 316.439
108.882, 316.437
108.918, 316.432
108.953, 316.427
108.979, 316.424
108.987, 316.422
108.999, 316.421
109.029, 316.417
109.037, 316.416
109.066, 316.412
109.079, 316.411
109.123, 316.406
109.135, 316.404
109.174, 316.4
109.177, 316.4
109.183, 316.399
109.239, 316.393
109.277, 316.389
109.283, 316.389
109.305, 316.387
109.311, 316.386
109.355, 316.382
109.358, 316.382
109.359, 316.382
109.36, 316.382
109.399, 316.378
109.434, 316.376
109.444, 316.375
109.485, 316.372
109.496, 316.371
109.517, 316.37
109.543, 316.368
109.568, 316.366
109.581, 316.366
109.621, 316.363
109.66, 316.361
109.672, 316.361
109.674, 316.361
109.7, 316.36
109.715, 316.359
109.728, 316.358
109.761, 316.357
109.814, 316.355
109.827, 316.355
109.859, 316.354
109.863, 316.354
109.932, 316.353
110, 316.352
110.137, 316.286
110.228, 316.245
110.258, 316.232
110.369, 316.201
110.482, 316.166
110.657, 316.141
110.693, 316.136
110.986, 316.093
111, 316.09


