X,T
6.61744e-18, 310.15
0.218929, 310.15
0.550309, 310.15
0.594245, 310.15
0.63223, 310.15
1.0221, 310.15
1.09653, 310.15
1.3127, 310.15
1.50767, 310.15
1.82249, 310.15
1.84818, 310.15
1.89406, 310.15
2.39258, 310.15
2.59809, 310.15
2.80939, 310.15
3.03114, 310.15
3.23573, 310.15
3.44789, 310.15
3.48652, 310.15
3.63828, 310.15
4.11593, 310.15
4.19606, 310.15
4.40834, 310.15
4.79507, 310.151
4.9333, 310.151
5.34396, 310.151
5.57963, 310.151
5.64073, 310.151
5.79769, 310.151
5.90374, 310.151
6.46707, 310.151
6.64901, 310.151
7.06043, 310.151
7.21256, 310.151
7.25458, 310.151
7.45405, 310.151
7.502, 310.151
8.11755, 310.151
8.16551, 310.151
8.53045, 310.151
8.62974, 310.151
8.83777, 310.151
9.14863, 310.151
9.21694, 310.151
9.2713, 310.151
9.65989, 310.151
9.99864, 310.151
10.2615, 310.151
10.4199, 310.151
10.4832, 310.151
10.7966, 310.151
10.8691, 310.151
11.0844, 310.151
11.3109, 310.151
11.574, 310.151
11.6794, 310.151
11.8032, 310.151
11.9853, 310.151
12.3235, 310.151
12.3982, 310.151
12.4175, 310.151
12.4711, 310.151
12.9605, 310.151
13.342, 310.151
13.5497, 310.151
13.659, 310.151
14.125, 310.151
14.1801, 310.151
14.6647, 310.151
14.76, 310.151
14.9756, 310.151
15.0007, 310.151
15.3889, 310.151
15.4864, 310.151
15.5638, 310.151
16.0141, 310.151
16.0475, 310.151
16.7868, 310.151
16.8102, 310.151
16.8267, 310.151
16.8577, 310.152
16.89, 310.152
16.9053, 310.152
16.947, 310.152
17.0954, 310.152
17.6533, 310.152
17.8684, 310.152
18.1183, 310.152
18.4107, 310.152
18.44, 310.152
18.7679, 310.152
18.781, 310.152
19.2986, 310.152
19.6503, 310.152
19.6862, 310.152
19.7037, 310.152
19.8208, 310.152
20.2753, 310.152
20.5018, 310.152
20.5736, 310.152
20.8955, 310.152
21.1019, 310.152
21.2044, 310.152
21.3189, 310.152
21.7144, 310.153
21.7239, 310.153
21.7306, 310.153
22.0058, 310.153
22.363, 310.153
22.5026, 310.153
22.5691, 310.153
22.7206, 310.153
22.9654, 310.153
23.1356, 310.153
23.5455, 310.153
23.5616, 310.153
23.5836, 310.153
24.037, 310.153
24.1319, 310.153
24.3547, 310.154
24.8164, 310.154
24.8368, 310.154
24.9714, 310.154
25.3511, 310.154
25.6705, 310.154
25.7847, 310.154
25.8695, 310.154
26.3709, 310.154
26.4035, 310.155
26.4737, 310.155
26.8378, 310.155
26.8816, 310.155
27.1544, 310.155
27.2015, 310.155
27.5661, 310.155
27.8455, 310.155
28.0003, 310.155
28.0412, 310.156
28.3352, 310.156
28.4807, 310.156
28.7955, 310.156
29.0975, 310.156
29.1346, 310.156
29.1527, 310.156
29.587, 310.157
29.8672, 310.157
30.3046, 310.157
30.3454, 310.157
30.4202, 310.157
30.6629, 310.158
30.9181, 310.158
31.061, 310.158
31.1452, 310.158
31.2318, 310.158
31.263, 310.158
31.4288, 310.158
31.4665, 310.158
31.5333, 310.158
31.816, 310.159
31.8832, 310.159
31.972, 310.159
32.4293, 310.159
32.4431, 310.159
32.6588, 310.16
33.1046, 310.16
33.2266, 310.16
33.5126, 310.161
33.7384, 310.161
33.7732, 310.161
33.9857, 310.161
34.1117, 310.162
34.438, 310.162
34.6161, 310.162
34.7378, 310.163
34.8568, 310.163
35.286, 310.163
35.4638, 310.164
35.8273, 310.164
35.8558, 310.164
36.0342, 310.165
36.0868, 310.165
37.0021, 310.167
37.0041, 310.167
37.0085, 310.167
37.3371, 310.168
37.6716, 310.168
37.7801, 310.169
38.0592, 310.169
38.2015, 310.17
38.3019, 310.17
38.4377, 310.17
38.807, 310.171
38.8196, 310.171
38.8365, 310.171
39.1903, 310.172
39.5504, 310.173
39.5622, 310.173
39.5691, 310.173
39.9789, 310.175
40.2294, 310.175
40.3863, 310.176
40.5716, 310.177
40.8754, 310.178
41.2023, 310.179
41.2219, 310.179
41.267, 310.179
41.3313, 310.179
41.4548, 310.18
41.5281, 310.18
41.8809, 310.182
42.0773, 310.183
42.1162, 310.183
42.395, 310.184
42.4632, 310.184
42.8927, 310.186
42.9779, 310.187
43.1941, 310.188
43.77, 310.191
43.7876, 310.191
43.8095, 310.191
43.819, 310.191
43.8612, 310.191
44.4594, 310.195
44.5321, 310.195
44.9012, 310.198
44.9892, 310.198
45.0127, 310.199
45.0645, 310.199
45.1188, 310.199
45.1803, 310.2
45.9582, 310.205
46.2566, 310.208
46.3333, 310.208
46.3972, 310.209
46.7096, 310.212
46.7535, 310.212
46.8871, 310.213
47.3672, 310.218
47.6186, 310.22
48.1408, 310.226
48.196, 310.226
48.2549, 310.227
48.7849, 310.233
49.0936, 310.237
49.1162, 310.237
49.2079, 310.238
49.3066, 310.239
49.3718, 310.24
50.1248, 310.251
50.163, 310.251
50.2722, 310.253
50.4819, 310.256
50.8833, 310.263
50.9845, 310.265
51.2781, 310.27
51.5548, 310.275
51.5722, 310.275
51.9915, 310.284
52.2132, 310.288
52.3394, 310.291
52.416, 310.293
52.4589, 310.294
52.8136, 310.302
53.2464, 310.313
53.4094, 310.317
53.4628, 310.318
53.5635, 310.321
53.8184, 310.328
54.3386, 310.344
54.4645, 310.348
54.839, 310.362
54.8561, 310.363
55.222, 310.376
55.2973, 310.378
55.5022, 310.387
55.9584, 310.406
56.3453, 310.425
56.4304, 310.43
56.7283, 310.445
56.985, 310.463
57.3087, 310.484
57.4281, 310.492
57.5979, 310.505
57.669, 310.51
57.7033, 310.513
57.853, 310.528
57.8712, 310.53
57.882, 310.531
58, 310.545
58.0443, 310.545
58.0895, 310.545
58.0966, 310.545
58.1251, 310.545
58.1477, 310.545
58.1706, 310.545
58.1875, 310.545
58.2133, 310.545
58.2265, 310.545
58.2607, 310.546
58.2888, 310.546
58.2944, 310.546
58.3032, 310.546
58.376, 310.546
58.4029, 310.546
58.4729, 310.546
58.4869, 310.546
58.5008, 310.546
58.5452, 310.547
58.5513, 310.547
58.5534, 310.547
58.6135, 310.547
58.6249, 310.547
58.6755, 310.547
58.7015, 310.547
58.7437, 310.547
58.7787, 310.548
58.7921, 310.548
58.8215, 310.548
58.8674, 310.548
58.8723, 310.548
58.9027, 310.548
58.9031, 310.548
58.9044, 310.548
58.9568, 310.548
58.9977, 310.549
58.9991, 310.549
59.0025, 310.549
59.0195, 310.549
59.045, 310.549
59.0472, 310.549
59.0938, 310.549
59.1153, 310.549
59.1395, 310.549
59.1551, 310.55
59.1781, 310.55
59.1947, 310.55
59.262, 310.55
59.287, 310.55
59.2981, 310.55
59.3307, 310.551
59.3856, 310.551
59.4202, 310.551
59.4302, 310.551
59.4422, 310.551
59.469, 310.551
59.4877, 310.552
59.5097, 310.552
59.5379, 310.552
59.555, 310.552
59.5636, 310.552
59.5974, 310.552
59.609, 310.552
59.6123, 310.552
59.6776, 310.553
59.686, 310.553
59.7125, 310.553
59.7297, 310.553
59.7498, 310.553
59.7625, 310.553
59.778, 310.554
59.7881, 310.554
59.8422, 310.554
59.8482, 310.554
59.8967, 310.554
59.8991, 310.554
59.923, 310.555
59.9843, 310.555
60.0112, 310.555
60.0478, 310.556
60.0501, 310.556
60.0556, 310.556
60.0754, 310.556
60.0965, 310.556
60.1089, 310.556
60.1375, 310.556
60.1777, 310.557
60.2182, 310.557
60.2231, 310.557
60.2301, 310.557
60.2703, 310.557
60.2772, 310.557
60.314, 310.558
60.3227, 310.558
60.3277, 310.558
60.3723, 310.558
60.398, 310.558
60.4031, 310.558
60.4469, 310.559
60.4644, 310.559
60.5061, 310.559
60.5456, 310.56
60.5718, 310.56
60.5905, 310.56
60.6161, 310.56
60.6386, 310.56
60.6696, 310.561
60.6699, 310.561
60.7207, 310.561
60.7341, 310.561
60.7466, 310.561
60.7652, 310.561
60.7854, 310.562
60.792, 310.562
60.8051, 310.562
60.8592, 310.562
60.8637, 310.562
60.9087, 310.563
60.9484, 310.563
60.9608, 310.563
60.9624, 310.563
60.9663, 310.563
61.0239, 310.564
61.0591, 310.564
61.0706, 310.564
61.1033, 310.565
61.1391, 310.565
61.1917, 310.566
61.2853, 310.566
61.2861, 310.566
61.2864, 310.566
61.3287, 310.567
61.3456, 310.567
61.3769, 310.567
61.3972, 310.568
61.4387, 310.568
61.4616, 310.568
61.491, 310.569
61.5509, 310.569
61.5648, 310.569
61.6045, 310.57
61.6252, 310.57
61.6416, 310.57
61.666, 310.57
61.6859, 310.571
61.736, 310.571
61.7589, 310.571
61.7642, 310.571
61.8214, 310.572
61.8353, 310.572
61.8903, 310.573
61.898, 310.573
61.9474, 310.573
61.9678, 310.574
62.0089, 310.574
62.0498, 310.575
62.0511, 310.575
62.1055, 310.575
62.1176, 310.575
62.1211, 310.575
62.1444, 310.576
62.1608, 310.576
62.2123, 310.576
62.2305, 310.577
62.2689, 310.577
62.2796, 310.577
62.2858, 310.577
62.2951, 310.577
62.3308, 310.578
62.3747, 310.578
62.3802, 310.578
62.3832, 310.578
62.4241, 310.579
62.4514, 310.579
62.4558, 310.579
62.4585, 310.579
62.4863, 310.58
62.5464, 310.58
62.59, 310.581
62.6098, 310.581
62.6167, 310.581
62.6374, 310.582
62.6565, 310.582
62.6691, 310.582
62.7105, 310.582
62.7369, 310.583
62.7597, 310.583
62.7723, 310.583
62.7867, 310.583
62.8171, 310.584
62.8196, 310.584
62.8234, 310.584
62.8261, 310.584
62.8608, 310.584
62.871, 310.585
62.8948, 310.585
62.9435, 310.585
62.9471, 310.585
62.948, 310.585
62.9696, 310.586
63.0525, 310.587
63.0784, 310.587
63.0831, 310.587
63.0983, 310.587
63.1392, 310.588
63.1885, 310.589
63.202, 310.589
63.2106, 310.589
63.2883, 310.59
63.2972, 310.59
63.3087, 310.59
63.3315, 310.591
63.3485, 310.591
63.3598, 310.591
63.3676, 310.591
63.4278, 310.592
63.4326, 310.592
63.4368, 310.592
63.4807, 310.593
63.5036, 310.593
63.5123, 310.593
63.5737, 310.594
63.5799, 310.594
63.6045, 310.594
63.6268, 310.595
63.6328, 310.595
63.6412, 310.595
63.6829, 310.596
63.7308, 310.596
63.7637, 310.597
63.7697, 310.597
63.8164, 310.597
63.8179, 310.598
63.8213, 310.598
63.8229, 310.598
63.8345, 310.598
63.873, 310.598
63.8986, 310.599
63.909, 310.599
63.9166, 310.599
63.9519, 310.599
63.9731, 310.6
63.9891, 310.6
64.014, 310.6
64.0339, 310.601
64.06, 310.601
64.072, 310.601
64.1075, 310.602
64.1319, 310.602
64.1529, 310.602
64.1825, 310.603
64.1937, 310.603
64.2633, 310.604
64.2925, 310.605
64.3143, 310.605
64.3369, 310.605
64.3482, 310.606
64.3678, 310.606
64.4394, 310.607
64.4753, 310.608
64.494, 310.608
64.5328, 310.608
64.5537, 310.609
64.5887, 310.609
64.6161, 310.61
64.633, 310.61
64.6729, 310.611
64.6757, 310.611
64.7222, 310.611
64.7588, 310.612
64.7741, 310.612
64.8085, 310.613
64.8508, 310.614
64.8619, 310.614
64.901, 310.614
64.931, 310.615
64.9517, 310.615
64.9741, 310.616
64.9889, 310.616
65.0009, 310.616
65.0416, 310.617
65.0535, 310.617
65.0982, 310.618
65.1362, 310.618
65.1577, 310.619
65.1636, 310.619
65.1743, 310.619
65.1959, 310.619
65.2005, 310.619
65.2077, 310.62
65.2714, 310.621
65.2753, 310.621
65.2829, 310.621
65.3371, 310.622
65.3852, 310.623
65.3901, 310.623
65.397, 310.623
65.4286, 310.623
65.4641, 310.624
65.4692, 310.624
65.4754, 310.624
65.5168, 310.625
65.5695, 310.626
65.5984, 310.626
65.6155, 310.627
65.6463, 310.627
65.6543, 310.627
65.6642, 310.628
65.6906, 310.628
65.6993, 310.628
65.7266, 310.629
65.7316, 310.629
65.7875, 310.63
65.806, 310.63
65.8522, 310.631
65.8687, 310.631
65.9028, 310.632
65.9352, 310.633
65.9356, 310.633
65.9931, 310.634
66.0291, 310.634
66.0438, 310.635
66.0652, 310.635
66.1107, 310.636
66.1271, 310.636
66.1337, 310.636
66.2113, 310.638
66.2154, 310.638
66.2571, 310.639
66.2719, 310.639
66.3122, 310.64
66.3195, 310.64
66.3769, 310.641
66.3865, 310.641
66.3952, 310.641
66.4303, 310.642
66.4493, 310.642
66.5482, 310.644
66.5581, 310.645
66.5781, 310.645
66.6128, 310.646
66.6371, 310.646
66.6712, 310.647
66.7096, 310.648
66.7285, 310.648
66.7686, 310.649
66.8215, 310.65
66.8297, 310.65
66.8421, 310.65
66.8748, 310.651
66.9392, 310.652
66.9398, 310.652
66.9399, 310.652
66.978, 310.653
67.0187, 310.654
67.0287, 310.654
67.0776, 310.655
67.0945, 310.656
67.1288, 310.656
67.1482, 310.657
67.1502, 310.657
67.1533, 310.657
67.1591, 310.657
67.25, 310.659
67.2544, 310.659
67.2891, 310.66
67.3018, 310.66
67.3472, 310.661
67.374, 310.661
67.4596, 310.663
67.4675, 310.663
67.4789, 310.664
67.5118, 310.664
67.5432, 310.665
67.5581, 310.665
67.5926, 310.666
67.6131, 310.667
67.6486, 310.667
67.6501, 310.667
67.6572, 310.668
67.7046, 310.669
67.7617, 310.67
67.7905, 310.671
67.8217, 310.671
67.89, 310.673
67.9111, 310.673
67.9192, 310.673
67.9431, 310.674
67.9657, 310.674
67.9941, 310.675
68.0205, 310.676
68.0524, 310.676
68.0525, 310.676
68.0526, 310.676
68.0529, 310.676
68.1227, 310.678
68.1364, 310.678
68.1549, 310.679
68.1873, 310.68
68.22, 310.68
68.2594, 310.681
68.275, 310.682
68.3005, 310.682
68.3179, 310.683
68.3454, 310.683
68.3618, 310.684
68.3866, 310.684
68.4098, 310.685
68.4251, 310.685
68.4748, 310.686
68.4756, 310.686
68.4801, 310.686
68.5355, 310.688
68.5396, 310.688
68.5493, 310.688
68.5797, 310.689
68.5922, 310.689
68.6557, 310.691
68.6688, 310.691
68.705, 310.692
68.7099, 310.692
68.77, 310.693
68.7757, 310.694
68.8065, 310.694
68.8467, 310.695
68.8526, 310.695
68.9008, 310.697
68.942, 310.698
68.9894, 310.699
69.0016, 310.699
69.0571, 310.7
69.074, 310.701
69.1285, 310.702
69.1537, 310.703
69.1663, 310.703
69.2134, 310.704
69.2158, 310.704
69.2436, 310.705
69.2611, 310.706
69.2661, 310.706
69.3135, 310.707
69.3586, 310.708
69.3643, 310.708
69.41, 310.709
69.4436, 310.71
69.4475, 310.71
69.4498, 310.71
69.48, 310.711
69.5205, 310.712
69.5356, 310.713
69.5705, 310.714
69.6013, 310.714
69.6664, 310.716
69.6783, 310.716
69.7301, 310.718
69.7322, 310.718
69.7525, 310.718
69.7836, 310.719
69.8029, 310.72
69.8089, 310.72
69.8314, 310.721
69.84, 310.721
69.8811, 310.722
69.8943, 310.722
69.8957, 310.722
69.9296, 310.723
69.9319, 310.723
69.9362, 310.723
69.9581, 310.724
69.982, 310.725
70.0171, 310.726
70.0676, 310.727
70.0814, 310.727
70.1144, 310.728
70.1379, 310.729
70.1631, 310.729
70.1889, 310.73
70.2494, 310.732
70.2605, 310.732
70.2717, 310.732
70.2964, 310.733
70.3034, 310.733
70.3266, 310.734
70.3368, 310.734
70.3519, 310.735
70.3736, 310.735
70.3977, 310.736
70.4121, 310.736
70.4583, 310.738
70.4832, 310.738
70.5418, 310.74
70.5558, 310.74
70.5991, 310.742
70.6508, 310.743
70.6875, 310.744
70.7075, 310.745
70.7207, 310.745
70.7447, 310.746
70.76, 310.746
70.7987, 310.747
70.8087, 310.748
70.8142, 310.748
70.8475, 310.749
70.8802, 310.75
70.9321, 310.751
70.9381, 310.751
70.9589, 310.752
70.9932, 310.753
71.0514, 310.755
71.0538, 310.755
71.0582, 310.755
71.0833, 310.756
71.129, 310.757
71.1294, 310.757
71.1297, 310.757
71.1614, 310.758
71.1905, 310.759
71.1976, 310.759
71.2427, 310.76
71.27, 310.761
71.2786, 310.762
71.3056, 310.762
71.3379, 310.763
71.3708, 310.764
71.3889, 310.765
71.4052, 310.765
71.4584, 310.767
71.4591, 310.767
71.4595, 310.767
71.5086, 310.769
71.5351, 310.769
71.6034, 310.771
71.6302, 310.772
71.636, 310.772
71.6614, 310.773
71.6825, 310.774
71.697, 310.774
71.7464, 310.776
71.7806, 310.777
71.8293, 310.778
71.8313, 310.779
71.8352, 310.779
71.9044, 310.781
71.9052, 310.781
71.9058, 310.781
71.9436, 310.782
71.9808, 310.783
71.9991, 310.784
72.0054, 310.784
72.0253, 310.785
72.0694, 310.786
72.0695, 310.786
72.1293, 310.788
72.1392, 310.788
72.1813, 310.79
72.2057, 310.79
72.2145, 310.791
72.2437, 310.792
72.2645, 310.792
72.2662, 310.792
72.281, 310.793
72.3066, 310.794
72.3629, 310.796
72.3939, 310.797
72.4043, 310.797
72.4105, 310.797
72.4458, 310.798
72.4739, 310.799
72.5035, 310.8
72.5165, 310.801
72.56, 310.802
72.5842, 310.803
72.6005, 310.803
72.624, 310.804
72.6393, 310.805
72.6641, 310.806
72.6702, 310.806
72.7008, 310.807
72.7198, 310.807
72.7554, 310.809
72.7873, 310.81
72.809, 310.81
72.8356, 310.811
72.8497, 310.812
72.8936, 310.813
72.912, 310.814
72.958, 310.816
72.9936, 310.817
72.9999, 310.817
73.0017, 310.817
73.0114, 310.817
73.0566, 310.819
73.0958, 310.82
73.1474, 310.822
73.2136, 310.824
73.2141, 310.824
73.2622, 310.826
73.2934, 310.827
73.3445, 310.829
73.3911, 310.831
73.4086, 310.831
73.4206, 310.832
73.4627, 310.833
73.4913, 310.834
73.5256, 310.835
73.5344, 310.836
73.5547, 310.837
73.5975, 310.838
73.6158, 310.839
73.6843, 310.841
73.7171, 310.842
73.7412, 310.843
73.7688, 310.844
73.8079, 310.846
73.816, 310.846
73.8608, 310.848
73.8614, 310.848
73.8931, 310.849
73.9133, 310.85
73.9339, 310.85
73.9386, 310.851
73.9724, 310.852
73.9942, 310.853
74.025, 310.854
74.0792, 310.856
74.0842, 310.856
74.1456, 310.858
74.1518, 310.858
74.1716, 310.859
74.1927, 310.86
74.2019, 310.86
74.253, 310.862
74.2695, 310.863
74.3124, 310.865
74.3207, 310.865
74.3499, 310.866
74.3663, 310.867
74.4083, 310.868
74.4247, 310.869
74.4693, 310.871
74.4934, 310.872
74.5025, 310.872
74.507, 310.872
74.5104, 310.872
74.547, 310.874
74.5559, 310.874
74.5954, 310.875
74.6157, 310.876
74.6581, 310.878
74.7065, 310.88
74.7083, 310.88
74.7087, 310.88
74.7508, 310.882
74.7604, 310.882
74.7958, 310.883
74.8354, 310.885
74.841, 310.885
74.876, 310.886
74.8779, 310.887
74.9426, 310.889
74.9571, 310.89
74.9702, 310.89
75.0134, 310.892
75.02, 310.892
75.0246, 310.892
75.0942, 310.895
75.1224, 310.896
75.1334, 310.897
75.1812, 310.899
75.1979, 310.899
75.2229, 310.9
75.2291, 310.901
75.2417, 310.901
75.2834, 310.903
75.3111, 310.904
75.3382, 310.905
75.3757, 310.907
75.3912, 310.907
75.4391, 310.909
75.4874, 310.911
75.4979, 310.912
75.5123, 310.912
75.5571, 310.914
75.5933, 310.916
75.6072, 310.916
75.66, 310.919
75.6863, 310.92
75.7109, 310.921
75.7356, 310.922
75.7498, 310.922
75.7875, 310.924
75.8211, 310.925
75.8344, 310.926
75.8681, 310.927
75.9097, 310.929
75.923, 310.93
75.995, 310.933
76.0018, 310.933
76.0639, 310.936
76.0647, 310.936
76.0652, 310.936
76.0981, 310.937
76.0989, 310.937
76.1315, 310.939
76.1498, 310.94
76.1888, 310.941
76.1921, 310.941
76.2389, 310.943
76.2772, 310.945
76.3046, 310.946
76.3811, 310.95
76.3823, 310.95
76.4139, 310.951
76.432, 310.952
76.4388, 310.952
76.4616, 310.953
76.4811, 310.954
76.5116, 310.956
76.5377, 310.957
76.5575, 310.958
76.5752, 310.958
76.6019, 310.96
76.6458, 310.962
76.6678, 310.963
76.7055, 310.964
76.736, 310.966
76.7544, 310.967
76.7647, 310.967
76.7931, 310.968
76.8099, 310.969
76.8161, 310.969
76.8396, 310.971
76.9169, 310.974
76.9204, 310.974
76.9257, 310.974
76.9647, 310.976
76.9872, 310.977
77.0202, 310.979
77.0444, 310.98
77.0563, 310.981
77.0759, 310.981
77.1457, 310.985
77.1469, 310.985
77.1699, 310.986
77.2067, 310.988
77.2083, 310.988
77.2238, 310.988
77.2559, 310.99
77.2775, 310.991
77.2929, 310.992
77.3349, 310.994
77.3888, 310.996
77.4079, 310.997
77.4394, 310.999
77.4424, 310.999
77.4597, 311
77.4917, 311.001
77.5325, 311.003
77.5566, 311.004
77.5577, 311.004
77.5586, 311.004
77.6252, 311.008
77.6336, 311.008
77.646, 311.009
77.7049, 311.012
77.7331, 311.013
77.746, 311.014
77.8108, 311.017
77.821, 311.017
77.8552, 311.019
77.8674, 311.02
77.9, 311.021
77.9215, 311.022
77.9471, 311.024
77.9611, 311.024
78.0073, 311.027
78.0487, 311.029
78.0679, 311.03
78.0992, 311.031
78.124, 311.032
78.1631, 311.034
78.1718, 311.035
78.2001, 311.036
78.2137, 311.037
78.2422, 311.038
78.2626, 311.04
78.2683, 311.04
78.3083, 311.042
78.3208, 311.043
78.3722, 311.045
78.4122, 311.047
78.4236, 311.048
78.4634, 311.05
78.4705, 311.05
78.5301, 311.053
78.5412, 311.054
78.5611, 311.055
78.5894, 311.056
78.6311, 311.059
78.6659, 311.06
78.6695, 311.061
78.7278, 311.064
78.7532, 311.065
78.7622, 311.066
78.7826, 311.067
78.7925, 311.067
78.8172, 311.068
78.8215, 311.069
78.8441, 311.07
78.8564, 311.071
78.8784, 311.072
78.8906, 311.072
78.9272, 311.074
78.9529, 311.076
78.9728, 311.077
79.0348, 311.08
79.0384, 311.08
79.0716, 311.082
79.1253, 311.085
79.1817, 311.088
79.1913, 311.089
79.1926, 311.089
79.1997, 311.089
79.2504, 311.092
79.264, 311.093
79.3051, 311.095
79.3267, 311.096
79.3505, 311.097
79.3711, 311.099
79.3964, 311.1
79.4159, 311.101
79.4665, 311.104
79.4866, 311.105
79.5037, 311.106
79.5468, 311.108
79.5548, 311.109
79.6132, 311.112
79.6275, 311.113
79.6744, 311.116
79.7048, 311.117
79.7435, 311.119
79.8092, 311.123
79.8104, 311.123
79.8463, 311.125
79.8652, 311.126
79.8839, 311.128
79.9242, 311.13
79.9771, 311.133
79.9834, 311.133
80.0278, 311.136
80.0657, 311.138
80.0782, 311.139
80.0927, 311.14
80.1297, 311.142
80.1748, 311.144
80.1962, 311.146
80.2232, 311.147
80.2555, 311.149
80.2741, 311.15
80.2964, 311.152
80.3241, 311.153
80.3248, 311.153
80.3261, 311.153
80.3814, 311.157
80.392, 311.157
80.4211, 311.159
80.4569, 311.161
80.4622, 311.162
80.4715, 311.162
80.5001, 311.164
80.5256, 311.165
80.5818, 311.169
80.6116, 311.171
80.6355, 311.172
80.6635, 311.174
80.684, 311.175
80.7138, 311.177
80.7359, 311.178
80.7614, 311.18
80.7878, 311.181
80.8095, 311.183
80.8414, 311.185
80.8602, 311.186
80.8908, 311.188
80.9363, 311.191
80.9637, 311.192
81.0525, 311.198
81.0552, 311.198
81.0565, 311.198
81.1275, 311.203
81.1478, 311.204
81.1798, 311.206
81.181, 311.206
81.1823, 311.206
81.1894, 311.206
81.2558, 311.211
81.2938, 311.213
81.3192, 311.215
81.3226, 311.215
81.3361, 311.216
81.383, 311.219
81.4291, 311.222
81.4582, 311.224
81.4831, 311.225
81.5172, 311.228
81.5334, 311.229
81.5592, 311.23
81.585, 311.232
81.6115, 311.234
81.6249, 311.235
81.6704, 311.238
81.7038, 311.24
81.7168, 311.241
81.7362, 311.242
81.7605, 311.243
81.7796, 311.245
81.8388, 311.249
81.8635, 311.25
81.9094, 311.253
81.9602, 311.257
81.9643, 311.257
81.966, 311.257
81.9675, 311.257
81.9713, 311.258
81.9898, 311.259
82.0183, 311.261
82.0215, 311.261
82.0287, 311.261
82.0831, 311.265
82.0988, 311.266
82.1527, 311.27
82.174, 311.271
82.1838, 311.272
82.1938, 311.273
82.2405, 311.276
82.2869, 311.279
82.2979, 311.28
82.3305, 311.282
82.3366, 311.282
82.3562, 311.284
82.3681, 311.285
82.4093, 311.287
82.4491, 311.29
82.4519, 311.29
82.4531, 311.291
82.4549, 311.291
82.4889, 311.293
82.5494, 311.297
82.5557, 311.298
82.5636, 311.298
82.576, 311.299
82.616, 311.302
82.6305, 311.303
82.6712, 311.306
82.6912, 311.307
82.7163, 311.309
82.7631, 311.312
82.772, 311.313
82.7752, 311.313
82.8305, 311.317
82.8631, 311.32
82.8697, 311.32
82.8716, 311.32
82.8754, 311.32
82.932, 311.324
82.9723, 311.327
83.0077, 311.33
83.0218, 311.331
83.0278, 311.331
83.0845, 311.336
83.1201, 311.338
83.1205, 311.338
83.1692, 311.342
83.1732, 311.342
83.2349, 311.347
83.2379, 311.347
83.3065, 311.352
83.3276, 311.353
83.3467, 311.355
83.3804, 311.357
83.3936, 311.358
83.4424, 311.362
83.446, 311.362
83.4523, 311.363
83.4784, 311.365
83.4944, 311.366
83.5565, 311.371
83.5881, 311.373
83.6216, 311.376
83.6537, 311.378
83.7552, 311.386
83.7702, 311.387
83.8181, 311.391
83.8488, 311.393
83.8795, 311.395
83.9191, 311.398
83.9458, 311.401
84.0043, 311.405
84.0678, 311.41
84.0851, 311.411
84.1206, 311.414
84.1534, 311.417
84.1748, 311.419
84.1973, 311.42
84.2141, 311.422
84.2517, 311.425
84.2784, 311.427
84.2891, 311.428
84.3426, 311.432
84.3928, 311.436
84.3946, 311.436
84.3956, 311.436
84.4014, 311.437
84.4575, 311.441
84.5, 311.445
84.5504, 311.449
84.5518, 311.449
84.5821, 311.451
84.6217, 311.455
84.6261, 311.455
84.6669, 311.458
84.6872, 311.46
84.7161, 311.462
84.7501, 311.465
84.7504, 311.465
84.7505, 311.465
84.7934, 311.469
84.8101, 311.47
84.8285, 311.472
84.8472, 311.473
84.8572, 311.474
84.8694, 311.475
84.8801, 311.476
84.8908, 311.477
84.9181, 311.479
84.9268, 311.48
84.971, 311.484
84.9763, 311.484
85.0039, 311.486
85.047, 311.49
85.0941, 311.494
85.0995, 311.495
85.106, 311.495
85.141, 311.498
85.1858, 311.502
85.2037, 311.503
85.2274, 311.505
85.3045, 311.512
85.3148, 311.513
85.3265, 311.514
85.3649, 311.517
85.3826, 311.519
85.4534, 311.525
85.4639, 311.526
85.4817, 311.528
85.5004, 311.529
85.5286, 311.532
85.5393, 311.533
85.5451, 311.533
85.6048, 311.538
85.6082, 311.539
85.63, 311.541
85.6483, 311.542
85.678, 311.545
85.6808, 311.545
85.7233, 311.549
85.7541, 311.552
85.7946, 311.555
85.806, 311.556
85.8425, 311.56
85.8569, 311.561
85.8733, 311.562
85.8885, 311.564
85.9187, 311.567
85.9578, 311.57
85.9778, 311.572
86.0096, 311.575
86.017, 311.575
86.0522, 311.579
86.0633, 311.58
86.0655, 311.58
86.0892, 311.582
86.1112, 311.584
86.1546, 311.588
86.171, 311.59
86.2124, 311.593
86.2522, 311.597
86.2525, 311.597
86.2527, 311.597
86.2536, 311.597
86.3235, 311.604
86.3828, 311.609
86.4095, 311.612
86.4113, 311.612
86.4234, 311.613
86.4432, 311.615
86.4576, 311.616
86.4793, 311.618
86.512, 311.622
86.5324, 311.623
86.5401, 311.624
86.5516, 311.625
86.5817, 311.628
86.6055, 311.63
86.608, 311.631
86.6413, 311.634
86.6613, 311.636
86.6907, 311.639
86.699, 311.639
86.7007, 311.64
86.7601, 311.645
86.7929, 311.648
86.8049, 311.65
86.8149, 311.651
86.8373, 311.653
86.8885, 311.658
86.9289, 311.662
86.9295, 311.662
86.9651, 311.665
86.9895, 311.668
87.0444, 311.673
87.0457, 311.673
87.0506, 311.674
87.0958, 311.678
87.0985, 311.678
87.1423, 311.683
87.1668, 311.685
87.1794, 311.687
87.2422, 311.693
87.2488, 311.693
87.2824, 311.697
87.2984, 311.698
87.356, 311.704
87.3702, 311.706
87.3833, 311.707
87.4454, 311.713
87.4573, 311.715
87.4709, 311.716
87.4842, 311.717
87.4927, 311.718
87.516, 311.721
87.5702, 311.726
87.587, 311.728
87.6448, 311.734
87.646, 311.734
87.692, 311.739
87.7395, 311.744
87.7419, 311.744
87.7457, 311.744
87.7904, 311.749
87.8306, 311.753
87.8726, 311.758
87.9089, 311.762
87.9165, 311.762
87.961, 311.767
87.9624, 311.767
88.0071, 311.772
88.0136, 311.773
88.0532, 311.777
88.0916, 311.781
88.1074, 311.783
88.1269, 311.785
88.1538, 311.788
88.1725, 311.79
88.2097, 311.794
88.2161, 311.794
88.2412, 311.797
88.2466, 311.798
88.2761, 311.801
88.3045, 311.804
88.32, 311.806
88.3735, 311.812
88.4123, 311.816
88.4212, 311.817
88.4258, 311.817
88.4282, 311.818
88.4511, 311.82
88.4764, 311.823
88.5526, 311.831
88.584, 311.835
88.6034, 311.837
88.6196, 311.839
88.644, 311.842
88.6697, 311.845
88.7097, 311.849
88.72, 311.85
88.7264, 311.851
88.7566, 311.854
88.7849, 311.858
88.8108, 311.861
88.8574, 311.866
88.8824, 311.869
88.9138, 311.872
88.9319, 311.874
88.9584, 311.877
88.9763, 311.879
88.9864, 311.881
89.0222, 311.885
89.0746, 311.891
89.0861, 311.892
89.1054, 311.894
89.1229, 311.896
89.1505, 311.9
89.1704, 311.902
89.2186, 311.908
89.2349, 311.91
89.2707, 311.914
89.3285, 311.921
89.3294, 311.921
89.3298, 311.921
89.3801, 311.927
89.3899, 311.928
89.4103, 311.93
89.4218, 311.932
89.4319, 311.933
89.4929, 311.94
89.5267, 311.944
89.5501, 311.947
89.5837, 311.951
89.5873, 311.952
89.6, 311.953
89.6361, 311.958
89.6438, 311.959
89.6469, 311.959
89.6825, 311.963
89.687, 311.964
89.7049, 311.966
89.7182, 311.968
89.7319, 311.969
89.7585, 311.973
89.7983, 311.977
89.8252, 311.981
89.8729, 311.987
89.8949, 311.989
89.9112, 311.991
89.9432, 311.995
89.9709, 311.999
90.0125, 312.004
90.0516, 312.009
90.0952, 312.015
90.1129, 312.017
90.1172, 312.017
90.1481, 312.021
90.172, 312.024
90.2075, 312.029
90.2177, 312.03
90.2666, 312.036
90.2741, 312.037
90.329, 312.044
90.3578, 312.048
90.3691, 312.049
90.3929, 312.053
90.3996, 312.053
90.402, 312.054
90.4314, 312.058
90.4479, 312.06
90.4737, 312.063
90.4887, 312.065
90.5441, 312.072
90.5538, 312.074
90.5829, 312.077
90.5996, 312.08
90.6617, 312.088
90.6625, 312.088
90.6637, 312.088
90.6921, 312.092
90.7305, 312.097
90.7372, 312.098
90.7917, 312.105
90.7938, 312.105
90.8282, 312.11
90.8924, 312.119
90.9577, 312.127
90.9651, 312.128
90.9664, 312.129
90.9683, 312.129
90.993, 312.132
91.0083, 312.134
91.0427, 312.139
91.0641, 312.142
91.0938, 312.146
91.1237, 312.15
91.1686, 312.156
91.1985, 312.16
91.2118, 312.162
91.2506, 312.168
91.2594, 312.169
91.2668, 312.17
91.3187, 312.177
91.3272, 312.178
91.3767, 312.185
91.3875, 312.187
91.4346, 312.193
91.4714, 312.199
91.4833, 312.2
91.4923, 312.202
91.5237, 312.206
91.575, 312.213
91.5983, 312.217
91.6097, 312.218
91.6568, 312.225
91.6571, 312.225
91.6663, 312.226
91.699, 312.231
91.6999, 312.231
91.7017, 312.231
91.7597, 312.24
91.7795, 312.243
91.8044, 312.246
91.85, 312.253
91.851, 312.253
91.8528, 312.253
91.9017, 312.261
91.928, 312.264
91.9593, 312.269
91.9732, 312.271
91.9902, 312.274
92.0075, 312.276
92.0463, 312.282
92.0571, 312.284
92.0609, 312.284
92.0774, 312.287
92.0924, 312.289
92.1081, 312.291
92.138, 312.296
92.178, 312.302
92.1811, 312.302
92.2346, 312.31
92.2539, 312.313
92.2601, 312.314
92.3025, 312.321
92.3169, 312.323
92.3332, 312.325
92.3598, 312.329
92.3899, 312.334
92.3949, 312.335
92.4257, 312.339
92.4309, 312.34
92.4388, 312.341
92.463, 312.345
92.4945, 312.35
92.5297, 312.355
92.5402, 312.357
92.592, 312.365
92.5968, 312.366
92.6544, 312.375
92.6646, 312.376
92.6837, 312.379
92.7073, 312.383
92.7151, 312.384
92.7632, 312.392
92.7667, 312.393
92.8235, 312.402
92.8263, 312.402
92.8347, 312.403
92.8728, 312.409
92.8862, 312.412
92.892, 312.412
92.9221, 312.417
92.9525, 312.422
92.9551, 312.423
92.9942, 312.429
93.011, 312.432
93.0336, 312.435
93.057, 312.439
93.0617, 312.44
93.069, 312.441
93.0892, 312.444
93.151, 312.454
93.1817, 312.459
93.2233, 312.466
93.2245, 312.466
93.2268, 312.467
93.286, 312.477
93.332, 312.484
93.3502, 312.487
93.3752, 312.491
93.3905, 312.494
93.4169, 312.498
93.4247, 312.5
93.4338, 312.501
93.4744, 312.508
93.5197, 312.516
93.5327, 312.518
93.5602, 312.523
93.5719, 312.525
93.5909, 312.528
93.6301, 312.534
93.6771, 312.543
93.6975, 312.546
93.7178, 312.55
93.7251, 312.551
93.7428, 312.554
93.7721, 312.559
93.7879, 312.562
93.8077, 312.565
93.8225, 312.568
93.8488, 312.572
93.8721, 312.576
93.9, 312.581
93.9231, 312.585
93.9679, 312.593
94.013, 312.601
94.0203, 312.602
94.0957, 312.616
94.1035, 312.617
94.1117, 312.619
94.1556, 312.626
94.176, 312.63
94.2061, 312.635
94.2114, 312.636
94.2135, 312.637
94.2395, 312.641
94.2571, 312.645
94.2593, 312.645
94.3013, 312.653
94.3485, 312.661
94.3498, 312.661
94.35, 312.661
94.3524, 312.662
94.3994, 312.671
94.4148, 312.673
94.4591, 312.681
94.4859, 312.686
94.5202, 312.693
94.5741, 312.703
94.6081, 312.709
94.622, 312.712
94.6248, 312.712
94.6518, 312.717
94.6958, 312.726
94.7714, 312.74
94.7727, 312.74
94.7729, 312.74
94.8151, 312.748
94.8575, 312.756
94.8825, 312.761
94.9309, 312.77
94.9407, 312.772
94.9774, 312.779
95.0054, 312.785
95.0536, 312.794
95.0862, 312.8
95.1027, 312.804
95.1176, 312.806
95.1378, 312.81
95.1718, 312.817
95.1955, 312.822
95.2518, 312.833
95.2557, 312.834
95.3157, 312.846
95.3273, 312.848
95.3581, 312.854
95.4118, 312.865
95.4198, 312.866
95.465, 312.876
95.487, 312.88
95.4976, 312.882
95.5266, 312.888
95.5518, 312.893
95.5841, 312.9
95.6108, 312.905
95.6495, 312.913
95.6946, 312.923
95.696, 312.923
95.7253, 312.929
95.736, 312.931
95.7742, 312.939
95.8038, 312.945
95.8158, 312.948
95.8326, 312.951
95.8469, 312.954
95.8809, 312.961
95.8927, 312.964
95.934, 312.973
95.955, 312.977
96.0328, 312.994
96.0561, 312.999
96.068, 313.001
96.0873, 313.005
96.1055, 313.009
96.1221, 313.013
96.1475, 313.018
96.1986, 313.029
96.2323, 313.037
96.2541, 313.041
96.2664, 313.044
96.309, 313.053
96.3458, 313.061
96.3713, 313.067
96.3936, 313.072
96.4437, 313.083
96.4633, 313.088
96.4867, 313.093
96.5255, 313.101
96.5361, 313.104
96.5741, 313.112
96.6177, 313.122
96.633, 313.126
96.6424, 313.128
96.6816, 313.137
96.7365, 313.149
96.7481, 313.152
96.7872, 313.161
96.8423, 313.174
96.8617, 313.178
96.9076, 313.189
96.9446, 313.197
96.9663, 313.202
96.9982, 313.21
97.0046, 313.211
97.066, 313.226
97.1071, 313.236
97.1194, 313.239
97.1722, 313.251
97.177, 313.252
97.2174, 313.262
97.257, 313.272
97.2859, 313.279
97.3142, 313.285
97.3435, 313.293
97.3447, 313.293
97.3981, 313.306
97.4282, 313.313
97.4831, 313.327
97.4994, 313.331
97.5528, 313.344
97.567, 313.348
97.6012, 313.356
97.605, 313.357
97.6147, 313.36
97.6402, 313.366
97.6637, 313.372
97.6821, 313.376
97.6908, 313.379
97.7303, 313.389
97.7431, 313.392
97.8083, 313.409
97.8451, 313.418
97.8762, 313.426
97.9295, 313.44
97.9393, 313.442
97.9439, 313.443
97.9479, 313.444
97.9814, 313.453
98.0135, 313.462
98.0865, 313.481
98.0901, 313.482
98.1486, 313.497
98.1587, 313.5
98.1878, 313.508
98.1961, 313.51
98.2551, 313.526
98.2573, 313.526
98.261, 313.527
98.3108, 313.541
98.3634, 313.555
98.3898, 313.562
98.4079, 313.567
98.4564, 313.58
98.4616, 313.582
98.5056, 313.594
98.5763, 313.613
98.603, 313.621
98.6218, 313.626
98.6703, 313.64
98.6835, 313.643
98.7163, 313.653
98.7238, 313.655
98.7432, 313.66
98.7649, 313.666
98.831, 313.685
98.831, 313.685
98.8313, 313.685
98.8829, 313.7
98.8841, 313.7
98.9071, 313.707
98.9255, 313.712
98.9263, 313.713
98.9338, 313.715
98.9852, 313.73
99.0119, 313.738
99.0454, 313.747
99.0751, 313.756
99.0918, 313.761
99.1339, 313.773
99.1892, 313.79
99.1936, 313.791
99.2021, 313.794
99.2281, 313.802
99.2813, 313.818
99.2957, 313.822
99.3047, 313.825
99.3325, 313.833
99.3824, 313.848
99.3855, 313.849
99.3991, 313.853
99.4641, 313.873
99.4797, 313.878
99.4879, 313.881
99.4984, 313.884
99.5266, 313.893
99.5671, 313.905
99.585, 313.911
99.6037, 313.917
99.6419, 313.929
99.6801, 313.941
99.7075, 313.95
99.7401, 313.96
99.7946, 313.977
99.8119, 313.983
99.8176, 313.985
99.8281, 313.988
99.8798, 314.005
99.8971, 314.011
99.9423, 314.025
99.9432, 314.026
99.9436, 314.026
100.002, 314.045
100.027, 314.053
100.086, 314.073
100.09, 314.074
100.143, 314.092
100.185, 314.106
100.203, 314.112
100.233, 314.122
100.272, 314.136
100.306, 314.147
100.352, 314.163
100.363, 314.167
100.405, 314.182
100.455, 314.199
100.475, 314.206
100.498, 314.214
100.512, 314.219
100.554, 314.234
100.595, 314.249
100.628, 314.261
100.647, 314.267
100.673, 314.277
100.712, 314.291
100.753, 314.306
100.773, 314.313
100.797, 314.322
100.856, 314.344
100.865, 314.347
100.873, 314.35
100.926, 314.37
100.951, 314.379
100.995, 314.396
101.01, 314.401
101.04, 314.413
101.097, 314.435
101.12, 314.443
101.174, 314.465
101.19, 314.471
101.196, 314.473
101.226, 314.485
101.268, 314.501
101.271, 314.502
101.301, 314.514
101.336, 314.528
101.357, 314.536
101.406, 314.556
101.428, 314.565
101.438, 314.569
101.464, 314.58
101.475, 314.584
101.523, 314.604
101.542, 314.612
101.572, 314.624
101.624, 314.646
101.669, 314.664
101.671, 314.666
101.716, 314.684
101.733, 314.692
101.775, 314.71
101.779, 314.711
101.783, 314.713
101.816, 314.727
101.864, 314.748
101.895, 314.762
101.923, 314.774
101.942, 314.782
101.974, 314.797
102.005, 314.81
102.027, 314.82
102.041, 314.826
102.086, 314.847
102.102, 314.854
102.16, 314.881
102.164, 314.882
102.179, 314.889
102.227, 314.912
102.281, 314.937
102.297, 314.944
102.338, 314.964
102.368, 314.978
102.426, 315.006
102.463, 315.024
102.531, 315.057
102.54, 315.062
102.548, 315.066
102.581, 315.082
102.599, 315.091
102.631, 315.107
102.659, 315.121
102.66, 315.121
102.682, 315.133
102.683, 315.134
102.698, 315.141
102.705, 315.145
102.727, 315.156
102.784, 315.186
102.812, 315.2
102.841, 315.215
102.864, 315.228
102.916, 315.256
102.917, 315.257
102.921, 315.258
102.963, 315.281
103.026, 315.316
103.029, 315.317
103.053, 315.331
103.069, 315.34
103.08, 315.346
103.115, 315.366
103.143, 315.382
103.157, 315.389
103.217, 315.424
103.22, 315.426
103.225, 315.428
103.273, 315.457
103.315, 315.482
103.327, 315.489
103.363, 315.51
103.379, 315.52
103.438, 315.556
103.47, 315.576
103.477, 315.581
103.49, 315.589
103.501, 315.595
103.545, 315.623
103.57, 315.639
103.59, 315.652
103.621, 315.672
103.66, 315.698
103.669, 315.704
103.676, 315.708
103.704, 315.727
103.744, 315.754
103.765, 315.768
103.785, 315.782
103.847, 315.826
103.852, 315.829
103.919, 315.877
103.926, 315.882
103.93, 315.885
103.989, 315.928
104.06, 315.981
104.091, 316.005
104.102, 316.013
104.109, 316.019
104.15, 316.051
104.181, 316.075
104.254, 316.134
104.255, 316.135
104.257, 316.137
104.319, 316.189
104.336, 316.203
104.377, 316.238
104.394, 316.254
104.419, 316.276
104.477, 316.329
104.489, 316.34
104.511, 316.361
104.561, 316.408
104.579, 316.425
104.595, 316.442
104.63, 316.475
104.648, 316.494
104.69, 316.539
104.751, 316.603
104.752, 316.604
104.757, 316.609
104.79, 316.645
104.847, 316.711
104.861, 316.727
104.9, 316.774
104.919, 316.797
104.938, 316.821
104.971, 316.861
105.012, 316.916
105.014, 316.919
105.028, 316.937
105.055, 316.973
105.061, 316.981
105.088, 317.019
105.089, 317.022
105.098, 317.034
105.131, 317.082
105.178, 317.153
105.222, 317.226
105.245, 317.262
105.259, 317.287
105.282, 317.326
105.288, 317.336
105.293, 317.345
105.317, 317.393
105.357, 317.469
105.417, 317.587
105.438, 317.634
105.455, 317.677
105.471, 317.714
105.507, 317.799
105.52, 317.834
105.57, 317.976
105.578, 317.995
105.591, 318.04
105.636, 318.181
105.677, 318.332
105.682, 318.354
105.725, 318.523
105.736, 318.574
105.786, 318.811
105.802, 318.905
105.831, 319.062
105.86, 319.208
105.868, 319.238
105.894, 319.371
105.916, 319.474
105.979, 319.641
106.012, 319.688
106.027, 319.686
106.059, 319.614
106.093, 319.488
106.115, 319.381
106.146, 319.214
106.192, 318.996
106.194, 318.984
106.229, 318.789
106.256, 318.703
106.298, 318.558
106.321, 318.473
106.327, 318.452
106.335, 318.43
106.395, 318.257
106.412, 318.212
106.457, 318.087
106.492, 318.016
106.5, 318.001
106.507, 317.987
106.558, 317.886
106.624, 317.774
106.664, 317.713
106.673, 317.698
106.722, 317.633
106.76, 317.582
106.776, 317.561
106.785, 317.55
106.82, 317.51
106.856, 317.469
106.886, 317.434
106.933, 317.389
106.945, 317.377
106.969, 317.355
107.013, 317.313
107.073, 317.263
107.081, 317.257
107.131, 317.217
107.149, 317.204
107.206, 317.164
107.211, 317.161
107.243, 317.138
107.248, 317.135
107.27, 317.121
107.28, 317.115
107.327, 317.085
107.365, 317.061
107.386, 317.048
107.419, 317.031
107.433, 317.023
107.452, 317.013
107.485, 316.994
107.508, 316.983
107.559, 316.958
107.588, 316.944
107.605, 316.936
107.615, 316.931
107.639, 316.921
107.642, 316.92
107.688, 316.899
107.722, 316.884
107.746, 316.874
107.769, 316.865
107.788, 316.857
107.831, 316.841
107.842, 316.836
107.893, 316.818
107.921, 316.809
107.947, 316.799
107.961, 316.795
107.976, 316.79
108.02, 316.775
108.028, 316.773
108.081, 316.757
108.12, 316.745
108.135, 316.74
108.143, 316.738
108.194, 316.724
108.214, 316.718
108.259, 316.706
108.266, 316.704
108.308, 316.694
108.31, 316.693
108.338, 316.686
108.377, 316.677
108.396, 316.672
108.432, 316.664
108.468, 316.656
108.494, 316.65
108.522, 316.644
108.534, 316.642
108.591, 316.63
108.597, 316.629
108.605, 316.628
108.644, 316.62
108.678, 316.614
108.698, 316.61
108.727, 316.605
108.728, 316.605
108.728, 316.605
108.764, 316.599
108.787, 316.595
108.805, 316.592
108.818, 316.59
108.841, 316.586
108.869, 316.582
108.882, 316.58
108.918, 316.575
108.953, 316.57
108.979, 316.566
108.987, 316.565
108.999, 316.563
109.029, 316.559
109.037, 316.558
109.066, 316.555
109.079, 316.553
109.123, 316.548
109.135, 316.546
109.174, 316.542
109.177, 316.542
109.183, 316.541
109.239, 316.535
109.277, 316.531
109.283, 316.531
109.305, 316.529
109.311, 316.528
109.355, 316.524
109.358, 316.524
109.359, 316.523
109.36, 316.523
109.399, 316.52
109.434, 316.517
109.444, 316.517
109.485, 316.514
109.496, 316.513
109.517, 316.511
109.543, 316.509
109.568, 316.508
109.581, 316.507
109.621, 316.505
109.66, 316.503
109.672, 316.502
109.674, 316.502
109.7, 316.501
109.715, 316.5
109.728, 316.5
109.761, 316.498
109.814, 316.497
109.827, 316.496
109.859, 316.495
109.863, 316.495
109.932, 316.494
110, 316.493
110.137, 316.426
110.228, 316.383
110.258, 316.37
110.369, 316.338
110.482, 316.302
110.657, 316.277
110.693, 316.272
110.986, 316.228
111, 316.225


