lambda,Pabs
350, 0.884014
351, 0.871295
352, 0.857283
353, 0.842266
354, 0.826525
355, 0.810324
356, 0.793913
357, 0.777515
358, 0.76133
359, 0.745532
360, 0.730266
361, 0.71565
362, 0.701775
363, 0.68871
364, 0.676501
365, 0.665181
366, 0.654768
367, 0.645272
368, 0.636699
369, 0.629051
370, 0.622328
371, 0.616528
372, 0.611648
373, 0.607683
374, 0.604621
375, 0.602452
376, 0.601159
377, 0.600722
378, 0.60112
379, 0.602332
380, 0.604336
381, 0.607113
382, 0.610644
383, 0.614913
384, 0.619903
385, 0.625599
386, 0.631984
387, 0.639037
388, 0.646736
389, 0.655051
390, 0.663947
391, 0.673383
392, 0.683312
393, 0.69368
394, 0.704429
395, 0.715493
396, 0.726804
397, 0.738287
398, 0.749864
399, 0.761453
400, 0.772968
401, 0.784319
402, 0.795412
403, 0.806151
404, 0.81644
405, 0.82618
406, 0.835275
407, 0.84363
408, 0.851159
409, 0.857781
410, 0.863425
411, 0.868034
412, 0.871563
413, 0.87398
414, 0.875273
415, 0.87544
416, 0.874497
417, 0.872473
418, 0.869406
419, 0.865349
420, 0.860361
421, 0.854506
422, 0.847856
423, 0.840486
424, 0.832472
425, 0.823891
426, 0.814823
427, 0.805345
428, 0.795534
429, 0.785464
430, 0.775209
431, 0.764836
432, 0.754413
433, 0.743999
434, 0.733652
435, 0.723422
436, 0.713354
437, 0.703489
438, 0.69386
439, 0.684497
440, 0.675425
441, 0.666663
442, 0.65823
443, 0.650139
444, 0.642403
445, 0.63503
446, 0.62803
447, 0.62141
448, 0.615175
449, 0.609328
450, 0.603873
451, 0.59881
452, 0.594135
453, 0.589845
454, 0.585932
455, 0.582385
456, 0.579192
457, 0.576335
458, 0.573796
459, 0.571551
460, 0.569577
461, 0.567846
462, 0.566327
463, 0.56499
464, 0.563799
465, 0.56272
466, 0.561717
467, 0.560755
468, 0.559797
469, 0.558809
470, 0.557758
471, 0.556613
472, 0.555348
473, 0.553939
474, 0.552367
475, 0.550617
476, 0.548679
477, 0.54655
478, 0.544228
479, 0.541718
480, 0.539027
481, 0.53617
482, 0.533159
483, 0.530014
484, 0.526753
485, 0.523399
486, 0.519973
487, 0.516498
488, 0.512997
489, 0.509492
490, 0.506005
491, 0.502556
492, 0.499165
493, 0.495849
494, 0.492624
495, 0.489505
496, 0.486504
497, 0.48363
498, 0.480891
499, 0.478292
500, 0.475838
501, 0.473528
502, 0.471361
503, 0.469335
504, 0.467442
505, 0.465675
506, 0.464024
507, 0.462477
508, 0.461021
509, 0.45964
510, 0.458317
511, 0.457034
512, 0.455771
513, 0.454507
514, 0.453221
515, 0.451889
516, 0.450489
517, 0.448996
518, 0.447388
519, 0.44564
520, 0.443729
521, 0.441632
522, 0.439327
523, 0.436794
524, 0.434012
525, 0.430965
526, 0.427638
527, 0.424016
528, 0.42009
529, 0.415852
530, 0.411297
531, 0.406424
532, 0.401234
533, 0.395733
534, 0.389928
535, 0.383831
536, 0.377457
537, 0.370821
538, 0.363945
539, 0.356849
540, 0.349557
541, 0.342095
542, 0.334489
543, 0.326766
544, 0.318953
545, 0.311079
546, 0.303169
547, 0.295251
548, 0.28735
549, 0.279489
550, 0.271692
551, 0.263978
552, 0.256367
553, 0.248876
554, 0.24152
555, 0.234312
556, 0.227263
557, 0.220382
558, 0.213677
559, 0.207153
560, 0.200815
561, 0.194665
562, 0.188705
563, 0.182935
564, 0.177355
565, 0.171962
566, 0.166756
567, 0.161732
568, 0.156888
569, 0.15222
570, 0.147724
571, 0.143395
572, 0.139229
573, 0.135222
574, 0.131369
575, 0.127666
576, 0.124106
577, 0.120687
578, 0.117403
579, 0.114249
580, 0.111221
581, 0.108314
582, 0.105524
583, 0.102847
584, 0.100278
585, 0.0978134
586, 0.0954485
587, 0.0931795
588, 0.0910026
589, 0.0889141
590, 0.0869102
591, 0.0849876
592, 0.0831428
593, 0.0813726
594, 0.0796738
595, 0.0780436
596, 0.0764789
597, 0.0749772
598, 0.0735357
599, 0.0721521
600, 0.0708238
601, 0.0695487
602, 0.0683247
603, 0.0671496
604, 0.0660214
605, 0.0649384
606, 0.0638988
607, 0.0629008
608, 0.0619429
609, 0.0610235
610, 0.0601411
611, 0.0592944
612, 0.058482
613, 0.0577027
614, 0.0569552
615, 0.0562385
616, 0.0555514
617, 0.054893
618, 0.0542622
619, 0.0536582
620, 0.05308
621, 0.0525268
622, 0.0519979
623, 0.0514924
624, 0.0510097
625, 0.0505491
626, 0.0501099
627, 0.0496915
628, 0.0492933
629, 0.0489148
630, 0.0485553
631, 0.0482144
632, 0.0478915
633, 0.0475861
634, 0.0472977
635, 0.0470259
636, 0.0467701
637, 0.0465299
638, 0.046305
639, 0.0460948
640, 0.0458989
641, 0.045717
642, 0.0455486
643, 0.0453934
644, 0.045251
645, 0.045121
646, 0.0450031
647, 0.044897
648, 0.0448024
649, 0.044719
650, 0.0446464
651, 0.0445845
652, 0.0445329
653, 0.0444914
654, 0.0444598
655, 0.0444377
656, 0.0444251
657, 0.0444217
658, 0.0444272
659, 0.0444414
660, 0.0444642
661, 0.0444952
662, 0.0445344
663, 0.0445815
664, 0.0446363
665, 0.0446985
666, 0.0447679
667, 0.0448443
668, 0.0449274
669, 0.0450171
670, 0.0451129
671, 0.0452147
672, 0.0453222
673, 0.045435
674, 0.0455529
675, 0.0456755
676, 0.0458025
677, 0.0459336
678, 0.0460684
679, 0.0462065
680, 0.0463476
681, 0.0464913
682, 0.0466372
683, 0.0467848
684, 0.0469338
685, 0.0470836
686, 0.0472339
687, 0.0473842
688, 0.0475341
689, 0.047683
690, 0.0478306
691, 0.0479762
692, 0.0481195
693, 0.0482599
694, 0.0483969
695, 0.0485301
696, 0.0486589
697, 0.0487829
698, 0.0489015
699, 0.0490143
700, 0.0491207


