lambda,Pabs
350, 0.482294
351, 0.482009
352, 0.48161
353, 0.481123
354, 0.480571
355, 0.479982
356, 0.479371
357, 0.47873
358, 0.478047
359, 0.477294
360, 0.47645
361, 0.475502
362, 0.474441
363, 0.473283
364, 0.47205
365, 0.470771
366, 0.46947
367, 0.468164
368, 0.466864
369, 0.465569
370, 0.464275
371, 0.462969
372, 0.461643
373, 0.460289
374, 0.458904
375, 0.457484
376, 0.456038
377, 0.454574
378, 0.453107
379, 0.451651
380, 0.450224
381, 0.448836
382, 0.447503
383, 0.446225
384, 0.445
385, 0.443818
386, 0.442668
387, 0.441537
388, 0.440419
389, 0.439306
390, 0.438204
391, 0.437114
392, 0.436055
393, 0.435034
394, 0.434064
395, 0.43315
396, 0.432298
397, 0.431509
398, 0.43078
399, 0.430107
400, 0.42948
401, 0.428895
402, 0.428341
403, 0.427819
404, 0.42732
405, 0.426844
406, 0.426385
407, 0.425947
408, 0.42553
409, 0.425141
410, 0.424784
411, 0.42446
412, 0.424177
413, 0.423938
414, 0.423745
415, 0.423594
416, 0.423482
417, 0.423403
418, 0.423348
419, 0.423311
420, 0.423286
421, 0.423269
422, 0.423255
423, 0.423243
424, 0.423239
425, 0.423242
426, 0.423259
427, 0.423292
428, 0.423345
429, 0.423423
430, 0.423525
431, 0.423655
432, 0.423812
433, 0.423995
434, 0.424206
435, 0.42444
436, 0.424698
437, 0.424977
438, 0.425277
439, 0.425596
440, 0.425935
441, 0.426291
442, 0.426665
443, 0.427059
444, 0.427474
445, 0.427914
446, 0.428382
447, 0.42888
448, 0.429413
449, 0.429984
450, 0.430595
451, 0.431248
452, 0.431942
453, 0.432675
454, 0.433443
455, 0.43424
456, 0.435058
457, 0.435891
458, 0.436727
459, 0.437556
460, 0.438366
461, 0.439145
462, 0.439882
463, 0.440561
464, 0.44117
465, 0.441694
466, 0.442119
467, 0.442431
468, 0.442613
469, 0.442652
470, 0.442532
471, 0.442238
472, 0.44176
473, 0.441085
474, 0.440202
475, 0.439102
476, 0.43778
477, 0.436228
478, 0.434444
479, 0.432427
480, 0.430176
481, 0.427694
482, 0.424985
483, 0.422055
484, 0.41891
485, 0.415558
486, 0.41201
487, 0.408275
488, 0.404366
489, 0.400295
490, 0.396075
491, 0.391718
492, 0.387237
493, 0.382645
494, 0.377957
495, 0.373185
496, 0.368337
497, 0.363428
498, 0.358467
499, 0.353466
500, 0.348433
501, 0.343375
502, 0.338301
503, 0.333216
504, 0.328128
505, 0.323042
506, 0.317965
507, 0.3129
508, 0.307847
509, 0.302812
510, 0.297807
511, 0.292831
512, 0.287883
513, 0.282961
514, 0.278078
515, 0.273241
516, 0.268447
517, 0.263697
518, 0.258993
519, 0.25434
520, 0.249741
521, 0.245198
522, 0.240713
523, 0.23629
524, 0.23193
525, 0.227624
526, 0.223365
527, 0.21918
528, 0.215076
529, 0.21104
530, 0.207044
531, 0.203094
532, 0.199228
533, 0.195438
534, 0.191712
535, 0.18804
536, 0.184425
537, 0.180877
538, 0.177395
539, 0.173977
540, 0.170621
541, 0.167334
542, 0.16412
543, 0.160967
544, 0.157833
545, 0.154757
546, 0.151775
547, 0.148902
548, 0.146089
549, 0.143246
550, 0.140447
551, 0.137746
552, 0.135147
553, 0.132614
554, 0.130095
555, 0.127609
556, 0.125186
557, 0.122831
558, 0.120528
559, 0.118263
560, 0.116057
561, 0.113929
562, 0.111883
563, 0.109853
564, 0.10776
565, 0.10572
566, 0.103798
567, 0.102036
568, 0.100358
569, 0.0985053
570, 0.096635
571, 0.0948553
572, 0.0931985
573, 0.0916681
574, 0.0900902
575, 0.0884826
576, 0.0869235
577, 0.0854207
578, 0.0839575
579, 0.0824986
580, 0.081072
581, 0.0796896
582, 0.0783739
583, 0.0771519
584, 0.0759617
585, 0.0745948
586, 0.0732624
587, 0.0719971
588, 0.0708428
589, 0.0698519
590, 0.0688906
591, 0.0676663
592, 0.0665309
593, 0.0654537
594, 0.0644243
595, 0.0634822
596, 0.0625966
597, 0.0616399
598, 0.0606984
599, 0.0597824
600, 0.0588854
601, 0.0580024
602, 0.0571213
603, 0.0562719
604, 0.0554487
605, 0.0546297
606, 0.0538218
607, 0.0531138
608, 0.0523734
609, 0.0515268
610, 0.0507765
611, 0.0500486
612, 0.049333
613, 0.0486699
614, 0.0481386
615, 0.0475054
616, 0.0468307
617, 0.0461856
618, 0.0455726
619, 0.0449876
620, 0.0444105
621, 0.0439077
622, 0.0434048
623, 0.04287
624, 0.0423356
625, 0.0418054
626, 0.041287
627, 0.0407921
628, 0.0402803
629, 0.0398876
630, 0.0394604
631, 0.0389897
632, 0.0384986
633, 0.0380465
634, 0.0376837
635, 0.0372931
636, 0.0369391
637, 0.0365324
638, 0.0360872
639, 0.0356883
640, 0.0353549
641, 0.0350609
642, 0.034796
643, 0.034534
644, 0.034164
645, 0.0338009
646, 0.0334732
647, 0.033181
648, 0.0329175
649, 0.0326414
650, 0.0324608
651, 0.0322159
652, 0.0319129
653, 0.0316008
654, 0.0312931
655, 0.0309798
656, 0.0306867
657, 0.0304166
658, 0.0302447
659, 0.0300607
660, 0.0298189
661, 0.0294754
662, 0.0290797
663, 0.0287733
664, 0.0285857
665, 0.0284399
666, 0.0283543
667, 0.0282151
668, 0.0279078
669, 0.0275385
670, 0.0272508
671, 0.0270758
672, 0.0269895
673, 0.0269266
674, 0.0268639
675, 0.0266805
676, 0.0264149
677, 0.0261785
678, 0.0260293
679, 0.0259334
680, 0.0257964
681, 0.0255943
682, 0.0254842
683, 0.0254401
684, 0.0253572
685, 0.0253043
686, 0.025235
687, 0.0250221
688, 0.024667
689, 0.0243932
690, 0.0243149
691, 0.024349
692, 0.0244583
693, 0.024608
694, 0.0246375
695, 0.0243586
696, 0.0238753
697, 0.023534
698, 0.0234141
699, 0.0234895
700, 0.0237801


