lambda,Pabs
350, 0.524495
351, 0.524017
352, 0.523452
353, 0.522802
354, 0.522084
355, 0.521303
356, 0.520452
357, 0.519529
358, 0.518525
359, 0.517438
360, 0.516263
361, 0.51501
362, 0.51369
363, 0.51232
364, 0.510912
365, 0.509471
366, 0.508005
367, 0.506512
368, 0.504993
369, 0.503447
370, 0.501875
371, 0.500284
372, 0.49868
373, 0.497068
374, 0.495448
375, 0.493825
376, 0.492203
377, 0.490587
378, 0.48898
379, 0.487392
380, 0.485828
381, 0.484301
382, 0.482812
383, 0.481364
384, 0.47995
385, 0.478571
386, 0.477222
387, 0.475903
388, 0.474609
389, 0.473346
390, 0.47212
391, 0.470938
392, 0.469802
393, 0.468716
394, 0.46768
395, 0.466694
396, 0.465757
397, 0.464867
398, 0.464022
399, 0.46322
400, 0.462461
401, 0.461747
402, 0.461076
403, 0.460446
404, 0.459855
405, 0.4593
406, 0.458778
407, 0.458288
408, 0.457828
409, 0.4574
410, 0.457001
411, 0.456638
412, 0.45631
413, 0.456019
414, 0.455765
415, 0.455544
416, 0.455354
417, 0.455191
418, 0.455052
419, 0.454933
420, 0.454833
421, 0.454749
422, 0.454678
423, 0.454626
424, 0.45459
425, 0.454572
426, 0.454574
427, 0.454594
428, 0.454632
429, 0.45469
430, 0.454765
431, 0.45486
432, 0.454974
433, 0.455108
434, 0.455263
435, 0.455439
436, 0.45564
437, 0.455864
438, 0.456114
439, 0.456389
440, 0.456689
441, 0.457012
442, 0.45736
443, 0.457732
444, 0.458128
445, 0.45855
446, 0.458999
447, 0.459477
448, 0.459985
449, 0.460524
450, 0.461098
451, 0.461702
452, 0.462341
453, 0.463006
454, 0.463696
455, 0.464405
456, 0.465127
457, 0.465855
458, 0.466577
459, 0.467286
460, 0.467969
461, 0.468615
462, 0.469212
463, 0.469744
464, 0.470198
465, 0.470559
466, 0.47081
467, 0.470937
468, 0.470922
469, 0.470749
470, 0.470405
471, 0.469875
472, 0.469148
473, 0.468213
474, 0.46706
475, 0.465682
476, 0.464075
477, 0.462234
478, 0.460158
479, 0.457848
480, 0.455304
481, 0.452531
482, 0.449533
483, 0.446317
484, 0.442889
485, 0.439258
486, 0.435433
487, 0.431426
488, 0.427247
489, 0.422907
490, 0.418419
491, 0.413794
492, 0.409045
493, 0.404185
494, 0.399226
495, 0.39418
496, 0.389058
497, 0.383872
498, 0.378634
499, 0.373353
500, 0.368037
501, 0.362698
502, 0.357341
503, 0.351975
504, 0.346606
505, 0.341242
506, 0.335889
507, 0.33055
508, 0.325224
509, 0.319924
510, 0.314657
511, 0.30942
512, 0.304211
513, 0.299038
514, 0.293909
515, 0.288827
516, 0.28379
517, 0.278801
518, 0.273862
519, 0.268977
520, 0.264146
521, 0.259371
522, 0.254658
523, 0.250011
524, 0.245425
525, 0.24088
526, 0.236397
527, 0.231999
528, 0.227674
529, 0.223401
530, 0.219173
531, 0.215022
532, 0.210948
533, 0.206945
534, 0.203008
535, 0.199134
536, 0.195328
537, 0.191594
538, 0.187926
539, 0.184319
540, 0.180782
541, 0.177329
542, 0.173951
543, 0.170605
544, 0.16728
545, 0.164054
546, 0.160932
547, 0.157882
548, 0.154829
549, 0.151807
550, 0.148877
551, 0.146032
552, 0.143249
553, 0.140503
554, 0.137807
555, 0.135178
556, 0.132612
557, 0.1301
558, 0.127631
559, 0.12522
560, 0.122884
561, 0.120627
562, 0.118426
563, 0.116188
564, 0.113973
565, 0.111861
566, 0.109853
567, 0.107938
568, 0.105977
569, 0.103997
570, 0.102091
571, 0.100259
572, 0.0985054
573, 0.0967995
574, 0.0950996
575, 0.0934333
576, 0.091811
577, 0.09023
578, 0.08868
579, 0.0871581
580, 0.0856747
581, 0.0842428
582, 0.0828701
583, 0.0815653
584, 0.0802248
585, 0.078819
586, 0.0774851
587, 0.0762106
588, 0.0750091
589, 0.073927
590, 0.0727893
591, 0.0715711
592, 0.0704181
593, 0.0692912
594, 0.0682024
595, 0.0672002
596, 0.0662317
597, 0.0652281
598, 0.0642463
599, 0.0632957
600, 0.0623682
601, 0.0614373
602, 0.0605151
603, 0.0596637
604, 0.058836
605, 0.0580106
606, 0.0572266
607, 0.0565148
608, 0.0556513
609, 0.0548495
610, 0.0541123
611, 0.0533808
612, 0.052661
613, 0.0520003
614, 0.0514242
615, 0.0507483
616, 0.0500793
617, 0.0494239
618, 0.0487974
619, 0.0481896
620, 0.0475659
621, 0.0470841
622, 0.0465655
623, 0.0460251
624, 0.0454819
625, 0.0449373
626, 0.0444064
627, 0.0438711
628, 0.0433623
629, 0.042957
630, 0.0425131
631, 0.0420295
632, 0.0415164
633, 0.0410445
634, 0.0406738
635, 0.0402155
636, 0.0398388
637, 0.0394055
638, 0.0389364
639, 0.0385065
640, 0.0381403
641, 0.0377994
642, 0.0375463
643, 0.0372285
644, 0.0368432
645, 0.0364374
646, 0.0360548
647, 0.0357068
648, 0.0353761
649, 0.0350344
650, 0.0348174
651, 0.0345112
652, 0.0341987
653, 0.0338807
654, 0.0335327
655, 0.0331428
656, 0.0327706
657, 0.0324521
658, 0.0323093
659, 0.0321355
660, 0.0319056
661, 0.0315522
662, 0.0311134
663, 0.0307585
664, 0.0305306
665, 0.0303474
666, 0.0302822
667, 0.0301382
668, 0.0298485
669, 0.0294818
670, 0.0291729
671, 0.0289669
672, 0.0288369
673, 0.0287272
674, 0.0286209
675, 0.028409
676, 0.0281703
677, 0.0279631
678, 0.0278183
679, 0.027698
680, 0.0275009
681, 0.0271941
682, 0.0270024
683, 0.0269078
684, 0.0268525
685, 0.0268118
686, 0.026737
687, 0.0265067
688, 0.0260998
689, 0.0257344
690, 0.0255708
691, 0.0255347
692, 0.0255452
693, 0.0256047
694, 0.0255937
695, 0.0253381
696, 0.0249052
697, 0.0245633
698, 0.0243528
699, 0.0242635
700, 0.024336


