lambda,Pabs
350, 0.892699
351, 0.880861
352, 0.867614
353, 0.85323
354, 0.83798
355, 0.822133
356, 0.80595
357, 0.789672
358, 0.773519
359, 0.757682
360, 0.74232
361, 0.727557
362, 0.713492
363, 0.700191
364, 0.687706
365, 0.676071
366, 0.665309
367, 0.655438
368, 0.646475
369, 0.638429
370, 0.631309
371, 0.625119
372, 0.61986
373, 0.615526
374, 0.612108
375, 0.609589
376, 0.607951
377, 0.607173
378, 0.607229
379, 0.608098
380, 0.609757
381, 0.612187
382, 0.615371
383, 0.619294
384, 0.623945
385, 0.629309
386, 0.635374
387, 0.642122
388, 0.649528
389, 0.657564
390, 0.666195
391, 0.675376
392, 0.685058
393, 0.695187
394, 0.705704
395, 0.716545
396, 0.727645
397, 0.738935
398, 0.750342
399, 0.761791
400, 0.773201
401, 0.784487
402, 0.795557
403, 0.806318
404, 0.816671
405, 0.826516
406, 0.835753
407, 0.844288
408, 0.852028
409, 0.858892
410, 0.864809
411, 0.869717
412, 0.873572
413, 0.876341
414, 0.878007
415, 0.878565
416, 0.878026
417, 0.876411
418, 0.873756
419, 0.870102
420, 0.865503
421, 0.860019
422, 0.853715
423, 0.846662
424, 0.838935
425, 0.830611
426, 0.821769
427, 0.812486
428, 0.802842
429, 0.792912
430, 0.782771
431, 0.77249
432, 0.762136
433, 0.751769
434, 0.741448
435, 0.731224
436, 0.721143
437, 0.711246
438, 0.701568
439, 0.69214
440, 0.682986
441, 0.674131
442, 0.665592
443, 0.657386
444, 0.649525
445, 0.642023
446, 0.634889
447, 0.628132
448, 0.621759
449, 0.615774
450, 0.610182
451, 0.604982
452, 0.600173
453, 0.595751
454, 0.591708
455, 0.588033
456, 0.584713
457, 0.581731
458, 0.579067
459, 0.576697
460, 0.574597
461, 0.572739
462, 0.571092
463, 0.569625
464, 0.568304
465, 0.567095
466, 0.565963
467, 0.564872
468, 0.563786
469, 0.562673
470, 0.5615
471, 0.560237
472, 0.558856
473, 0.557335
474, 0.555653
475, 0.553797
476, 0.551757
477, 0.549526
478, 0.547104
479, 0.544495
480, 0.541707
481, 0.538752
482, 0.535644
483, 0.532402
484, 0.529045
485, 0.525594
486, 0.522072
487, 0.518502
488, 0.514908
489, 0.51131
490, 0.507732
491, 0.504195
492, 0.500718
493, 0.497319
494, 0.494015
495, 0.490819
496, 0.487745
497, 0.484802
498, 0.481998
499, 0.479338
500, 0.476827
501, 0.474465
502, 0.472249
503, 0.470178
504, 0.468244
505, 0.46644
506, 0.464756
507, 0.46318
508, 0.461698
509, 0.460295
510, 0.458954
511, 0.457658
512, 0.456387
513, 0.455119
514, 0.453835
515, 0.452511
516, 0.451126
517, 0.449655
518, 0.448075
519, 0.446363
520, 0.444495
521, 0.442449
522, 0.440203
523, 0.437735
524, 0.435025
525, 0.432056
526, 0.428811
527, 0.425276
528, 0.42144
529, 0.417294
530, 0.412832
531, 0.408052
532, 0.402954
533, 0.397542
534, 0.391824
535, 0.385809
536, 0.379511
537, 0.372948
538, 0.366137
539, 0.3591
540, 0.351861
541, 0.344445
542, 0.336878
543, 0.329186
544, 0.321399
545, 0.313542
546, 0.305644
547, 0.297731
548, 0.289828
549, 0.28196
550, 0.27415
551, 0.266419
552, 0.258785
553, 0.251266
554, 0.243878
555, 0.236634
556, 0.229546
557, 0.222622
558, 0.215872
559, 0.2093
560, 0.202912
561, 0.196711
562, 0.190698
563, 0.184875
564, 0.179241
565, 0.173794
566, 0.168534
567, 0.163457
568, 0.158561
569, 0.153841
570, 0.149295
571, 0.144917
572, 0.140704
573, 0.136651
574, 0.132754
575, 0.129007
576, 0.125406
577, 0.121947
578, 0.118624
579, 0.115433
580, 0.11237
581, 0.109429
582, 0.106606
583, 0.103897
584, 0.101297
585, 0.0988022
586, 0.0964085
587, 0.0941117
588, 0.0919079
589, 0.0897934
590, 0.0877645
591, 0.0858177
592, 0.0839496
593, 0.0821569
594, 0.0804366
595, 0.0787855
596, 0.0772008
597, 0.0756798
598, 0.0742198
599, 0.0728184
600, 0.071473
601, 0.0701816
602, 0.0689417
603, 0.0677515
604, 0.0666089
605, 0.0655119
606, 0.0644589
607, 0.0634481
608, 0.0624778
609, 0.0615465
610, 0.0606528
611, 0.0597952
612, 0.0589723
613, 0.058183
614, 0.057426
615, 0.0567001
616, 0.0560043
617, 0.0553375
618, 0.0546988
619, 0.0540872
620, 0.0535018
621, 0.0529417
622, 0.0524062
623, 0.0518945
624, 0.0514059
625, 0.0509396
626, 0.0504949
627, 0.0500713
628, 0.0496681
629, 0.0492847
630, 0.0489205
631, 0.048575
632, 0.0482477
633, 0.047938
634, 0.0476454
635, 0.0473694
636, 0.0471096
637, 0.0468656
638, 0.0466368
639, 0.0464229
640, 0.0462234
641, 0.046038
642, 0.0458663
643, 0.0457079
644, 0.0455624
645, 0.0454295
646, 0.0453089
647, 0.0452003
648, 0.0451033
649, 0.0450176
650, 0.044943
651, 0.0448792
652, 0.0448259
653, 0.0447829
654, 0.04475
655, 0.0447268
656, 0.0447131
657, 0.0447087
658, 0.0447135
659, 0.0447271
660, 0.0447493
661, 0.0447799
662, 0.0448187
663, 0.0448655
664, 0.0449201
665, 0.0449821
666, 0.0450514
667, 0.0451277
668, 0.0452108
669, 0.0453004
670, 0.0453963
671, 0.0454982
672, 0.0456058
673, 0.0457188
674, 0.0458369
675, 0.0459598
676, 0.0460871
677, 0.0462186
678, 0.0463538
679, 0.0464925
680, 0.0466342
681, 0.0467785
682, 0.0469251
683, 0.0470735
684, 0.0472233
685, 0.0473741
686, 0.0475254
687, 0.0476768
688, 0.0478278
689, 0.047978
690, 0.0481268
691, 0.0482738
692, 0.0484184
693, 0.0485603
694, 0.0486988
695, 0.0488336
696, 0.048964
697, 0.0490896
698, 0.0492099
699, 0.0493243
700, 0.0494325


