X,T
6.61744e-18, 310.153
0.0184548, 310.153
0.0427062, 310.153
0.713599, 310.154
0.863536, 310.154
1.18445, 310.154
1.20807, 310.154
1.56832, 310.154
1.71085, 310.154
1.888, 310.154
1.91154, 310.154
2.17007, 310.154
2.18716, 310.154
2.38054, 310.154
2.5042, 310.154
2.76977, 310.154
2.80467, 310.154
2.86623, 310.154
3.20706, 310.154
3.22837, 310.154
3.71032, 310.154
3.72773, 310.154
3.75031, 310.154
3.78294, 310.154
4.28474, 310.154
4.2982, 310.154
4.45385, 310.154
4.79842, 310.155
5.10641, 310.155
5.12416, 310.155
5.22412, 310.155
5.59354, 310.155
5.68416, 310.155
5.69984, 310.155
5.72337, 310.155
5.73294, 310.155
5.81132, 310.155
6.39547, 310.155
6.48268, 310.155
6.72662, 310.156
6.73604, 310.156
6.92255, 310.156
7.31256, 310.156
7.333, 310.156
7.36636, 310.156
7.38051, 310.156
7.4444, 310.156
7.48676, 310.156
8.01136, 310.157
8.02505, 310.157
8.48341, 310.157
8.50588, 310.157
8.62076, 310.157
8.63585, 310.157
8.79965, 310.157
8.83682, 310.157
9.09909, 310.158
9.11407, 310.158
9.29483, 310.158
9.76333, 310.159
9.7813, 310.159
9.92485, 310.159
9.94429, 310.159
10.5264, 310.16
10.5477, 310.16
10.7005, 310.16
10.7881, 310.16
10.9275, 310.16
10.9644, 310.16
11.1456, 310.16
11.3548, 310.161
11.6645, 310.161
11.6849, 310.161
12.1529, 310.162
12.1917, 310.162
12.1993, 310.162
12.2056, 310.162
12.2532, 310.162
12.2886, 310.162
12.8488, 310.164
12.8552, 310.164
13.2276, 310.164
13.3471, 310.165
13.3666, 310.165
13.8338, 310.166
13.8895, 310.166
13.8997, 310.166
13.9311, 310.166
14.544, 310.168
14.6108, 310.168
14.6167, 310.168
14.6253, 310.168
14.962, 310.169
15.1817, 310.169
15.2222, 310.17
15.4445, 310.17
15.469, 310.17
15.9279, 310.172
16.3201, 310.173
16.3377, 310.173
16.4421, 310.174
16.8208, 310.175
16.8756, 310.175
16.8756, 310.175
16.8756, 310.175
17.2723, 310.177
17.2961, 310.177
17.6237, 310.179
17.6912, 310.179
17.7391, 310.179
17.8936, 310.18
17.9758, 310.18
18.0869, 310.181
18.116, 310.181
18.1318, 310.181
18.1996, 310.181
18.5622, 310.183
18.935, 310.185
18.9558, 310.185
19.0012, 310.185
19.0534, 310.186
19.3984, 310.188
19.579, 310.189
19.6049, 310.189
20.0317, 310.192
20.1793, 310.193
20.5388, 310.195
20.5624, 310.196
20.8186, 310.197
21.1185, 310.2
21.1527, 310.2
21.1823, 310.2
21.2488, 310.201
21.53, 310.203
21.6639, 310.204
21.9359, 310.207
22.1374, 310.209
22.1643, 310.209
22.1758, 310.209
22.273, 310.21
22.5466, 310.213
22.586, 310.213
22.7649, 310.215
22.7862, 310.215
22.8567, 310.216
23.2985, 310.221
23.3169, 310.221
23.3541, 310.221
23.9498, 310.229
24.0062, 310.229
24.0412, 310.23
24.5038, 310.236
24.813, 310.241
25.0593, 310.244
25.0697, 310.245
25.0822, 310.245
25.388, 310.25
25.5536, 310.252
25.5659, 310.253
25.6531, 310.254
25.6781, 310.255
25.9597, 310.26
26.0248, 310.261
26.2895, 310.266
26.387, 310.268
26.8274, 310.277
26.9343, 310.28
26.968, 310.28
27.3946, 310.291
27.4144, 310.291
27.5666, 310.295
27.8177, 310.302
28.0445, 310.308
28.0722, 310.309
28.2296, 310.314
28.523, 310.323
28.8951, 310.336
28.9957, 310.339
29.0195, 310.34
29.0472, 310.341
29.2159, 310.348
29.4657, 310.359
29.5334, 310.362
29.5578, 310.363
29.7133, 310.371
29.7415, 310.372
29.7501, 310.373
29.7815, 310.375
29.8813, 310.384
29.9426, 310.39
30, 310.395
30.0529, 310.395
30.0927, 310.395
30.1106, 310.395
30.1262, 310.395
30.1718, 310.396
30.1946, 310.396
30.211, 310.396
30.2147, 310.396
30.2569, 310.396
30.2927, 310.396
30.3129, 310.396
30.33, 310.396
30.3799, 310.396
30.3842, 310.396
30.4273, 310.396
30.4486, 310.396
30.4651, 310.396
30.5135, 310.397
30.5158, 310.397
30.5677, 310.397
30.5817, 310.397
30.6387, 310.397
30.6767, 310.397
30.6896, 310.397
30.7236, 310.397
30.7271, 310.397
30.7534, 310.397
30.7768, 310.397
30.7822, 310.397
30.8145, 310.398
30.8195, 310.398
30.8198, 310.398
30.8207, 310.398
30.8226, 310.398
30.8533, 310.398
30.8646, 310.398
30.9155, 310.398
30.9487, 310.398
30.955, 310.398
30.9647, 310.398
31.0001, 310.398
31.0372, 310.398
31.0382, 310.398
31.0891, 310.398
31.0943, 310.398
31.0999, 310.398
31.116, 310.399
31.1399, 310.399
31.1731, 310.399
31.1805, 310.399
31.1962, 310.399
31.2201, 310.399
31.2477, 310.399
31.2635, 310.399
31.27, 310.399
31.3274, 310.399
31.3336, 310.399
31.3658, 310.399
31.3974, 310.4
31.4289, 310.4
31.4599, 310.4
31.4772, 310.4
31.5015, 310.4
31.5148, 310.4
31.5607, 310.4
31.5763, 310.4
31.5914, 310.4
31.6133, 310.4
31.6562, 310.4
31.662, 310.401
31.6929, 310.401
31.7257, 310.401
31.7275, 310.401
31.7317, 310.401
31.7349, 310.401
31.7693, 310.401
31.7833, 310.401
31.793, 310.401
31.8008, 310.401
31.835, 310.401
31.8531, 310.401
31.9048, 310.401
31.9172, 310.401
31.9299, 310.401
31.9427, 310.402
31.982, 310.402
32.005, 310.402
32.0333, 310.402
32.0462, 310.402
32.0817, 310.402
32.0956, 310.402
32.1287, 310.402
32.153, 310.402
32.1642, 310.402
32.1715, 310.402
32.1852, 310.402
32.2219, 310.403
32.2408, 310.403
32.2583, 310.403
32.2776, 310.403
32.285, 310.403
32.3235, 310.403
32.3342, 310.403
32.3502, 310.403
32.3847, 310.403
32.3892, 310.403
32.3898, 310.403
32.3903, 310.403
32.3923, 310.403
32.4541, 310.403
32.4655, 310.403
32.5003, 310.404
32.537, 310.404
32.557, 310.404
32.577, 310.404
32.5879, 310.404
32.6521, 310.404
32.6603, 310.404
32.6617, 310.404
32.6651, 310.404
32.6942, 310.404
32.742, 310.404
32.7424, 310.404
32.7427, 310.404
32.7839, 310.405
32.7955, 310.405
32.8141, 310.405
32.8327, 310.405
32.8574, 310.405
32.9002, 310.405
32.9285, 310.405
32.943, 310.405
32.9554, 310.405
32.9962, 310.405
33.0178, 310.405
33.0598, 310.405
33.087, 310.406
33.1105, 310.406
33.1463, 310.406
33.1648, 310.406
33.2298, 310.406
33.247, 310.406
33.2851, 310.406
33.3188, 310.406
33.3239, 310.406
33.3258, 310.406
33.3738, 310.407
33.4072, 310.407
33.4212, 310.407
33.4275, 310.407
33.4379, 310.407
33.4649, 310.407
33.4963, 310.407
33.5075, 310.407
33.5122, 310.407
33.551, 310.407
33.5863, 310.407
33.5993, 310.407
33.6431, 310.408
33.6563, 310.408
33.6803, 310.408
33.695, 310.408
33.7257, 310.408
33.7639, 310.408
33.7808, 310.408
33.8293, 310.408
33.847, 310.408
33.8675, 310.408
33.8727, 310.408
33.8791, 310.408
33.9102, 310.408
33.9898, 310.409
34.0074, 310.409
34.0186, 310.409
34.0514, 310.409
34.0735, 310.409
34.0931, 310.409
34.0973, 310.409
34.1023, 310.409
34.1361, 310.409
34.1704, 310.409
34.1929, 310.409
34.2035, 310.409
34.2525, 310.41
34.2559, 310.41
34.2661, 310.41
34.2952, 310.41
34.3098, 310.41
34.3372, 310.41
34.348, 310.41
34.3782, 310.41
34.3875, 310.41
34.4063, 310.41
34.4221, 310.41
34.4469, 310.41
34.5121, 310.41
34.5127, 310.41
34.5132, 310.41
34.5618, 310.411
34.5711, 310.411
34.5959, 310.411
34.6094, 310.411
34.6585, 310.411
34.6654, 310.411
34.6695, 310.411
34.6918, 310.411
34.708, 310.411
34.7271, 310.411
34.7543, 310.411
34.7586, 310.411
34.8035, 310.411
34.8339, 310.411
34.8364, 310.411
34.8731, 310.412
34.9193, 310.412
34.9457, 310.412
34.975, 310.412
35.0282, 310.412
35.0286, 310.412
35.0382, 310.412
35.0818, 310.412
35.1074, 310.412
35.1183, 310.412
35.1382, 310.412
35.1641, 310.412
35.1729, 310.413
35.2159, 310.413
35.2346, 310.413
35.2443, 310.413
35.2652, 310.413
35.2878, 310.413
35.3441, 310.413
35.348, 310.413
35.3706, 310.413
35.3791, 310.413
35.3845, 310.413
35.4323, 310.413
35.4416, 310.413
35.4659, 310.413
35.4832, 310.413
35.5071, 310.414
35.5221, 310.414
35.5642, 310.414
35.5658, 310.414
35.5677, 310.414
35.6267, 310.414
35.6367, 310.414
35.6527, 310.414
35.6725, 310.414
35.7107, 310.414
35.7117, 310.414
35.7141, 310.414
35.7411, 310.414
35.7831, 310.414
35.8159, 310.414
35.8176, 310.415
35.8185, 310.415
35.8193, 310.415
35.8219, 310.415
35.9049, 310.415
35.9088, 310.415
35.9102, 310.415
35.9107, 310.415
35.9138, 310.415
35.9492, 310.415
36.0007, 310.415
36.0108, 310.415
36.0431, 310.415
36.0674, 310.415
36.1022, 310.415
36.1184, 310.415
36.1387, 310.415
36.1496, 310.415
36.156, 310.416
36.212, 310.416
36.2318, 310.416
36.2389, 310.416
36.2574, 310.416
36.2664, 310.416
36.3114, 310.416
36.3272, 310.416
36.3566, 310.416
36.4092, 310.416
36.4292, 310.416
36.4782, 310.416
36.4796, 310.416
36.48, 310.416
36.5262, 310.417
36.5285, 310.417
36.5575, 310.417
36.5654, 310.417
36.5896, 310.417
36.6052, 310.417
36.6077, 310.417
36.6639, 310.417
36.6769, 310.417
36.6973, 310.417
36.7324, 310.417
36.7491, 310.417
36.7814, 310.417
36.8239, 310.417
36.8304, 310.417
36.8353, 310.417
36.9106, 310.418
36.9332, 310.418
36.9393, 310.418
36.9561, 310.418
36.9824, 310.418
37.0095, 310.418
37.0395, 310.418
37.0798, 310.418
37.089, 310.418
37.1219, 310.418
37.1278, 310.418
37.1584, 310.418
37.2042, 310.418
37.2056, 310.418
37.237, 310.419
37.2517, 310.419
37.281, 310.419
37.3016, 310.419
37.3318, 310.419
37.3377, 310.419
37.3628, 310.419
37.3788, 310.419
37.4255, 310.419
37.4337, 310.419
37.4561, 310.419
37.4798, 310.419
37.499, 310.419
37.5263, 310.419
37.5438, 310.419
37.5631, 310.419
37.5829, 310.42
37.6077, 310.42
37.6522, 310.42
37.6628, 310.42
37.6642, 310.42
37.7034, 310.42
37.7114, 310.42
37.7534, 310.42
37.7811, 310.42
37.8048, 310.42
37.8175, 310.42
37.8651, 310.42
37.8992, 310.42
37.9108, 310.42
37.9397, 310.42
37.9746, 310.421
37.9868, 310.421
38.0362, 310.421
38.0581, 310.421
38.0878, 310.421
38.1336, 310.421
38.1368, 310.421
38.1693, 310.421
38.1739, 310.421
38.1877, 310.421
38.2193, 310.421
38.2547, 310.421
38.2816, 310.421
38.3235, 310.421
38.3475, 310.421
38.3773, 310.422
38.387, 310.422
38.43, 310.422
38.4561, 310.422
38.5006, 310.422
38.506, 310.422
38.5166, 310.422
38.5512, 310.422
38.568, 310.422
38.6133, 310.422
38.6186, 310.422
38.6499, 310.422
38.6633, 310.422
38.7105, 310.422
38.7191, 310.422
38.7582, 310.422
38.7653, 310.423
38.7969, 310.423
38.8073, 310.423
38.8324, 310.423
38.8573, 310.423
38.8896, 310.423
38.9293, 310.423
38.9641, 310.423
38.9804, 310.423
39.0172, 310.423
39.026, 310.423
39.0814, 310.423
39.0964, 310.423
39.1303, 310.423
39.1365, 310.423
39.1694, 310.423
39.1721, 310.423
39.2286, 310.424
39.2485, 310.424
39.2668, 310.424
39.296, 310.424
39.3134, 310.424
39.363, 310.424
39.4031, 310.424
39.411, 310.424
39.419, 310.424
39.488, 310.424
39.5001, 310.424
39.5221, 310.424
39.53, 310.424
39.5786, 310.424
39.6093, 310.424
39.618, 310.425
39.6243, 310.425
39.6392, 310.425
39.7033, 310.425
39.7351, 310.425
39.7481, 310.425
39.8035, 310.425
39.8487, 310.425
39.853, 310.425
39.8782, 310.425
39.9005, 310.425
39.9337, 310.425
39.9561, 310.425
39.9629, 310.425
39.9691, 310.425
40.024, 310.425
40.0255, 310.425
40.0284, 310.425
40.0563, 310.425
40.0699, 310.426
40.0956, 310.426
40.1077, 310.426
40.1465, 310.426
40.1601, 310.426
40.1883, 310.426
40.2092, 310.426
40.2652, 310.426
40.3053, 310.426
40.3146, 310.426
40.3253, 310.426
40.3639, 310.426
40.367, 310.426
40.3689, 310.426
40.3764, 310.426
40.4154, 310.426
40.4268, 310.426
40.4487, 310.426
40.4713, 310.426
40.4806, 310.426
40.4872, 310.426
40.5057, 310.426
40.556, 310.427
40.5639, 310.427
40.5782, 310.427
40.6285, 310.427
40.656, 310.427
40.6813, 310.427
40.7224, 310.427
40.7629, 310.427
40.7697, 310.427
40.7735, 310.427
40.806, 310.427
40.8563, 310.427
40.857, 310.427
40.8968, 310.427
40.9217, 310.427
40.9507, 310.427
40.965, 310.427
40.9995, 310.427
41.0112, 310.427
41.0559, 310.428
41.0639, 310.428
41.0725, 310.428
41.0975, 310.428
41.1157, 310.428
41.1284, 310.428
41.1401, 310.428
41.1601, 310.428
41.1706, 310.428
41.1935, 310.428
41.2305, 310.428
41.2307, 310.428
41.2307, 310.428
41.2519, 310.428
41.2925, 310.428
41.3077, 310.428
41.3342, 310.428
41.3432, 310.428
41.351, 310.428
41.3831, 310.428
41.3927, 310.428
41.4197, 310.428
41.435, 310.428
41.4474, 310.428
41.4734, 310.428
41.4817, 310.428
41.4937, 310.428
41.5166, 310.428
41.5641, 310.429
41.5642, 310.429
41.5642, 310.429
41.5643, 310.429
41.6233, 310.429
41.641, 310.429
41.6499, 310.429
41.6864, 310.429
41.7002, 310.429
41.7245, 310.429
41.7351, 310.429
41.7613, 310.429
41.7815, 310.429
41.7965, 310.429
41.8016, 310.429
41.8255, 310.429
41.8572, 310.429
41.8734, 310.429
41.8887, 310.429
41.8944, 310.429
41.8999, 310.429
41.9177, 310.429
41.9266, 310.429
41.9329, 310.429
41.9576, 310.429
41.9723, 310.429
42.0057, 310.429
42.0533, 310.429
42.0645, 310.43
42.1382, 310.43
42.1544, 310.43
42.1697, 310.43
42.1844, 310.43
42.2316, 310.43
42.2526, 310.43
42.2564, 310.43
42.2671, 310.43
42.3273, 310.43
42.3292, 310.43
42.3435, 310.43
42.3897, 310.43
42.3949, 310.43
42.4165, 310.43
42.4465, 310.43
42.4622, 310.43
42.4681, 310.43
42.4781, 310.43
42.5176, 310.43
42.5395, 310.43
42.5604, 310.43
42.5983, 310.43
42.6039, 310.43
42.6465, 310.431
42.6747, 310.431
42.692, 310.431
42.7254, 310.431
42.7467, 310.431
42.7963, 310.431
42.7987, 310.431
42.8104, 310.431
42.8477, 310.431
42.8743, 310.431
42.9436, 310.431
42.9607, 310.431
42.9971, 310.431
43.0559, 310.431
43.0892, 310.431
43.1059, 310.431
43.1619, 310.431
43.1631, 310.431
43.2197, 310.431
43.2209, 310.431
43.2449, 310.432
43.2842, 310.432
43.2919, 310.432
43.3459, 310.432
43.3525, 310.432
43.3911, 310.432
43.4234, 310.432
43.4307, 310.432
43.4789, 310.432
43.4843, 310.432
43.5371, 310.432
43.5547, 310.432
43.5852, 310.432
43.5941, 310.432
43.6221, 310.432
43.6289, 310.432
43.6326, 310.432
43.6781, 310.432
43.7112, 310.432
43.7496, 310.432
43.7971, 310.432
43.8106, 310.432
43.8411, 310.432
43.8413, 310.432
43.8423, 310.432
43.8913, 310.433
43.9117, 310.433
43.9161, 310.433
43.9481, 310.433
43.9492, 310.433
43.9814, 310.433
43.994, 310.433
44.0232, 310.433
44.0291, 310.433
44.0533, 310.433
44.0888, 310.433
44.1263, 310.433
44.1624, 310.433
44.1857, 310.433
44.2159, 310.433
44.2367, 310.433
44.2568, 310.433
44.2743, 310.433
44.2991, 310.433
44.3052, 310.433
44.3277, 310.433
44.35, 310.433
44.3731, 310.433
44.3929, 310.433
44.399, 310.433
44.4229, 310.433
44.4393, 310.433
44.456, 310.433
44.4823, 310.433
44.5344, 310.433
44.5503, 310.433
44.577, 310.434
44.5988, 310.434
44.6383, 310.434
44.6479, 310.434
44.7082, 310.434
44.7232, 310.434
44.7335, 310.434
44.7772, 310.434
44.824, 310.434
44.8261, 310.434
44.8727, 310.434
44.9024, 310.434
44.9076, 310.434
44.9099, 310.434
44.9661, 310.434
45.0148, 310.434
45.049, 310.434
45.087, 310.434
45.0899, 310.434
45.1353, 310.434
45.1364, 310.434
45.1386, 310.434
45.1739, 310.434
45.2215, 310.434
45.2359, 310.434
45.2592, 310.434
45.2985, 310.434
45.3177, 310.434
45.3361, 310.435
45.3524, 310.435
45.3919, 310.435
45.3937, 310.435
45.3948, 310.435
45.42, 310.435
45.4458, 310.435
45.4556, 310.435
45.486, 310.435
45.5065, 310.435
45.5355, 310.435
45.554, 310.435
45.5688, 310.435
45.5903, 310.435
45.6089, 310.435
45.6272, 310.435
45.6379, 310.435
45.6853, 310.435
45.7041, 310.435
45.7245, 310.435
45.7749, 310.435
45.7851, 310.435
45.7937, 310.435
45.8349, 310.435
45.8672, 310.435
45.8747, 310.435
45.8995, 310.435
45.92, 310.435
45.9436, 310.435
45.961, 310.435
45.9713, 310.435
46.0005, 310.435
46.0035, 310.435
46.0055, 310.435
46.0385, 310.435
46.0617, 310.435
46.0753, 310.435
46.0865, 310.435
46.1321, 310.435
46.1381, 310.435
46.1446, 310.435
46.1841, 310.436
46.1949, 310.436
46.211, 310.436
46.2542, 310.436
46.2833, 310.436
46.2979, 310.436
46.299, 310.436
46.3066, 310.436
46.3461, 310.436
46.3925, 310.436
46.4208, 310.436
46.4299, 310.436
46.4678, 310.436
46.4828, 310.436
46.5285, 310.436
46.5459, 310.436
46.5718, 310.436
46.5834, 310.436
46.628, 310.436
46.6483, 310.436
46.6697, 310.436
46.6955, 310.436
46.7135, 310.436
46.7504, 310.436
46.763, 310.436
46.7943, 310.436
46.8373, 310.436
46.8401, 310.436
46.9021, 310.436
46.9368, 310.436
46.9475, 310.436
46.965, 310.436
46.9977, 310.436
47.0069, 310.436
47.0204, 310.436
47.0482, 310.436
47.0561, 310.436
47.0742, 310.436
47.1079, 310.437
47.1237, 310.437
47.1398, 310.437
47.1634, 310.437
47.1973, 310.437
47.2178, 310.437
47.2518, 310.437
47.2528, 310.437
47.2531, 310.437
47.3172, 310.437
47.3218, 310.437
47.3254, 310.437
47.3613, 310.437
47.3699, 310.437
47.425, 310.437
47.4288, 310.437
47.4622, 310.437
47.4677, 310.437
47.495, 310.437
47.5043, 310.437
47.5477, 310.437
47.5824, 310.437
47.5991, 310.437
47.6052, 310.437
47.6135, 310.437
47.6451, 310.437
47.6783, 310.437
47.6828, 310.437
47.7326, 310.437
47.7624, 310.437
47.7824, 310.437
47.8009, 310.437
47.8412, 310.437
47.867, 310.437
47.8726, 310.437
47.8768, 310.437
47.881, 310.437
47.9112, 310.437
47.9379, 310.437
47.9396, 310.437
47.9804, 310.437
47.9859, 310.437
48.0137, 310.437
48.0186, 310.437
48.0599, 310.437
48.1113, 310.437
48.1196, 310.437
48.1631, 310.437
48.205, 310.437
48.2063, 310.437
48.2068, 310.437
48.207, 310.437
48.247, 310.438
48.2762, 310.438
48.2987, 310.438
48.326, 310.438
48.3542, 310.438
48.3675, 310.438
48.3904, 310.438
48.4335, 310.438
48.4455, 310.438
48.4865, 310.438
48.5121, 310.438
48.5525, 310.438
48.5807, 310.438
48.5969, 310.438
48.6126, 310.438
48.6514, 310.438
48.678, 310.438
48.7002, 310.438
48.7125, 310.438
48.7269, 310.438
48.746, 310.438
48.7678, 310.438
48.7855, 310.438
48.8059, 310.438
48.833, 310.438
48.8563, 310.438
48.8781, 310.438
48.9113, 310.438
48.9165, 310.438
48.9444, 310.438
48.9824, 310.438
48.9831, 310.438
49.0131, 310.438
49.0403, 310.438
49.0546, 310.438
49.0897, 310.438
49.1002, 310.438
49.1386, 310.438
49.1844, 310.438
49.1855, 310.438
49.1883, 310.438
49.2291, 310.438
49.2579, 310.438
49.2799, 310.438
49.3061, 310.438
49.3482, 310.438
49.3543, 310.438
49.3992, 310.438
49.402, 310.438
49.408, 310.438
49.4421, 310.438
49.4762, 310.438
49.4808, 310.438
49.5073, 310.438
49.523, 310.438
49.5595, 310.438
49.5813, 310.438
49.6006, 310.438
49.6459, 310.438
49.6793, 310.438
49.6837, 310.439
49.6874, 310.439
49.6899, 310.439
49.7291, 310.439
49.7639, 310.439
49.7783, 310.439
49.8138, 310.439
49.8189, 310.439
49.8486, 310.439
49.855, 310.439
49.8813, 310.439
49.9094, 310.439
49.9144, 310.439
49.9251, 310.439
49.9581, 310.439
49.9746, 310.439
50.0015, 310.439
50.0236, 310.439
50.0633, 310.439
50.0707, 310.439
50.1222, 310.439
50.1366, 310.439
50.1725, 310.439
50.2115, 310.439
50.2345, 310.439
50.2448, 310.439
50.2844, 310.439
50.2957, 310.439
50.3181, 310.439
50.3415, 310.439
50.3862, 310.439
50.4084, 310.439
50.4365, 310.439
50.4411, 310.439
50.4481, 310.439
50.4624, 310.439
50.4976, 310.439
50.5239, 310.439
50.5402, 310.439
50.5646, 310.439
50.6004, 310.439
50.6154, 310.439
50.6175, 310.439
50.6246, 310.439
50.6561, 310.439
50.6629, 310.439
50.7271, 310.439
50.763, 310.439
50.7661, 310.439
50.7684, 310.439
50.7779, 310.439
50.815, 310.439
50.8228, 310.439
50.8537, 310.439
50.8693, 310.439
50.8786, 310.439
50.9048, 310.439
50.945, 310.439
50.9775, 310.439
50.9783, 310.439
51.0185, 310.439
51.0224, 310.439
51.0497, 310.439
51.0689, 310.439
51.1068, 310.439
51.1083, 310.439
51.1173, 310.439
51.1482, 310.439
51.1553, 310.439
51.1786, 310.439
51.1976, 310.439
51.2314, 310.439
51.2373, 310.439
51.2384, 310.439
51.2769, 310.439
51.3055, 310.439
51.3312, 310.439
51.3545, 310.439
51.3766, 310.439
51.3904, 310.439
51.4207, 310.439
51.4297, 310.439
51.4624, 310.439
51.4626, 310.439
51.4794, 310.439
51.4976, 310.439
51.5067, 310.439
51.5184, 310.439
51.5593, 310.439
51.565, 310.439
51.5676, 310.439
51.5773, 310.439
51.6257, 310.439
51.6524, 310.439
51.6612, 310.439
51.6831, 310.439
51.6955, 310.439
51.7063, 310.439
51.7377, 310.439
51.7755, 310.439
51.8066, 310.439
51.8145, 310.439
51.8181, 310.439
51.855, 310.439
51.8918, 310.439
51.9008, 310.439
51.9252, 310.439
51.9556, 310.439
51.9763, 310.439
51.9878, 310.439
52.009, 310.439
52.0252, 310.439
52.0768, 310.439
52.0792, 310.439
52.119, 310.439
52.1217, 310.439
52.1634, 310.439
52.1743, 310.439
52.1836, 310.439
52.2027, 310.439
52.2108, 310.439
52.2577, 310.44
52.2689, 310.44
52.2923, 310.44
52.309, 310.44
52.3427, 310.44
52.3946, 310.44
52.4167, 310.44
52.4547, 310.44
52.4887, 310.44
52.4969, 310.44
52.557, 310.44
52.559, 310.44
52.5914, 310.44
52.6145, 310.44
52.6399, 310.44
52.6489, 310.44
52.6963, 310.44
52.7204, 310.44
52.7276, 310.44
52.7867, 310.44
52.7891, 310.44
52.7894, 310.44
52.8239, 310.44
52.8303, 310.44
52.8653, 310.44
52.917, 310.44
52.9239, 310.44
52.9619, 310.44
52.9909, 310.44
52.9949, 310.44
53.0025, 310.44
53.045, 310.44
53.0869, 310.44
53.0983, 310.44
53.1146, 310.44
53.1375, 310.44
53.1623, 310.44
53.1943, 310.44
53.2284, 310.44
53.2416, 310.44
53.2726, 310.44
53.2898, 310.44
53.3423, 310.44
53.3495, 310.44
53.3626, 310.44
53.39, 310.44
53.413, 310.44
53.4408, 310.44
53.4532, 310.44
53.4729, 310.44
53.4826, 310.44
53.5128, 310.44
53.5229, 310.44
53.5476, 310.44
53.5564, 310.44
53.5823, 310.44
53.5842, 310.44
53.5873, 310.44
53.6486, 310.44
53.6556, 310.44
53.6597, 310.44
53.7221, 310.44
53.7402, 310.44
53.7927, 310.44
53.8293, 310.44
53.8409, 310.44
53.8935, 310.44
53.9041, 310.44
53.9262, 310.44
53.9371, 310.44
53.9508, 310.44
53.9649, 310.44
53.9906, 310.44
53.9999, 310.44
54.0518, 310.44
54.0632, 310.44
54.1262, 310.44
54.1307, 310.44
54.194, 310.44
54.1989, 310.44
54.2136, 310.44
54.2328, 310.44
54.2613, 310.44
54.2792, 310.44
54.3025, 310.44
54.3247, 310.44
54.3442, 310.44
54.3729, 310.44
54.3849, 310.44
54.4116, 310.44
54.4231, 310.44
54.4425, 310.44
54.4609, 310.44
54.5253, 310.44
54.547, 310.44
54.5608, 310.44
54.5869, 310.44
54.615, 310.44
54.6163, 310.44
54.6195, 310.44
54.6425, 310.44
54.649, 310.44
54.7182, 310.44
54.737, 310.44
54.7636, 310.44
54.787, 310.44
54.8038, 310.44
54.8106, 310.44
54.8188, 310.44
54.8259, 310.44
54.8708, 310.44
54.8804, 310.44
54.9081, 310.44
54.914, 310.44
54.9535, 310.44
54.9886, 310.44
55.035, 310.44
55.0472, 310.44
55.0862, 310.439
55.0977, 310.439
55.1061, 310.439
55.1195, 310.439
55.1478, 310.439
55.1661, 310.439
55.1874, 310.439
55.2164, 310.439
55.2315, 310.439
55.2607, 310.439
55.2841, 310.439
55.2923, 310.439
55.3097, 310.439
55.3278, 310.439
55.3435, 310.439
55.3728, 310.439
55.3796, 310.439
55.3911, 310.439
55.4204, 310.439
55.4533, 310.439
55.4631, 310.439
55.4933, 310.439
55.5333, 310.439
55.5701, 310.439
55.5783, 310.439
55.6295, 310.439
55.6478, 310.439
55.7102, 310.439
55.7118, 310.439
55.775, 310.439
55.7829, 310.439
55.8239, 310.439
55.8323, 310.439
55.8417, 310.439
55.9177, 310.439
55.9263, 310.439
55.9384, 310.439
55.9442, 310.439
55.9541, 310.439
55.9864, 310.439
55.9929, 310.439
56.0325, 310.439
56.0752, 310.439
56.0757, 310.439
56.1016, 310.439
56.1197, 310.439
56.1436, 310.439
56.1464, 310.439
56.1494, 310.439
56.1934, 310.439
56.2234, 310.439
56.2272, 310.439
56.2288, 310.439
56.3126, 310.439
56.3132, 310.439
56.3139, 310.439
56.3429, 310.439
56.3627, 310.439
56.377, 310.439
56.4244, 310.439
56.4549, 310.439
56.4845, 310.439
56.5397, 310.439
56.545, 310.439
56.5496, 310.439
56.6215, 310.439
56.6278, 310.439
56.6589, 310.439
56.6625, 310.439
56.6886, 310.439
56.6941, 310.439
56.7119, 310.439
56.7382, 310.439
56.746, 310.439
56.7633, 310.439
56.7729, 310.439
56.7812, 310.439
56.8125, 310.439
56.8144, 310.439
56.8489, 310.439
56.8612, 310.439
56.8693, 310.439
56.8959, 310.439
56.9003, 310.439
56.9102, 310.439
56.9187, 310.439
56.9531, 310.439
56.9671, 310.439
57.0014, 310.439
57.029, 310.439
57.0556, 310.439
57.0645, 310.439
57.1083, 310.439
57.129, 310.439
57.1565, 310.439
57.179, 310.439
57.205, 310.439
57.2151, 310.439
57.2634, 310.439
57.271, 310.439
57.2977, 310.439
57.3194, 310.439
57.3553, 310.439
57.3947, 310.439
57.3957, 310.439
57.3999, 310.439
57.4534, 310.439
57.4957, 310.439
57.5128, 310.439
57.5182, 310.439
57.5501, 310.439
57.5831, 310.439
57.6028, 310.439
57.6377, 310.439
57.6508, 310.439
57.7189, 310.438
57.722, 310.438
57.7891, 310.438
57.7953, 310.438
57.8247, 310.438
57.8288, 310.438
57.8341, 310.438
57.8744, 310.438
57.8763, 310.438
57.8765, 310.438
57.877, 310.438
57.9057, 310.438
57.9196, 310.438
57.9337, 310.438
57.9525, 310.438
57.9844, 310.438
58.0049, 310.438
58.039, 310.438
58.0491, 310.438
58.0729, 310.438
58.0875, 310.438
58.1111, 310.438
58.1472, 310.438
58.1562, 310.438
58.1791, 310.438
58.2062, 310.438
58.2066, 310.438
58.2067, 310.438
58.2572, 310.438
58.258, 310.438
58.2884, 310.438
58.2895, 310.438
58.33, 310.438
58.3644, 310.438
58.3882, 310.438
58.4005, 310.438
58.459, 310.438
58.4591, 310.438
58.5079, 310.438
58.5266, 310.438
58.5632, 310.438
58.5776, 310.438
58.6054, 310.438
58.6225, 310.438
58.6463, 310.438
58.6539, 310.438
58.6618, 310.438
58.6698, 310.438
58.7009, 310.438
58.7455, 310.438
58.7757, 310.438
58.8138, 310.438
58.8232, 310.438
58.827, 310.438
58.8837, 310.438
58.9102, 310.438
58.9309, 310.438
58.9361, 310.438
59.0078, 310.438
59.0106, 310.438
59.0123, 310.438
59.0372, 310.438
59.07, 310.438
59.0784, 310.438
59.1207, 310.438
59.146, 310.438
59.1613, 310.438
59.1665, 310.438
59.1771, 310.438
59.2067, 310.437
59.2462, 310.437
59.2575, 310.437
59.2801, 310.437
59.2926, 310.437
59.3087, 310.437
59.3401, 310.437
59.3566, 310.437
59.3864, 310.437
59.3944, 310.437
59.4027, 310.437
59.4364, 310.437
59.457, 310.437
59.4755, 310.437
59.4832, 310.437
59.492, 310.437
59.5192, 310.437
59.5241, 310.437
59.5508, 310.437
59.5728, 310.437
59.6126, 310.437
59.6164, 310.437
59.6613, 310.437
59.672, 310.437
59.7019, 310.437
59.7117, 310.437
59.7432, 310.437
59.7645, 310.437
59.78, 310.437
59.81, 310.437
59.838, 310.437
59.8683, 310.437
59.8924, 310.437
59.9306, 310.437
60, 310.437
60, 310.437


