X,T
0, 310.15
0.0293309, 310.15
0.231629, 310.15
0.548165, 310.15
0.813186, 310.15
0.853178, 310.15
0.99316, 310.15
1.01833, 310.15
1.15091, 310.15
1.51937, 310.15
1.63435, 310.15
1.65461, 310.15
2.00543, 310.15
2.24582, 310.15
2.26797, 310.15
2.53715, 310.15
2.56147, 310.15
2.6921, 310.15
3.1143, 310.15
3.388, 310.15
3.45317, 310.15
3.71867, 310.15
3.94789, 310.15
4.21404, 310.15
4.25504, 310.15
4.96691, 310.15
5.01095, 310.15
5.04448, 310.15
5.06918, 310.15
5.35709, 310.15
5.52705, 310.15
5.54775, 310.15
5.88178, 310.15
5.90218, 310.15
6.00855, 310.15
6.03696, 310.15
6.53524, 310.15
6.58365, 310.15
7.09171, 310.15
7.10247, 310.15
7.11726, 310.15
7.24398, 310.15
7.25605, 310.15
7.31756, 310.15
7.59913, 310.15
7.60673, 310.15
7.78677, 310.15
7.79327, 310.15
8.07766, 310.15
8.12322, 310.15
8.39898, 310.15
8.41731, 310.15
8.74429, 310.15
8.86044, 310.15
8.87301, 310.15
9.26173, 310.15
9.47619, 310.15
9.49076, 310.15
9.53391, 310.15
9.94616, 310.15
10.1585, 310.15
10.1926, 310.15
10.3723, 310.15
10.3884, 310.15
10.4377, 310.15
10.9765, 310.15
10.9837, 310.15
11.153, 310.15
11.7311, 310.15
11.7452, 310.15
11.7476, 310.15
11.7626, 310.15
11.7782, 310.15
12.1832, 310.15
12.3556, 310.15
12.3971, 310.15
12.4171, 310.15
12.833, 310.15
13.0637, 310.15
13.0768, 310.15
13.2183, 310.15
13.2368, 310.15
13.6495, 310.15
13.836, 310.15
13.8557, 310.15
14.1644, 310.15
14.4825, 310.15
14.4944, 310.15
14.7244, 310.15
15.1241, 310.15
15.16, 310.15
15.2186, 310.15
15.2908, 310.15
15.3304, 310.15
15.7558, 310.15
15.7866, 310.15
16.0567, 310.15
16.0743, 310.15
16.4, 310.15
16.7306, 310.15
16.7527, 310.15
16.7893, 310.15
16.8764, 310.15
17.475, 310.15
17.5906, 310.15
17.7275, 310.15
18.0924, 310.15
18.1196, 310.15
18.1398, 310.15
18.2045, 310.15
18.3059, 310.15
19.0693, 310.15
19.0908, 310.15
19.3385, 310.15
19.3573, 310.15
19.3836, 310.15
19.5883, 310.15
19.6074, 310.15
20.1302, 310.15
20.2263, 310.15
20.2477, 310.15
20.2645, 310.15
20.3025, 310.15
20.3209, 310.15
20.7911, 310.15
20.8076, 310.15
21.0211, 310.15
21.0429, 310.15
21.5322, 310.15
21.5725, 310.15
21.5868, 310.15
21.6417, 310.15
21.7037, 310.15
21.7661, 310.15
22.1249, 310.15
22.2239, 310.15
22.2503, 310.15
22.7571, 310.15
23.0292, 310.15
23.0509, 310.15
23.3875, 310.151
23.3992, 310.151
23.8269, 310.151
23.8461, 310.151
24.0252, 310.151
24.2239, 310.151
24.2313, 310.151
24.2594, 310.151
24.4567, 310.151
24.9485, 310.151
24.9753, 310.151
24.9923, 310.152
25.0556, 310.152
25.1121, 310.152
25.5806, 310.152
25.6019, 310.152
25.9107, 310.153
25.9307, 310.153
26.053, 310.153
26.2103, 310.153
26.59, 310.154
26.6019, 310.154
26.8848, 310.155
26.9129, 310.155
27.0791, 310.155
27.2775, 310.156
27.3113, 310.156
27.5423, 310.157
27.7673, 310.158
27.8018, 310.158
27.951, 310.159
28.2969, 310.161
28.335, 310.161
28.4426, 310.162
28.5007, 310.162
28.5225, 310.162
28.9361, 310.166
29.2368, 310.169
29.4587, 310.172
29.4833, 310.172
29.5092, 310.173
29.5524, 310.173
29.5787, 310.174
29.7613, 310.177
29.7648, 310.177
29.7864, 310.178
29.8528, 310.18
29.8705, 310.18
29.8804, 310.18
29.9352, 310.183
30, 310.185
30.0676, 310.186
30.0689, 310.186
30.0698, 310.186
30.1026, 310.186
30.1343, 310.186
30.1692, 310.186
30.1974, 310.186
30.2319, 310.186
30.249, 310.186
30.2927, 310.186
30.3048, 310.186
30.3461, 310.186
30.3754, 310.186
30.4098, 310.186
30.4175, 310.186
30.4516, 310.186
30.4877, 310.186
30.4989, 310.186
30.5236, 310.186
30.5275, 310.186
30.5663, 310.186
30.5786, 310.186
30.5905, 310.186
30.6392, 310.186
30.6433, 310.186
30.6474, 310.186
30.6866, 310.186
30.7008, 310.186
30.7477, 310.187
30.7482, 310.187
30.7984, 310.187
30.8155, 310.187
30.8517, 310.187
30.8775, 310.187
30.9076, 310.187
30.9164, 310.187
30.9572, 310.187
30.9891, 310.187
31.0122, 310.187
31.0337, 310.187
31.0552, 310.187
31.0696, 310.187
31.0976, 310.187
31.1263, 310.187
31.1418, 310.187
31.1504, 310.187
31.1931, 310.188
31.2063, 310.188
31.2095, 310.188
31.2428, 310.188
31.2678, 310.188
31.2691, 310.188
31.2734, 310.188
31.3312, 310.188
31.3392, 310.188
31.3482, 310.188
31.3546, 310.188
31.387, 310.188
31.4162, 310.188
31.4527, 310.188
31.4596, 310.188
31.4872, 310.188
31.4961, 310.188
31.5045, 310.188
31.5263, 310.188
31.5316, 310.188
31.5799, 310.189
31.5883, 310.189
31.605, 310.189
31.6407, 310.189
31.6663, 310.189
31.6823, 310.189
31.7019, 310.189
31.7401, 310.189
31.7548, 310.189
31.7776, 310.189
31.7887, 310.189
31.8089, 310.189
31.8214, 310.189
31.8523, 310.189
31.8631, 310.19
31.8805, 310.19
31.91, 310.19
31.9175, 310.19
31.9525, 310.19
31.9917, 310.19
31.9957, 310.19
32.0022, 310.19
32.0363, 310.19
32.0468, 310.19
32.0603, 310.19
32.0775, 310.19
32.0859, 310.19
32.1178, 310.19
32.1408, 310.191
32.1609, 310.191
32.1884, 310.191
32.2207, 310.191
32.2322, 310.191
32.2366, 310.191
32.2786, 310.191
32.3051, 310.191
32.3357, 310.191
32.3602, 310.191
32.3821, 310.191
32.4145, 310.192
32.4423, 310.192
32.4548, 310.192
32.4892, 310.192
32.4935, 310.192
32.5101, 310.192
32.5371, 310.192
32.5445, 310.192
32.5723, 310.192
32.5885, 310.192
32.6017, 310.192
32.6123, 310.192
32.6476, 310.193
32.6666, 310.193
32.6839, 310.193
32.709, 310.193
32.7438, 310.193
32.7591, 310.193
32.7715, 310.193
32.7971, 310.193
32.8204, 310.193
32.8339, 310.193
32.8575, 310.193
32.8998, 310.194
32.9363, 310.194
32.9481, 310.194
32.9792, 310.194
33.0005, 310.194
33.0192, 310.194
33.024, 310.194
33.0718, 310.194
33.1007, 310.195
33.1008, 310.195
33.1387, 310.195
33.1744, 310.195
33.186, 310.195
33.2253, 310.195
33.2442, 310.195
33.2514, 310.195
33.2796, 310.196
33.3413, 310.196
33.3422, 310.196
33.3445, 310.196
33.3842, 310.196
33.4072, 310.196
33.4474, 310.196
33.4593, 310.196
33.4887, 310.197
33.5043, 310.197
33.5052, 310.197
33.5059, 310.197
33.5388, 310.197
33.5558, 310.197
33.5581, 310.197
33.5793, 310.197
33.6108, 310.197
33.6271, 310.197
33.6493, 310.198
33.663, 310.198
33.6847, 310.198
33.6987, 310.198
33.7104, 310.198
33.7308, 310.198
33.7409, 310.198
33.7571, 310.198
33.7851, 310.198
33.7917, 310.198
33.8171, 310.199
33.8596, 310.199
33.8716, 310.199
33.8818, 310.199
33.9165, 310.199
33.9393, 310.199
33.9433, 310.199
33.9444, 310.199
33.9797, 310.2
34.0142, 310.2
34.0364, 310.2
34.0858, 310.2
34.1203, 310.2
34.1462, 310.201
34.1737, 310.201
34.1846, 310.201
34.2172, 310.201
34.2209, 310.201
34.2233, 310.201
34.229, 310.201
34.2626, 310.201
34.2791, 310.201
34.3064, 310.202
34.352, 310.202
34.3627, 310.202
34.381, 310.202
34.3973, 310.202
34.4128, 310.202
34.4377, 310.203
34.4716, 310.203
34.4904, 310.203
34.5117, 310.203
34.5171, 310.203
34.558, 310.203
34.573, 310.203
34.5872, 310.204
34.6049, 310.204
34.6279, 310.204
34.632, 310.204
34.6495, 310.204
34.677, 310.204
34.6848, 310.204
34.7074, 310.204
34.7414, 310.205
34.743, 310.205
34.7701, 310.205
34.7881, 310.205
34.8048, 310.205
34.8282, 310.205
34.8405, 310.205
34.8798, 310.206
34.8979, 310.206
34.9335, 310.206
34.9798, 310.207
34.9843, 310.207
34.9845, 310.207
34.9851, 310.207
35.0278, 310.207
35.0555, 310.207
35.0929, 310.207
35.1015, 310.208
35.126, 310.208
35.1455, 310.208
35.1683, 310.208
35.2331, 310.209
35.2717, 310.209
35.277, 310.209
35.2848, 310.209
35.319, 310.209
35.36, 310.21
35.3977, 310.21
35.4029, 310.21
35.4571, 310.211
35.4893, 310.211
35.501, 310.211
35.5069, 310.211
35.5573, 310.211
35.585, 310.212
35.6144, 310.212
35.6247, 310.212
35.6324, 310.212
35.6608, 310.212
35.6647, 310.212
35.7004, 310.213
35.7115, 310.213
35.7266, 310.213
35.7539, 310.213
35.7792, 310.213
35.7986, 310.214
35.8378, 310.214
35.8466, 310.214
35.8654, 310.214
35.8974, 310.215
35.9482, 310.215
35.9554, 310.215
35.9663, 310.215
36, 310.216
36.0126, 310.216
36.0591, 310.216
36.0843, 310.216
36.0864, 310.216
36.0903, 310.216
36.1185, 310.217
36.147, 310.217
36.1757, 310.217
36.216, 310.218
36.2228, 310.218
36.2755, 310.218
36.2785, 310.218
36.2998, 310.219
36.3145, 310.219
36.3271, 310.219
36.3542, 310.219
36.4262, 310.22
36.4337, 310.22
36.446, 310.22
36.4657, 310.22
36.4959, 310.221
36.5206, 310.221
36.5367, 310.221
36.548, 310.221
36.5716, 310.222
36.5822, 310.222
36.5909, 310.222
36.6312, 310.222
36.6389, 310.222
36.6956, 310.223
36.7162, 310.223
36.7253, 310.223
36.7825, 310.224
36.789, 310.224
36.7901, 310.224
36.8437, 310.225
36.8548, 310.225
36.8778, 310.225
36.9017, 310.225
36.9597, 310.226
36.9608, 310.226
37.0039, 310.227
37.0181, 310.227
37.0502, 310.227
37.0728, 310.227
37.0938, 310.228
37.1364, 310.228
37.1504, 310.228
37.1724, 310.229
37.1902, 310.229
37.212, 310.229
37.2339, 310.229
37.2424, 310.23
37.2466, 310.23
37.2546, 310.23
37.2754, 310.23
37.2964, 310.23
37.3023, 310.23
37.3939, 310.232
37.4218, 310.232
37.4332, 310.232
37.4704, 310.233
37.5132, 310.233
37.5206, 310.233
37.5577, 310.234
37.596, 310.234
37.5979, 310.234
37.6156, 310.235
37.6318, 310.235
37.6547, 310.235
37.6644, 310.235
37.6673, 310.235
37.6745, 310.235
37.7034, 310.236
37.7143, 310.236
37.7521, 310.237
37.7542, 310.237
37.7582, 310.237
37.7618, 310.237
37.7691, 310.237
37.8038, 310.237
37.8305, 310.238
37.8497, 310.238
37.8617, 310.238
37.8917, 310.239
37.9084, 310.239
37.928, 310.239
37.9393, 310.239
37.9485, 310.239
37.9891, 310.24
37.9961, 310.24
38.0006, 310.24
38.0413, 310.241
38.0686, 310.241
38.0978, 310.242
38.1131, 310.242
38.1596, 310.243
38.161, 310.243
38.1916, 310.243
38.2047, 310.243
38.2179, 310.244
38.2616, 310.244
38.2751, 310.244
38.2958, 310.245
38.3083, 310.245
38.3384, 310.245
38.3621, 310.246
38.4196, 310.247
38.4332, 310.247
38.4708, 310.248
38.5024, 310.248
38.5199, 310.248
38.5753, 310.249
38.6026, 310.25
38.6056, 310.25
38.6115, 310.25
38.6351, 310.25
38.6602, 310.251
38.6888, 310.251
38.6901, 310.251
38.7249, 310.252
38.7713, 310.253
38.7826, 310.253
38.82, 310.254
38.8635, 310.254
38.8714, 310.255
38.9056, 310.255
38.9116, 310.255
38.9465, 310.256
38.9613, 310.256
38.9917, 310.257
39.0031, 310.257
39.0269, 310.257
39.0331, 310.258
39.0803, 310.258
39.088, 310.259
39.1221, 310.259
39.1986, 310.261
39.1999, 310.261
39.2017, 310.261
39.2817, 310.262
39.2961, 310.263
39.3336, 310.263
39.3826, 310.264
39.3908, 310.264
39.4269, 310.265
39.4289, 310.265
39.4927, 310.267
39.495, 310.267
39.4989, 310.267
39.5316, 310.267
39.5725, 310.268
39.574, 310.268
39.5751, 310.268
39.5823, 310.268
39.6176, 310.269
39.6242, 310.269
39.6525, 310.27
39.6701, 310.27
39.7122, 310.271
39.7127, 310.271
39.7131, 310.271
39.7137, 310.271
39.7551, 310.272
39.7968, 310.273
39.8286, 310.274
39.8504, 310.274
39.8829, 310.275
39.9395, 310.276
39.976, 310.277
39.9865, 310.277
39.9884, 310.277
40.0193, 310.278
40.0226, 310.278
40.033, 310.278
40.0752, 310.279
40.0889, 310.28
40.1194, 310.28
40.1602, 310.281
40.1667, 310.281
40.1732, 310.282
40.2067, 310.282
40.2341, 310.283
40.259, 310.284
40.2761, 310.284
40.3062, 310.285
40.3173, 310.285
40.3285, 310.285
40.3552, 310.286
40.3902, 310.287
40.3931, 310.287
40.4448, 310.288
40.4982, 310.289
40.5012, 310.29
40.5036, 310.29
40.5104, 310.29
40.5496, 310.291
40.5703, 310.291
40.5769, 310.292
40.6299, 310.293
40.6477, 310.293
40.6926, 310.295
40.7344, 310.296
40.7346, 310.296
40.7357, 310.296
40.7953, 310.297
40.8222, 310.298
40.8601, 310.299
40.8663, 310.299
40.8695, 310.299
40.8811, 310.3
40.9069, 310.3
40.9162, 310.301
40.961, 310.302
40.9668, 310.302
41.0085, 310.303
41.0391, 310.304
41.0466, 310.304
41.0885, 310.305
41.1062, 310.306
41.1082, 310.306
41.1169, 310.306
41.1448, 310.307
41.155, 310.307
41.1854, 310.308
41.2042, 310.309
41.2149, 310.309
41.2183, 310.309
41.225, 310.309
41.2547, 310.31
41.2798, 310.311
41.2979, 310.312
41.339, 310.313
41.3512, 310.313
41.3681, 310.314
41.4018, 310.315
41.4162, 310.315
41.4364, 310.316
41.4644, 310.317
41.4759, 310.317
41.4825, 310.317
41.5119, 310.318
41.5195, 310.318
41.5417, 310.319
41.5774, 310.32
41.6177, 310.322
41.6223, 310.322
41.6513, 310.323
41.6653, 310.323
41.6946, 310.324
41.7233, 310.325
41.7274, 310.325
41.7318, 310.325
41.7709, 310.327
41.8154, 310.328
41.8269, 310.329
41.8475, 310.329
41.856, 310.33
41.8726, 310.33
41.9, 310.331
41.9192, 310.332
41.9316, 310.332
41.9384, 310.332
41.9644, 310.333
41.9796, 310.334
42.0016, 310.335
42.0247, 310.335
42.0515, 310.336
42.0678, 310.337
42.0859, 310.338
42.1151, 310.339
42.1639, 310.34
42.1653, 310.34
42.1663, 310.34
42.2098, 310.342
42.2296, 310.343
42.2929, 310.345
42.2971, 310.345
42.3001, 310.345
42.3116, 310.346
42.3223, 310.346
42.3575, 310.348
42.3689, 310.348
42.3923, 310.349
42.4031, 310.349
42.4094, 310.35
42.4347, 310.351
42.4738, 310.352
42.4802, 310.352
42.4828, 310.352
42.4897, 310.353
42.5332, 310.354
42.56, 310.355
42.5737, 310.356
42.5823, 310.356
42.6278, 310.358
42.6286, 310.358
42.664, 310.36
42.6664, 310.36
42.7231, 310.362
42.7626, 310.364
42.7916, 310.365
42.8198, 310.366
42.8374, 310.367
42.8723, 310.368
42.8748, 310.368
42.8999, 310.369
42.9241, 310.37
42.9343, 310.371
42.9498, 310.372
42.9702, 310.372
43.0112, 310.374
43.0163, 310.375
43.0492, 310.376
43.0706, 310.377
43.0968, 310.378
43.1215, 310.379
43.132, 310.38
43.1671, 310.381
43.2021, 310.383
43.2068, 310.383
43.2387, 310.385
43.2704, 310.386
43.2785, 310.386
43.3113, 310.388
43.355, 310.39
43.3597, 310.39
43.3625, 310.39
43.4095, 310.393
43.4425, 310.394
43.4533, 310.395
43.4627, 310.395
43.4942, 310.397
43.5324, 310.399
43.5566, 310.4
43.5759, 310.401
43.5926, 310.402
43.6011, 310.402
43.6077, 310.402
43.6427, 310.404
43.6643, 310.405
43.6688, 310.406
43.6833, 310.406
43.714, 310.408
43.7248, 310.408
43.7421, 310.409
43.751, 310.41
43.7839, 310.411
43.7893, 310.412
43.8007, 310.412
43.8249, 310.414
43.8438, 310.415
43.846, 310.415
43.848, 310.415
43.8716, 310.416
43.9002, 310.418
43.9157, 310.419
43.927, 310.419
43.9619, 310.421
43.972, 310.422
44.0249, 310.425
44.0365, 310.425
44.0637, 310.427
44.0996, 310.429
44.1187, 310.43
44.1386, 310.431
44.1737, 310.433
44.1816, 310.433
44.1912, 310.434
44.2211, 310.436
44.2346, 310.437
44.2604, 310.438
44.2848, 310.439
44.3218, 310.442
44.3312, 310.442
44.3414, 310.443
44.3809, 310.445
44.4209, 310.448
44.4313, 310.448
44.4527, 310.45
44.4669, 310.451
44.4937, 310.452
44.5224, 310.454
44.5314, 310.455
44.5719, 310.457
44.5739, 310.457
44.5754, 310.457
44.6099, 310.46
44.6208, 310.46
44.6613, 310.463
44.6635, 310.463
44.7183, 310.467
44.7271, 310.467
44.769, 310.47
44.7749, 310.47
44.8171, 310.473
44.825, 310.474
44.8712, 310.477
44.8955, 310.479
44.9161, 310.48
44.9525, 310.482
44.9594, 310.483
44.9919, 310.485
45.0105, 310.487
45.0444, 310.489
45.0459, 310.489
45.1011, 310.493
45.1094, 310.494
45.1257, 310.495
45.1308, 310.495
45.1486, 310.497
45.1885, 310.499
45.1952, 310.5
45.2085, 310.501
45.2181, 310.502
45.2205, 310.502
45.2583, 310.505
45.2634, 310.505
45.2652, 310.505
45.2901, 310.507
45.3276, 310.51
45.3497, 310.512
45.3764, 310.514
45.4076, 310.516
45.4155, 310.517
45.4609, 310.52
45.5127, 310.524
45.5312, 310.526
45.5548, 310.528
45.5992, 310.532
45.6135, 310.533
45.6425, 310.535
45.6524, 310.536
45.6847, 310.539
45.6929, 310.539
45.7258, 310.542
45.7776, 310.547
45.7833, 310.547
45.8239, 310.551
45.8622, 310.554
45.8928, 310.557
45.9072, 310.558
45.9104, 310.558
45.9499, 310.562
45.9673, 310.563
45.9903, 310.566
46.021, 310.568
46.0262, 310.569
46.0383, 310.57
46.051, 310.571
46.0683, 310.573
46.1303, 310.579
46.1375, 310.579
46.1739, 310.583
46.1812, 310.583
46.2322, 310.588
46.2641, 310.592
46.2681, 310.592
46.2699, 310.592
46.3249, 310.598
46.3555, 310.601
46.3804, 310.603
46.3915, 310.604
46.4298, 310.608
46.438, 310.609
46.4553, 310.611
46.4767, 310.613
46.532, 310.619
46.5323, 310.619
46.5667, 310.623
46.5912, 310.625
46.6076, 310.627
46.649, 310.632
46.6581, 310.633
46.6897, 310.636
46.7075, 310.638
46.7243, 310.64
46.737, 310.641
46.7793, 310.646
46.7899, 310.647
46.8343, 310.653
46.8506, 310.654
46.8756, 310.657
46.9149, 310.662
46.9456, 310.666
46.9518, 310.666
46.9609, 310.668
46.9685, 310.668
47.0066, 310.673
47.0393, 310.677
47.0593, 310.68
47.0744, 310.681
47.0842, 310.683
47.1014, 310.685
47.1138, 310.686
47.1473, 310.691
47.1804, 310.695
47.1824, 310.695
47.1858, 310.695
47.2261, 310.701
47.2352, 310.702
47.2648, 310.706
47.2724, 310.707
47.2902, 310.709
47.3294, 310.714
47.3551, 310.718
47.37, 310.72
47.4273, 310.728
47.4504, 310.731
47.4629, 310.733
47.4755, 310.734
47.4907, 310.737
47.5177, 310.74
47.5466, 310.745
47.5507, 310.745
47.5521, 310.745
47.5888, 310.751
47.6339, 310.757
47.6353, 310.758
47.6359, 310.758
47.6714, 310.763
47.688, 310.765
47.7301, 310.772
47.7349, 310.773
47.7489, 310.775
47.767, 310.778
47.8293, 310.787
47.8412, 310.789
47.8742, 310.794
47.8976, 310.798
47.9105, 310.8
47.9383, 310.805
47.9398, 310.805
47.9407, 310.805
47.9998, 310.815
48.0267, 310.82
48.038, 310.821
48.044, 310.822
48.0745, 310.828
48.1302, 310.837
48.1727, 310.845
48.1809, 310.846
48.1933, 310.848
48.2103, 310.851
48.2221, 310.854
48.2504, 310.859
48.2903, 310.866
48.3029, 310.868
48.3303, 310.873
48.3806, 310.883
48.4012, 310.887
48.4199, 310.89
48.4412, 310.895
48.4508, 310.897
48.4632, 310.899
48.4926, 310.905
48.5006, 310.906
48.5205, 310.91
48.5378, 310.914
48.5779, 310.922
48.5925, 310.925
48.6116, 310.929
48.6483, 310.937
48.6565, 310.938
48.6892, 310.945
48.6916, 310.946
48.6922, 310.946
48.7394, 310.956
48.7594, 310.961
48.7854, 310.966
48.7889, 310.967
48.8031, 310.97
48.835, 310.978
48.8738, 310.986
48.9222, 310.998
48.9498, 311.004
48.9642, 311.008
48.9783, 311.011
48.997, 311.016
49.0273, 311.023
49.0828, 311.037
49.0923, 311.039
49.1241, 311.047
49.1411, 311.051
49.2071, 311.068
49.2136, 311.07
49.2388, 311.077
49.2403, 311.077
49.2408, 311.077
49.2433, 311.078
49.2945, 311.092
49.3204, 311.099
49.3463, 311.107
49.3616, 311.111
49.3834, 311.117
49.4032, 311.123
49.4091, 311.124
49.4223, 311.128
49.4428, 311.134
49.4488, 311.136
49.4856, 311.147
49.5058, 311.153
49.5146, 311.156
49.5494, 311.166
49.558, 311.169
49.5806, 311.176
49.6004, 311.182
49.6437, 311.196
49.6621, 311.202
49.6748, 311.206
49.6812, 311.208
49.6936, 311.212
49.7161, 311.22
49.7707, 311.238
49.7905, 311.245
49.808, 311.251
49.8439, 311.264
49.8505, 311.266
49.879, 311.277
49.8801, 311.277
49.8822, 311.278
49.919, 311.291
49.9611, 311.307
49.9633, 311.308
49.9665, 311.309
49.9879, 311.318
50.0125, 311.327
50.0605, 311.346
50.0949, 311.36
50.1048, 311.365
50.1406, 311.379
50.19, 311.4
50.2271, 311.417
50.2525, 311.428
50.2941, 311.447
50.2987, 311.449
50.3249, 311.461
50.3323, 311.465
50.3504, 311.473
50.3644, 311.48
50.3698, 311.483
50.4017, 311.499
50.408, 311.502
50.4327, 311.514
50.4406, 311.518
50.4437, 311.52
50.4713, 311.534
50.4864, 311.542
50.4942, 311.546
50.532, 311.566
50.5428, 311.572
50.5972, 311.602
50.6031, 311.606
50.6357, 311.625
50.6528, 311.635
50.6817, 311.653
50.687, 311.656
50.7235, 311.678
50.7343, 311.685
50.7621, 311.703
50.7734, 311.71
50.786, 311.718
50.8096, 311.733
50.8443, 311.758
50.8477, 311.761
50.8853, 311.787
50.8991, 311.797
50.9147, 311.808
50.9304, 311.82
50.9337, 311.822
50.9421, 311.829
50.9786, 311.858
51.0221, 311.893
51.0533, 311.92
51.0676, 311.932
51.1036, 311.964
51.115, 311.974
51.1186, 311.977
51.1361, 311.994
51.1512, 312.008
51.1541, 312.01
51.1629, 312.019
51.1884, 312.043
51.1983, 312.054
51.2394, 312.096
51.2441, 312.101
51.3147, 312.184
51.3183, 312.188
51.3745, 312.254
51.3899, 312.275
51.4139, 312.307
51.4406, 312.345
51.4687, 312.389
51.4834, 312.411
51.5046, 312.442
51.5204, 312.47
51.5303, 312.486
51.5542, 312.531
51.5908, 312.602
51.6117, 312.639
51.6498, 312.728
51.6587, 312.749
51.6998, 312.843
51.7169, 312.89
51.7272, 312.918
51.7717, 313.053
51.7911, 313.124
51.8042, 313.169
51.8251, 313.235
51.8384, 313.267
51.8524, 313.312
51.9159, 313.516
51.9246, 313.535
51.98, 313.602
52.0106, 313.632
52.0253, 313.64
52.0369, 313.631
52.0562, 313.595
52.0751, 313.551
52.0928, 313.509
52.1281, 313.412
52.1378, 313.378
52.1728, 313.245
52.1849, 313.205
52.2082, 313.131
52.2209, 313.091
52.2454, 313.016
52.2538, 312.991
52.2633, 312.962
52.281, 312.918
52.2951, 312.879
52.3003, 312.864
52.3282, 312.785
52.3642, 312.702
52.3892, 312.651
52.414, 312.604
52.4348, 312.563
52.4569, 312.521
52.4802, 312.481
52.4998, 312.449
52.5329, 312.396
52.556, 312.361
52.5869, 312.318
52.6101, 312.289
52.6484, 312.24
52.6579, 312.227
52.6603, 312.224
52.6665, 312.216
52.6685, 312.214
52.6829, 312.198
52.7048, 312.173
52.7215, 312.154
52.7549, 312.117
52.7587, 312.113
52.7663, 312.106
52.7786, 312.093
52.802, 312.07
52.8498, 312.023
52.8576, 312.016
52.9161, 311.963
52.9259, 311.954
52.938, 311.944
52.9843, 311.906
53, 311.893
53.0222, 311.876
53.0403, 311.862
53.0589, 311.848
53.0805, 311.831
53.1064, 311.813
53.1088, 311.811
53.136, 311.792
53.1632, 311.773
53.1723, 311.767
53.1987, 311.749
53.2343, 311.727
53.2623, 311.71
53.3, 311.686
53.3288, 311.669
53.3405, 311.662
53.3908, 311.633
53.3917, 311.633
53.4384, 311.607
53.4743, 311.588
53.4897, 311.58
53.5042, 311.573
53.5254, 311.562
53.5566, 311.546
53.5566, 311.546
53.6229, 311.514
53.6266, 311.512
53.6787, 311.489
53.6933, 311.482
53.7341, 311.464
53.7546, 311.455
53.7888, 311.44
53.8235, 311.426
53.8273, 311.424
53.8333, 311.422
53.881, 311.402
53.9265, 311.385
53.9299, 311.383
53.9323, 311.382
53.9396, 311.38
54.0244, 311.348
54.0247, 311.347
54.0616, 311.334
54.1139, 311.316
54.1144, 311.316
54.1148, 311.315
54.143, 311.306
54.1776, 311.294
54.2099, 311.283
54.217, 311.281
54.2577, 311.268
54.2721, 311.263
54.3084, 311.252
54.3368, 311.243
54.3434, 311.241
54.3554, 311.237
54.3921, 311.226
54.4217, 311.217
54.4391, 311.212
54.4496, 311.209
54.4671, 311.204
54.4867, 311.198
54.4966, 311.195
54.5217, 311.188
54.5527, 311.18
54.5655, 311.176
54.5834, 311.171
54.6168, 311.162
54.6412, 311.156
54.6531, 311.153
54.6581, 311.151
54.6671, 311.149
54.7294, 311.133
54.74, 311.13
54.7446, 311.129
54.7498, 311.128
54.7908, 311.118
54.8065, 311.114
54.8385, 311.106
54.857, 311.102
54.8663, 311.099
54.9025, 311.091
54.9075, 311.09
54.9476, 311.08
54.9533, 311.079
54.9834, 311.072
55.002, 311.068
55.0217, 311.064
55.0231, 311.064
55.0396, 311.06
55.0942, 311.048
55.0995, 311.047
55.1563, 311.035
55.1584, 311.035
55.1605, 311.034
55.2343, 311.019
55.2427, 311.017
55.2493, 311.016
55.2764, 311.011
55.3117, 311.004
55.3143, 311.003
55.3325, 311
55.3527, 310.996
55.3792, 310.991
55.4086, 310.985
55.4184, 310.984
55.4525, 310.977
55.4684, 310.974
55.4935, 310.97
55.5117, 310.967
55.5403, 310.962
55.5703, 310.956
55.6116, 310.949
55.6476, 310.943
55.6547, 310.942
55.6953, 310.935
55.6999, 310.934
55.7285, 310.93
55.7633, 310.924
55.7637, 310.924
55.7716, 310.923
55.7965, 310.919
55.7974, 310.919
55.8278, 310.914
55.8423, 310.912
55.8828, 310.905
55.9056, 310.902
55.9404, 310.897
55.9434, 310.896
55.9881, 310.89
55.9995, 310.888
56.0047, 310.887
56.0386, 310.882
56.0597, 310.879
56.0903, 310.875
56.0925, 310.875
56.0961, 310.874
56.134, 310.869
56.1823, 310.862
56.212, 310.858
56.2156, 310.858
56.227, 310.856
56.235, 310.855
56.2479, 310.854
56.2753, 310.85
56.3117, 310.845
56.3359, 310.842
56.3666, 310.838
56.3945, 310.835
56.4264, 310.831
56.4355, 310.83
56.4536, 310.828
56.4735, 310.825
56.494, 310.823
56.5151, 310.82
56.5217, 310.82
56.5289, 310.819
56.5652, 310.815
56.5707, 310.814
56.6108, 310.809
56.6265, 310.808
56.6577, 310.804
56.681, 310.802
56.7024, 310.799
56.7449, 310.795
56.7559, 310.793
56.7891, 310.79
56.7912, 310.79
56.8226, 310.786
56.8322, 310.785
56.8487, 310.784
56.8669, 310.782
56.8926, 310.779
56.9205, 310.777
56.9427, 310.774
56.9763, 310.771
57.0292, 310.766
57.0319, 310.766
57.0325, 310.766
57.0347, 310.765
57.0745, 310.762
57.1319, 310.756
57.1366, 310.756
57.1455, 310.755
57.1757, 310.752
57.1871, 310.751
57.2021, 310.75
57.2262, 310.748
57.2415, 310.747
57.2587, 310.745
57.3035, 310.741
57.3234, 310.74
57.334, 310.739
57.3724, 310.736
57.3745, 310.735
57.3751, 310.735
57.4281, 310.731
57.4379, 310.73
57.4465, 310.73
57.4695, 310.728
57.5158, 310.724
57.541, 310.722
57.5737, 310.72
57.5834, 310.719
57.6237, 310.716
57.6248, 310.716
57.6808, 310.712
57.7235, 310.709
57.7263, 310.709
57.7266, 310.709
57.7635, 310.706
57.8242, 310.702
57.8374, 310.701
57.8635, 310.7
57.8785, 310.699
57.921, 310.696
57.9335, 310.695
57.9568, 310.694
57.9996, 310.691
58.0088, 310.69
58.0331, 310.689
58.0699, 310.687
58.1053, 310.685
58.1182, 310.684
58.139, 310.683
58.1609, 310.681
58.2169, 310.678
58.2506, 310.677
58.2605, 310.676
58.3087, 310.673
58.3113, 310.673
58.3501, 310.671
58.3731, 310.67
58.3944, 310.669
58.4392, 310.667
58.4427, 310.667
58.4626, 310.666
58.5008, 310.664
58.5278, 310.663
58.5645, 310.661
58.5674, 310.661
58.6116, 310.659
58.6211, 310.659
58.6779, 310.656
58.6988, 310.655
58.7168, 310.655
58.7641, 310.653
58.7829, 310.652
58.8145, 310.651
58.8331, 310.65
58.8575, 310.649
58.8941, 310.648
58.9072, 310.647
58.9389, 310.646
58.955, 310.646
58.9888, 310.645
59.0014, 310.644
59.0235, 310.643
59.0249, 310.643
59.0538, 310.642
59.0568, 310.642
59.0816, 310.642
59.0999, 310.641
59.1152, 310.64
59.1373, 310.64
59.1602, 310.639
59.1805, 310.639
59.1968, 310.638
59.2176, 310.638
59.2542, 310.637
59.2783, 310.636
59.3185, 310.635
59.3293, 310.635
59.3559, 310.634
59.3979, 310.633
59.4105, 310.633
59.4435, 310.632
59.477, 310.631
59.4794, 310.631
59.4845, 310.631
59.521, 310.631
59.5266, 310.63
59.5339, 310.63
59.5498, 310.63
59.5613, 310.63
59.5831, 310.629
59.6333, 310.629
59.639, 310.628
59.6448, 310.628
59.6918, 310.628
59.7361, 310.627
59.7381, 310.627
59.7393, 310.627
59.7406, 310.627
59.779, 310.627
59.7968, 310.626
59.8135, 310.626
59.8484, 310.626
59.8486, 310.626
59.8487, 310.626
59.8488, 310.626
59.8997, 310.625
59.9022, 310.625
59.9589, 310.625
60, 310.625
60, 310.625


