X,T
0, 310.15
0.0293309, 310.15
0.231629, 310.15
0.548165, 310.15
0.813186, 310.15
0.853178, 310.15
0.99316, 310.15
1.01833, 310.15
1.15091, 310.15
1.51937, 310.15
1.63435, 310.15
1.65461, 310.15
2.00543, 310.15
2.24582, 310.15
2.26797, 310.15
2.53715, 310.15
2.56147, 310.15
2.6921, 310.15
3.1143, 310.15
3.388, 310.15
3.45317, 310.15
3.71867, 310.15
3.94789, 310.15
4.21404, 310.15
4.25504, 310.15
4.96691, 310.15
5.01095, 310.15
5.04448, 310.15
5.06918, 310.15
5.35709, 310.15
5.52705, 310.15
5.54775, 310.15
5.88178, 310.15
5.90218, 310.15
6.00855, 310.15
6.03696, 310.15
6.53524, 310.15
6.58365, 310.15
7.09171, 310.15
7.10247, 310.15
7.11726, 310.15
7.24398, 310.15
7.25605, 310.15
7.31756, 310.15
7.59913, 310.15
7.60673, 310.15
7.78677, 310.15
7.79327, 310.15
8.07766, 310.15
8.12322, 310.15
8.39898, 310.15
8.41731, 310.15
8.74429, 310.15
8.86044, 310.15
8.87301, 310.15
9.26173, 310.15
9.47619, 310.15
9.49076, 310.15
9.53391, 310.15
9.94616, 310.15
10.1585, 310.15
10.1926, 310.15
10.3723, 310.15
10.3884, 310.15
10.4377, 310.15
10.9765, 310.15
10.9837, 310.15
11.153, 310.15
11.7311, 310.15
11.7452, 310.15
11.7476, 310.15
11.7626, 310.15
11.7782, 310.15
12.1832, 310.15
12.3556, 310.15
12.3971, 310.15
12.4171, 310.15
12.833, 310.15
13.0637, 310.15
13.0768, 310.15
13.2183, 310.15
13.2368, 310.15
13.6495, 310.15
13.836, 310.15
13.8557, 310.15
14.1644, 310.15
14.4825, 310.15
14.4944, 310.15
14.7244, 310.15
15.1241, 310.15
15.16, 310.15
15.2186, 310.15
15.2908, 310.15
15.3304, 310.15
15.7558, 310.15
15.7866, 310.15
16.0567, 310.15
16.0743, 310.15
16.4, 310.15
16.7306, 310.15
16.7527, 310.15
16.7893, 310.15
16.8764, 310.15
17.475, 310.15
17.5906, 310.15
17.7275, 310.15
18.0924, 310.15
18.1196, 310.15
18.1398, 310.15
18.2045, 310.15
18.3059, 310.15
19.0693, 310.15
19.0908, 310.15
19.3385, 310.15
19.3573, 310.15
19.3836, 310.15
19.5883, 310.15
19.6074, 310.15
20.1302, 310.15
20.2263, 310.15
20.2477, 310.15
20.2645, 310.15
20.3025, 310.15
20.3209, 310.15
20.7911, 310.15
20.8076, 310.15
21.0211, 310.15
21.0429, 310.15
21.5322, 310.15
21.5725, 310.15
21.5868, 310.15
21.6417, 310.15
21.7037, 310.15
21.7661, 310.15
22.1249, 310.15
22.2239, 310.15
22.2503, 310.15
22.7571, 310.15
23.0292, 310.15
23.0509, 310.15
23.3875, 310.15
23.3992, 310.15
23.8269, 310.15
23.8461, 310.15
24.0252, 310.15
24.2239, 310.15
24.2313, 310.15
24.2594, 310.15
24.4567, 310.15
24.9485, 310.15
24.9753, 310.15
24.9923, 310.15
25.0556, 310.15
25.1121, 310.15
25.5806, 310.15
25.6019, 310.15
25.9107, 310.15
25.9307, 310.15
26.053, 310.151
26.2103, 310.151
26.59, 310.151
26.6019, 310.151
26.8848, 310.151
26.9129, 310.151
27.0791, 310.151
27.2775, 310.151
27.3113, 310.151
27.5423, 310.151
27.7673, 310.151
27.8018, 310.151
27.951, 310.152
28.2969, 310.152
28.335, 310.152
28.4426, 310.152
28.5007, 310.152
28.5225, 310.152
28.9361, 310.153
29.2368, 310.153
29.4587, 310.154
29.4833, 310.154
29.5092, 310.154
29.5524, 310.154
29.5787, 310.154
29.7613, 310.155
29.7648, 310.155
29.7864, 310.155
29.8528, 310.155
29.8705, 310.156
29.8804, 310.156
29.9352, 310.156
30, 310.157
30.0676, 310.157
30.0689, 310.157
30.0698, 310.157
30.1026, 310.157
30.1343, 310.157
30.1692, 310.157
30.1974, 310.157
30.2319, 310.157
30.249, 310.157
30.2927, 310.157
30.3048, 310.157
30.3461, 310.157
30.3754, 310.157
30.4098, 310.157
30.4175, 310.157
30.4516, 310.157
30.4877, 310.157
30.4989, 310.157
30.5236, 310.157
30.5275, 310.157
30.5663, 310.157
30.5786, 310.157
30.5905, 310.157
30.6392, 310.157
30.6433, 310.157
30.6474, 310.157
30.6866, 310.157
30.7008, 310.157
30.7477, 310.157
30.7482, 310.157
30.7984, 310.157
30.8155, 310.157
30.8517, 310.157
30.8775, 310.157
30.9076, 310.157
30.9164, 310.157
30.9572, 310.157
30.9891, 310.157
31.0122, 310.157
31.0337, 310.157
31.0552, 310.157
31.0696, 310.157
31.0976, 310.157
31.1263, 310.157
31.1418, 310.157
31.1504, 310.157
31.1931, 310.157
31.2063, 310.157
31.2095, 310.157
31.2428, 310.157
31.2678, 310.157
31.2691, 310.157
31.2734, 310.157
31.3312, 310.157
31.3392, 310.157
31.3482, 310.157
31.3546, 310.157
31.387, 310.157
31.4162, 310.157
31.4527, 310.157
31.4596, 310.157
31.4872, 310.157
31.4961, 310.157
31.5045, 310.157
31.5263, 310.157
31.5316, 310.157
31.5799, 310.157
31.5883, 310.157
31.605, 310.157
31.6407, 310.157
31.6663, 310.157
31.6823, 310.157
31.7019, 310.157
31.7401, 310.157
31.7548, 310.157
31.7776, 310.157
31.7887, 310.157
31.8089, 310.157
31.8214, 310.157
31.8523, 310.157
31.8631, 310.157
31.8805, 310.157
31.91, 310.157
31.9175, 310.157
31.9525, 310.157
31.9917, 310.157
31.9957, 310.157
32.0022, 310.157
32.0363, 310.157
32.0468, 310.157
32.0603, 310.157
32.0775, 310.157
32.0859, 310.157
32.1178, 310.157
32.1408, 310.157
32.1609, 310.157
32.1884, 310.157
32.2207, 310.158
32.2322, 310.158
32.2366, 310.158
32.2786, 310.158
32.3051, 310.158
32.3357, 310.158
32.3602, 310.158
32.3821, 310.158
32.4145, 310.158
32.4423, 310.158
32.4548, 310.158
32.4892, 310.158
32.4935, 310.158
32.5101, 310.158
32.5371, 310.158
32.5445, 310.158
32.5723, 310.158
32.5885, 310.158
32.6017, 310.158
32.6123, 310.158
32.6476, 310.158
32.6666, 310.158
32.6839, 310.158
32.709, 310.158
32.7438, 310.158
32.7591, 310.158
32.7715, 310.158
32.7971, 310.158
32.8204, 310.158
32.8339, 310.158
32.8575, 310.158
32.8998, 310.158
32.9363, 310.158
32.9481, 310.158
32.9792, 310.158
33.0005, 310.158
33.0192, 310.158
33.024, 310.158
33.0718, 310.158
33.1007, 310.158
33.1008, 310.158
33.1387, 310.158
33.1744, 310.158
33.186, 310.158
33.2253, 310.158
33.2442, 310.158
33.2514, 310.158
33.2796, 310.158
33.3413, 310.158
33.3422, 310.158
33.3445, 310.158
33.3842, 310.158
33.4072, 310.159
33.4474, 310.159
33.4593, 310.159
33.4887, 310.159
33.5043, 310.159
33.5052, 310.159
33.5059, 310.159
33.5388, 310.159
33.5558, 310.159
33.5581, 310.159
33.5793, 310.159
33.6108, 310.159
33.6271, 310.159
33.6493, 310.159
33.663, 310.159
33.6847, 310.159
33.6987, 310.159
33.7104, 310.159
33.7308, 310.159
33.7409, 310.159
33.7571, 310.159
33.7851, 310.159
33.7917, 310.159
33.8171, 310.159
33.8596, 310.159
33.8716, 310.159
33.8818, 310.159
33.9165, 310.159
33.9393, 310.159
33.9433, 310.159
33.9444, 310.159
33.9797, 310.159
34.0142, 310.159
34.0364, 310.159
34.0858, 310.159
34.1203, 310.159
34.1462, 310.159
34.1737, 310.159
34.1846, 310.159
34.2172, 310.159
34.2209, 310.159
34.2233, 310.159
34.229, 310.159
34.2626, 310.159
34.2791, 310.159
34.3064, 310.16
34.352, 310.16
34.3627, 310.16
34.381, 310.16
34.3973, 310.16
34.4128, 310.16
34.4377, 310.16
34.4716, 310.16
34.4904, 310.16
34.5117, 310.16
34.5171, 310.16
34.558, 310.16
34.573, 310.16
34.5872, 310.16
34.6049, 310.16
34.6279, 310.16
34.632, 310.16
34.6495, 310.16
34.677, 310.16
34.6848, 310.16
34.7074, 310.16
34.7414, 310.16
34.743, 310.16
34.7701, 310.16
34.7881, 310.16
34.8048, 310.16
34.8282, 310.16
34.8405, 310.16
34.8798, 310.16
34.8979, 310.16
34.9335, 310.16
34.9798, 310.16
34.9843, 310.16
34.9845, 310.16
34.9851, 310.16
35.0278, 310.16
35.0555, 310.161
35.0929, 310.161
35.1015, 310.161
35.126, 310.161
35.1455, 310.161
35.1683, 310.161
35.2331, 310.161
35.2717, 310.161
35.277, 310.161
35.2848, 310.161
35.319, 310.161
35.36, 310.161
35.3977, 310.161
35.4029, 310.161
35.4571, 310.161
35.4893, 310.161
35.501, 310.161
35.5069, 310.161
35.5573, 310.161
35.585, 310.161
35.6144, 310.161
35.6247, 310.161
35.6324, 310.161
35.6608, 310.161
35.6647, 310.161
35.7004, 310.162
35.7115, 310.162
35.7266, 310.162
35.7539, 310.162
35.7792, 310.162
35.7986, 310.162
35.8378, 310.162
35.8466, 310.162
35.8654, 310.162
35.8974, 310.162
35.9482, 310.162
35.9554, 310.162
35.9663, 310.162
36, 310.162
36.0126, 310.162
36.0591, 310.162
36.0843, 310.162
36.0864, 310.162
36.0903, 310.162
36.1185, 310.162
36.147, 310.162
36.1757, 310.162
36.216, 310.162
36.2228, 310.162
36.2755, 310.163
36.2785, 310.163
36.2998, 310.163
36.3145, 310.163
36.3271, 310.163
36.3542, 310.163
36.4262, 310.163
36.4337, 310.163
36.446, 310.163
36.4657, 310.163
36.4959, 310.163
36.5206, 310.163
36.5367, 310.163
36.548, 310.163
36.5716, 310.163
36.5822, 310.163
36.5909, 310.163
36.6312, 310.163
36.6389, 310.163
36.6956, 310.163
36.7162, 310.163
36.7253, 310.164
36.7825, 310.164
36.789, 310.164
36.7901, 310.164
36.8437, 310.164
36.8548, 310.164
36.8778, 310.164
36.9017, 310.164
36.9597, 310.164
36.9608, 310.164
37.0039, 310.164
37.0181, 310.164
37.0502, 310.164
37.0728, 310.164
37.0938, 310.164
37.1364, 310.164
37.1504, 310.164
37.1724, 310.165
37.1902, 310.165
37.212, 310.165
37.2339, 310.165
37.2424, 310.165
37.2466, 310.165
37.2546, 310.165
37.2754, 310.165
37.2964, 310.165
37.3023, 310.165
37.3939, 310.165
37.4218, 310.165
37.4332, 310.165
37.4704, 310.165
37.5132, 310.165
37.5206, 310.165
37.5577, 310.165
37.596, 310.166
37.5979, 310.166
37.6156, 310.166
37.6318, 310.166
37.6547, 310.166
37.6644, 310.166
37.6673, 310.166
37.6745, 310.166
37.7034, 310.166
37.7143, 310.166
37.7521, 310.166
37.7542, 310.166
37.7582, 310.166
37.7618, 310.166
37.7691, 310.166
37.8038, 310.166
37.8305, 310.166
37.8497, 310.166
37.8617, 310.166
37.8917, 310.166
37.9084, 310.166
37.928, 310.166
37.9393, 310.166
37.9485, 310.166
37.9891, 310.167
37.9961, 310.167
38.0006, 310.167
38.0413, 310.167
38.0686, 310.167
38.0978, 310.167
38.1131, 310.167
38.1596, 310.167
38.161, 310.167
38.1916, 310.167
38.2047, 310.167
38.2179, 310.167
38.2616, 310.167
38.2751, 310.167
38.2958, 310.167
38.3083, 310.168
38.3384, 310.168
38.3621, 310.168
38.4196, 310.168
38.4332, 310.168
38.4708, 310.168
38.5024, 310.168
38.5199, 310.168
38.5753, 310.168
38.6026, 310.168
38.6056, 310.168
38.6115, 310.168
38.6351, 310.169
38.6602, 310.169
38.6888, 310.169
38.6901, 310.169
38.7249, 310.169
38.7713, 310.169
38.7826, 310.169
38.82, 310.169
38.8635, 310.169
38.8714, 310.169
38.9056, 310.169
38.9116, 310.169
38.9465, 310.17
38.9613, 310.17
38.9917, 310.17
39.0031, 310.17
39.0269, 310.17
39.0331, 310.17
39.0803, 310.17
39.088, 310.17
39.1221, 310.17
39.1986, 310.17
39.1999, 310.17
39.2017, 310.17
39.2817, 310.171
39.2961, 310.171
39.3336, 310.171
39.3826, 310.171
39.3908, 310.171
39.4269, 310.171
39.4289, 310.171
39.4927, 310.172
39.495, 310.172
39.4989, 310.172
39.5316, 310.172
39.5725, 310.172
39.574, 310.172
39.5751, 310.172
39.5823, 310.172
39.6176, 310.172
39.6242, 310.172
39.6525, 310.172
39.6701, 310.172
39.7122, 310.172
39.7127, 310.172
39.7131, 310.172
39.7137, 310.172
39.7551, 310.173
39.7968, 310.173
39.8286, 310.173
39.8504, 310.173
39.8829, 310.173
39.9395, 310.173
39.976, 310.173
39.9865, 310.173
39.9884, 310.173
40.0193, 310.174
40.0226, 310.174
40.033, 310.174
40.0752, 310.174
40.0889, 310.174
40.1194, 310.174
40.1602, 310.174
40.1667, 310.174
40.1732, 310.174
40.2067, 310.174
40.2341, 310.175
40.259, 310.175
40.2761, 310.175
40.3062, 310.175
40.3173, 310.175
40.3285, 310.175
40.3552, 310.175
40.3902, 310.175
40.3931, 310.175
40.4448, 310.176
40.4982, 310.176
40.5012, 310.176
40.5036, 310.176
40.5104, 310.176
40.5496, 310.176
40.5703, 310.176
40.5769, 310.176
40.6299, 310.176
40.6477, 310.176
40.6926, 310.177
40.7344, 310.177
40.7346, 310.177
40.7357, 310.177
40.7953, 310.177
40.8222, 310.177
40.8601, 310.178
40.8663, 310.178
40.8695, 310.178
40.8811, 310.178
40.9069, 310.178
40.9162, 310.178
40.961, 310.178
40.9668, 310.178
41.0085, 310.178
41.0391, 310.178
41.0466, 310.179
41.0885, 310.179
41.1062, 310.179
41.1082, 310.179
41.1169, 310.179
41.1448, 310.179
41.155, 310.179
41.1854, 310.179
41.2042, 310.179
41.2149, 310.179
41.2183, 310.179
41.225, 310.179
41.2547, 310.18
41.2798, 310.18
41.2979, 310.18
41.339, 310.18
41.3512, 310.18
41.3681, 310.18
41.4018, 310.18
41.4162, 310.181
41.4364, 310.181
41.4644, 310.181
41.4759, 310.181
41.4825, 310.181
41.5119, 310.181
41.5195, 310.181
41.5417, 310.181
41.5774, 310.181
41.6177, 310.182
41.6223, 310.182
41.6513, 310.182
41.6653, 310.182
41.6946, 310.182
41.7233, 310.182
41.7274, 310.182
41.7318, 310.182
41.7709, 310.183
41.8154, 310.183
41.8269, 310.183
41.8475, 310.183
41.856, 310.183
41.8726, 310.183
41.9, 310.183
41.9192, 310.184
41.9316, 310.184
41.9384, 310.184
41.9644, 310.184
41.9796, 310.184
42.0016, 310.184
42.0247, 310.184
42.0515, 310.184
42.0678, 310.185
42.0859, 310.185
42.1151, 310.185
42.1639, 310.185
42.1653, 310.185
42.1663, 310.185
42.2098, 310.186
42.2296, 310.186
42.2929, 310.186
42.2971, 310.186
42.3001, 310.186
42.3116, 310.186
42.3223, 310.186
42.3575, 310.187
42.3689, 310.187
42.3923, 310.187
42.4031, 310.187
42.4094, 310.187
42.4347, 310.187
42.4738, 310.187
42.4802, 310.187
42.4828, 310.187
42.4897, 310.188
42.5332, 310.188
42.56, 310.188
42.5737, 310.188
42.5823, 310.188
42.6278, 310.189
42.6286, 310.189
42.664, 310.189
42.6664, 310.189
42.7231, 310.189
42.7626, 310.19
42.7916, 310.19
42.8198, 310.19
42.8374, 310.19
42.8723, 310.19
42.8748, 310.19
42.8999, 310.191
42.9241, 310.191
42.9343, 310.191
42.9498, 310.191
42.9702, 310.191
43.0112, 310.191
43.0163, 310.192
43.0492, 310.192
43.0706, 310.192
43.0968, 310.192
43.1215, 310.192
43.132, 310.192
43.1671, 310.193
43.2021, 310.193
43.2068, 310.193
43.2387, 310.193
43.2704, 310.194
43.2785, 310.194
43.3113, 310.194
43.355, 310.194
43.3597, 310.194
43.3625, 310.194
43.4095, 310.195
43.4425, 310.195
43.4533, 310.195
43.4627, 310.195
43.4942, 310.196
43.5324, 310.196
43.5566, 310.196
43.5759, 310.196
43.5926, 310.196
43.6011, 310.197
43.6077, 310.197
43.6427, 310.197
43.6643, 310.197
43.6688, 310.197
43.6833, 310.197
43.714, 310.198
43.7248, 310.198
43.7421, 310.198
43.751, 310.198
43.7839, 310.198
43.7893, 310.198
43.8007, 310.198
43.8249, 310.199
43.8438, 310.199
43.846, 310.199
43.848, 310.199
43.8716, 310.199
43.9002, 310.199
43.9157, 310.2
43.927, 310.2
43.9619, 310.2
43.972, 310.2
44.0249, 310.201
44.0365, 310.201
44.0637, 310.201
44.0996, 310.201
44.1187, 310.202
44.1386, 310.202
44.1737, 310.202
44.1816, 310.202
44.1912, 310.202
44.2211, 310.203
44.2346, 310.203
44.2604, 310.203
44.2848, 310.203
44.3218, 310.204
44.3312, 310.204
44.3414, 310.204
44.3809, 310.204
44.4209, 310.205
44.4313, 310.205
44.4527, 310.205
44.4669, 310.205
44.4937, 310.205
44.5224, 310.206
44.5314, 310.206
44.5719, 310.206
44.5739, 310.206
44.5754, 310.206
44.6099, 310.207
44.6208, 310.207
44.6613, 310.207
44.6635, 310.207
44.7183, 310.208
44.7271, 310.208
44.769, 310.208
44.7749, 310.209
44.8171, 310.209
44.825, 310.209
44.8712, 310.21
44.8955, 310.21
44.9161, 310.21
44.9525, 310.211
44.9594, 310.211
44.9919, 310.211
45.0105, 310.211
45.0444, 310.212
45.0459, 310.212
45.1011, 310.212
45.1094, 310.212
45.1257, 310.213
45.1308, 310.213
45.1486, 310.213
45.1885, 310.213
45.1952, 310.213
45.2085, 310.214
45.2181, 310.214
45.2205, 310.214
45.2583, 310.214
45.2634, 310.214
45.2652, 310.214
45.2901, 310.214
45.3276, 310.215
45.3497, 310.215
45.3764, 310.216
45.4076, 310.216
45.4155, 310.216
45.4609, 310.217
45.5127, 310.217
45.5312, 310.217
45.5548, 310.218
45.5992, 310.218
45.6135, 310.218
45.6425, 310.219
45.6524, 310.219
45.6847, 310.219
45.6929, 310.219
45.7258, 310.22
45.7776, 310.22
45.7833, 310.22
45.8239, 310.221
45.8622, 310.221
45.8928, 310.222
45.9072, 310.222
45.9104, 310.222
45.9499, 310.223
45.9673, 310.223
45.9903, 310.223
46.021, 310.223
46.0262, 310.223
46.0383, 310.224
46.051, 310.224
46.0683, 310.224
46.1303, 310.225
46.1375, 310.225
46.1739, 310.225
46.1812, 310.225
46.2322, 310.226
46.2641, 310.226
46.2681, 310.227
46.2699, 310.227
46.3249, 310.227
46.3555, 310.228
46.3804, 310.228
46.3915, 310.228
46.4298, 310.229
46.438, 310.229
46.4553, 310.229
46.4767, 310.229
46.532, 310.23
46.5323, 310.23
46.5667, 310.23
46.5912, 310.231
46.6076, 310.231
46.649, 310.231
46.6581, 310.231
46.6897, 310.232
46.7075, 310.232
46.7243, 310.232
46.737, 310.232
46.7793, 310.233
46.7899, 310.233
46.8343, 310.234
46.8506, 310.234
46.8756, 310.234
46.9149, 310.235
46.9456, 310.235
46.9518, 310.235
46.9609, 310.235
46.9685, 310.235
47.0066, 310.236
47.0393, 310.236
47.0593, 310.236
47.0744, 310.236
47.0842, 310.237
47.1014, 310.237
47.1138, 310.237
47.1473, 310.237
47.1804, 310.238
47.1824, 310.238
47.1858, 310.238
47.2261, 310.238
47.2352, 310.238
47.2648, 310.239
47.2724, 310.239
47.2902, 310.239
47.3294, 310.239
47.3551, 310.24
47.37, 310.24
47.4273, 310.241
47.4504, 310.241
47.4629, 310.241
47.4755, 310.241
47.4907, 310.241
47.5177, 310.242
47.5466, 310.242
47.5507, 310.242
47.5521, 310.242
47.5888, 310.242
47.6339, 310.243
47.6353, 310.243
47.6359, 310.243
47.6714, 310.243
47.688, 310.244
47.7301, 310.244
47.7349, 310.244
47.7489, 310.244
47.767, 310.245
47.8293, 310.245
47.8412, 310.245
47.8742, 310.246
47.8976, 310.246
47.9105, 310.246
47.9383, 310.246
47.9398, 310.246
47.9407, 310.246
47.9998, 310.247
48.0267, 310.247
48.038, 310.247
48.044, 310.248
48.0745, 310.248
48.1302, 310.248
48.1727, 310.249
48.1809, 310.249
48.1933, 310.249
48.2103, 310.249
48.2221, 310.249
48.2504, 310.25
48.2903, 310.25
48.3029, 310.25
48.3303, 310.251
48.3806, 310.251
48.4012, 310.251
48.4199, 310.251
48.4412, 310.252
48.4508, 310.252
48.4632, 310.252
48.4926, 310.252
48.5006, 310.252
48.5205, 310.252
48.5378, 310.253
48.5779, 310.253
48.5925, 310.253
48.6116, 310.253
48.6483, 310.254
48.6565, 310.254
48.6892, 310.254
48.6916, 310.254
48.6922, 310.254
48.7394, 310.255
48.7594, 310.255
48.7854, 310.255
48.7889, 310.255
48.8031, 310.255
48.835, 310.256
48.8738, 310.256
48.9222, 310.256
48.9498, 310.257
48.9642, 310.257
48.9783, 310.257
48.997, 310.257
49.0273, 310.257
49.0828, 310.258
49.0923, 310.258
49.1241, 310.258
49.1411, 310.258
49.2071, 310.259
49.2136, 310.259
49.2388, 310.259
49.2403, 310.259
49.2408, 310.259
49.2433, 310.259
49.2945, 310.26
49.3204, 310.26
49.3463, 310.26
49.3616, 310.26
49.3834, 310.26
49.4032, 310.26
49.4091, 310.261
49.4223, 310.261
49.4428, 310.261
49.4488, 310.261
49.4856, 310.261
49.5058, 310.261
49.5146, 310.261
49.5494, 310.262
49.558, 310.262
49.5806, 310.262
49.6004, 310.262
49.6437, 310.262
49.6621, 310.263
49.6748, 310.263
49.6812, 310.263
49.6936, 310.263
49.7161, 310.263
49.7707, 310.263
49.7905, 310.263
49.808, 310.264
49.8439, 310.264
49.8505, 310.264
49.879, 310.264
49.8801, 310.264
49.8822, 310.264
49.919, 310.264
49.9611, 310.265
49.9633, 310.265
49.9665, 310.265
49.9879, 310.265
50.0125, 310.265
50.0605, 310.265
50.0949, 310.266
50.1048, 310.266
50.1406, 310.266
50.19, 310.266
50.2271, 310.266
50.2525, 310.267
50.2941, 310.267
50.2987, 310.267
50.3249, 310.267
50.3323, 310.267
50.3504, 310.267
50.3644, 310.267
50.3698, 310.267
50.4017, 310.267
50.408, 310.268
50.4327, 310.268
50.4406, 310.268
50.4437, 310.268
50.4713, 310.268
50.4864, 310.268
50.4942, 310.268
50.532, 310.268
50.5428, 310.268
50.5972, 310.269
50.6031, 310.269
50.6357, 310.269
50.6528, 310.269
50.6817, 310.269
50.687, 310.269
50.7235, 310.269
50.7343, 310.269
50.7621, 310.269
50.7734, 310.269
50.786, 310.27
50.8096, 310.27
50.8443, 310.27
50.8477, 310.27
50.8853, 310.27
50.8991, 310.27
50.9147, 310.27
50.9304, 310.27
50.9337, 310.27
50.9421, 310.27
50.9786, 310.27
51.0221, 310.271
51.0533, 310.271
51.0676, 310.271
51.1036, 310.271
51.115, 310.271
51.1186, 310.271
51.1361, 310.271
51.1512, 310.271
51.1541, 310.271
51.1629, 310.271
51.1884, 310.271
51.1983, 310.271
51.2394, 310.271
51.2441, 310.271
51.3147, 310.272
51.3183, 310.272
51.3745, 310.272
51.3899, 310.272
51.4139, 310.272
51.4406, 310.272
51.4687, 310.272
51.4834, 310.272
51.5046, 310.272
51.5204, 310.272
51.5303, 310.272
51.5542, 310.272
51.5908, 310.273
51.6117, 310.273
51.6498, 310.273
51.6587, 310.273
51.6998, 310.273
51.7169, 310.273
51.7272, 310.273
51.7717, 310.273
51.7911, 310.273
51.8042, 310.273
51.8251, 310.273
51.8384, 310.273
51.8524, 310.273
51.9159, 310.273
51.9246, 310.273
51.98, 310.273
52.0106, 310.273
52.0253, 310.273
52.0369, 310.273
52.0562, 310.273
52.0751, 310.273
52.0928, 310.273
52.1281, 310.274
52.1378, 310.274
52.1728, 310.274
52.1849, 310.274
52.2082, 310.274
52.2209, 310.274
52.2454, 310.274
52.2538, 310.274
52.2633, 310.274
52.281, 310.274
52.2951, 310.274
52.3003, 310.274
52.3282, 310.274
52.3642, 310.274
52.3892, 310.274
52.414, 310.274
52.4348, 310.274
52.4569, 310.274
52.4802, 310.274
52.4998, 310.274
52.5329, 310.274
52.556, 310.274
52.5869, 310.274
52.6101, 310.274
52.6484, 310.274
52.6579, 310.274
52.6603, 310.274
52.6665, 310.274
52.6685, 310.274
52.6829, 310.274
52.7048, 310.274
52.7215, 310.274
52.7549, 310.274
52.7587, 310.274
52.7663, 310.274
52.7786, 310.274
52.802, 310.274
52.8498, 310.274
52.8576, 310.274
52.9161, 310.274
52.9259, 310.274
52.938, 310.274
52.9843, 310.273
53, 310.273
53.0222, 310.273
53.0403, 310.273
53.0589, 310.273
53.0805, 310.273
53.1064, 310.273
53.1088, 310.273
53.136, 310.273
53.1632, 310.273
53.1723, 310.273
53.1987, 310.273
53.2343, 310.273
53.2623, 310.273
53.3, 310.273
53.3288, 310.273
53.3405, 310.273
53.3908, 310.273
53.3917, 310.273
53.4384, 310.273
53.4743, 310.273
53.4897, 310.273
53.5042, 310.272
53.5254, 310.272
53.5566, 310.272
53.5566, 310.272
53.6229, 310.272
53.6266, 310.272
53.6787, 310.272
53.6933, 310.272
53.7341, 310.272
53.7546, 310.272
53.7888, 310.272
53.8235, 310.272
53.8273, 310.272
53.8333, 310.272
53.881, 310.271
53.9265, 310.271
53.9299, 310.271
53.9323, 310.271
53.9396, 310.271
54.0244, 310.271
54.0247, 310.271
54.0616, 310.271
54.1139, 310.271
54.1144, 310.271
54.1148, 310.271
54.143, 310.27
54.1776, 310.27
54.2099, 310.27
54.217, 310.27
54.2577, 310.27
54.2721, 310.27
54.3084, 310.27
54.3368, 310.27
54.3434, 310.27
54.3554, 310.27
54.3921, 310.269
54.4217, 310.269
54.4391, 310.269
54.4496, 310.269
54.4671, 310.269
54.4867, 310.269
54.4966, 310.269
54.5217, 310.269
54.5527, 310.269
54.5655, 310.269
54.5834, 310.268
54.6168, 310.268
54.6412, 310.268
54.6531, 310.268
54.6581, 310.268
54.6671, 310.268
54.7294, 310.268
54.74, 310.268
54.7446, 310.268
54.7498, 310.268
54.7908, 310.267
54.8065, 310.267
54.8385, 310.267
54.857, 310.267
54.8663, 310.267
54.9025, 310.267
54.9075, 310.267
54.9476, 310.267
54.9533, 310.267
54.9834, 310.266
55.002, 310.266
55.0217, 310.266
55.0231, 310.266
55.0396, 310.266
55.0942, 310.266
55.0995, 310.266
55.1563, 310.265
55.1584, 310.265
55.1605, 310.265
55.2343, 310.265
55.2427, 310.265
55.2493, 310.265
55.2764, 310.265
55.3117, 310.265
55.3143, 310.265
55.3325, 310.264
55.3527, 310.264
55.3792, 310.264
55.4086, 310.264
55.4184, 310.264
55.4525, 310.264
55.4684, 310.264
55.4935, 310.263
55.5117, 310.263
55.5403, 310.263
55.5703, 310.263
55.6116, 310.263
55.6476, 310.262
55.6547, 310.262
55.6953, 310.262
55.6999, 310.262
55.7285, 310.262
55.7633, 310.262
55.7637, 310.262
55.7716, 310.262
55.7965, 310.261
55.7974, 310.261
55.8278, 310.261
55.8423, 310.261
55.8828, 310.261
55.9056, 310.261
55.9404, 310.26
55.9434, 310.26
55.9881, 310.26
55.9995, 310.26
56.0047, 310.26
56.0386, 310.26
56.0597, 310.26
56.0903, 310.259
56.0925, 310.259
56.0961, 310.259
56.134, 310.259
56.1823, 310.259
56.212, 310.259
56.2156, 310.259
56.227, 310.258
56.235, 310.258
56.2479, 310.258
56.2753, 310.258
56.3117, 310.258
56.3359, 310.258
56.3666, 310.257
56.3945, 310.257
56.4264, 310.257
56.4355, 310.257
56.4536, 310.257
56.4735, 310.257
56.494, 310.257
56.5151, 310.256
56.5217, 310.256
56.5289, 310.256
56.5652, 310.256
56.5707, 310.256
56.6108, 310.256
56.6265, 310.256
56.6577, 310.255
56.681, 310.255
56.7024, 310.255
56.7449, 310.255
56.7559, 310.255
56.7891, 310.254
56.7912, 310.254
56.8226, 310.254
56.8322, 310.254
56.8487, 310.254
56.8669, 310.254
56.8926, 310.254
56.9205, 310.253
56.9427, 310.253
56.9763, 310.253
57.0292, 310.253
57.0319, 310.253
57.0325, 310.253
57.0347, 310.253
57.0745, 310.252
57.1319, 310.252
57.1366, 310.252
57.1455, 310.252
57.1757, 310.251
57.1871, 310.251
57.2021, 310.251
57.2262, 310.251
57.2415, 310.251
57.2587, 310.251
57.3035, 310.25
57.3234, 310.25
57.334, 310.25
57.3724, 310.25
57.3745, 310.25
57.3751, 310.25
57.4281, 310.25
57.4379, 310.249
57.4465, 310.249
57.4695, 310.249
57.5158, 310.249
57.541, 310.249
57.5737, 310.248
57.5834, 310.248
57.6237, 310.248
57.6248, 310.248
57.6808, 310.248
57.7235, 310.247
57.7263, 310.247
57.7266, 310.247
57.7635, 310.247
57.8242, 310.247
57.8374, 310.247
57.8635, 310.246
57.8785, 310.246
57.921, 310.246
57.9335, 310.246
57.9568, 310.246
57.9996, 310.245
58.0088, 310.245
58.0331, 310.245
58.0699, 310.245
58.1053, 310.245
58.1182, 310.245
58.139, 310.244
58.1609, 310.244
58.2169, 310.244
58.2506, 310.244
58.2605, 310.244
58.3087, 310.243
58.3113, 310.243
58.3501, 310.243
58.3731, 310.243
58.3944, 310.243
58.4392, 310.242
58.4427, 310.242
58.4626, 310.242
58.5008, 310.242
58.5278, 310.242
58.5645, 310.242
58.5674, 310.242
58.6116, 310.241
58.6211, 310.241
58.6779, 310.241
58.6988, 310.241
58.7168, 310.241
58.7641, 310.241
58.7829, 310.24
58.8145, 310.24
58.8331, 310.24
58.8575, 310.24
58.8941, 310.24
58.9072, 310.24
58.9389, 310.24
58.955, 310.24
58.9888, 310.239
59.0014, 310.239
59.0235, 310.239
59.0249, 310.239
59.0538, 310.239
59.0568, 310.239
59.0816, 310.239
59.0999, 310.239
59.1152, 310.239
59.1373, 310.239
59.1602, 310.239
59.1805, 310.239
59.1968, 310.238
59.2176, 310.238
59.2542, 310.238
59.2783, 310.238
59.3185, 310.238
59.3293, 310.238
59.3559, 310.238
59.3979, 310.238
59.4105, 310.238
59.4435, 310.238
59.477, 310.237
59.4794, 310.237
59.4845, 310.237
59.521, 310.237
59.5266, 310.237
59.5339, 310.237
59.5498, 310.237
59.5613, 310.237
59.5831, 310.237
59.6333, 310.237
59.639, 310.237
59.6448, 310.237
59.6918, 310.237
59.7361, 310.237
59.7381, 310.237
59.7393, 310.237
59.7406, 310.237
59.779, 310.237
59.7968, 310.237
59.8135, 310.237
59.8484, 310.236
59.8486, 310.236
59.8487, 310.236
59.8488, 310.236
59.8997, 310.236
59.9022, 310.236
59.9589, 310.236
60, 310.236
60, 310.236


