X,T
1.19114e-16, 310.15
0.0170375, 310.15
0.0312595, 310.15
0.580971, 310.15
0.970267, 310.15
0.981829, 310.15
0.992231, 310.15
1.07237, 310.15
1.17961, 310.15
1.54352, 310.15
1.56107, 310.15
1.94228, 310.15
2.12949, 310.15
2.143, 310.15
2.34962, 310.15
2.60019, 310.15
2.62077, 310.15
2.79502, 310.15
3.0274, 310.15
3.04398, 310.15
3.36826, 310.15
3.38808, 310.15
3.59686, 310.15
3.61566, 310.15
4.0047, 310.15
4.04907, 310.15
4.17143, 310.15
4.21542, 310.15
4.22744, 310.15
4.24329, 310.15
4.67415, 310.15
4.8442, 310.15
4.85588, 310.151
5.28249, 310.151
5.40216, 310.151
5.42166, 310.151
5.50716, 310.151
6.19597, 310.151
6.25492, 310.151
6.27106, 310.151
6.28199, 310.151
6.3356, 310.151
6.79939, 310.151
7.1247, 310.151
7.14544, 310.151
7.2184, 310.151
7.45909, 310.151
7.48766, 310.151
7.73937, 310.151
7.74736, 310.151
7.83078, 310.151
7.83895, 310.151
7.8495, 310.151
8.25842, 310.151
8.47211, 310.151
8.48626, 310.151
8.50312, 310.151
9.11127, 310.151
9.14182, 310.151
9.162, 310.151
9.17875, 310.151
9.2068, 310.151
9.22158, 310.151
9.75991, 310.151
9.79045, 310.151
10.188, 310.152
10.2225, 310.152
10.3568, 310.152
10.502, 310.152
10.5305, 310.152
10.958, 310.152
10.9761, 310.152
11.0075, 310.152
11.1598, 310.152
11.3729, 310.152
11.6263, 310.152
11.948, 310.152
12.2772, 310.152
12.306, 310.152
12.3206, 310.152
12.3308, 310.152
12.4507, 310.153
12.7842, 310.153
12.8058, 310.153
13.1883, 310.153
13.2518, 310.153
13.2916, 310.153
13.4953, 310.153
13.5723, 310.153
13.8217, 310.153
13.8828, 310.154
13.8916, 310.154
13.9982, 310.154
14.0698, 310.154
14.4994, 310.154
14.6451, 310.154
14.8534, 310.154
14.8916, 310.154
14.9798, 310.155
15.0847, 310.155
15.1118, 310.155
15.3995, 310.155
15.8029, 310.155
15.8102, 310.155
15.8266, 310.155
15.8284, 310.155
15.8382, 310.156
16.3065, 310.156
16.3254, 310.156
16.7665, 310.157
16.8763, 310.157
16.8766, 310.157
16.8769, 310.157
16.8788, 310.157
17.4963, 310.158
17.5197, 310.158
17.6349, 310.158
18.1842, 310.159
18.1878, 310.159
18.2054, 310.159
18.2121, 310.159
18.5961, 310.16
18.7311, 310.161
18.7332, 310.161
18.7553, 310.161
19.16, 310.162
19.3592, 310.162
19.7214, 310.163
19.743, 310.163
19.9771, 310.164
20.2293, 310.165
20.6315, 310.166
20.9416, 310.168
20.9668, 310.168
21.3463, 310.169
21.4799, 310.17
21.5032, 310.17
21.6471, 310.171
21.9477, 310.172
22.1722, 310.173
22.203, 310.174
22.3544, 310.174
22.3697, 310.174
22.5482, 310.175
22.9527, 310.178
22.9745, 310.178
23.2459, 310.18
23.4359, 310.181
23.7936, 310.184
23.8222, 310.184
23.9214, 310.185
23.9373, 310.185
24.2057, 310.187
24.5599, 310.19
24.6052, 310.191
24.7328, 310.192
24.7632, 310.192
25.0591, 310.195
25.445, 310.199
25.5158, 310.2
25.526, 310.2
25.6127, 310.201
25.6369, 310.202
25.8769, 310.205
25.8892, 310.205
26.082, 310.207
26.3094, 310.211
26.3283, 310.211
26.7665, 310.218
26.8091, 310.218
26.9559, 310.22
26.9739, 310.221
27.0854, 310.223
27.4691, 310.23
27.9232, 310.239
27.9364, 310.239
27.9856, 310.24
28.0477, 310.241
28.0726, 310.242
28.4474, 310.251
28.6581, 310.257
28.7069, 310.258
29.0196, 310.267
29.5615, 310.285
29.6079, 310.287
29.6266, 310.288
29.6522, 310.289
29.7579, 310.294
29.8128, 310.297
29.818, 310.297
29.8316, 310.298
29.9105, 310.305
30, 310.312
30.0645, 310.312
30.0745, 310.312
30.0886, 310.312
30.1033, 310.312
30.1203, 310.312
30.1587, 310.312
30.1773, 310.312
30.2255, 310.312
30.2271, 310.312
30.2686, 310.313
30.3029, 310.313
30.3068, 310.313
30.3503, 310.313
30.373, 310.313
30.3986, 310.313
30.4199, 310.313
30.4283, 310.313
30.4638, 310.313
30.5063, 310.313
30.515, 310.313
30.5296, 310.313
30.5588, 310.313
30.6121, 310.313
30.6182, 310.313
30.6309, 310.313
30.6647, 310.314
30.6862, 310.314
30.712, 310.314
30.7235, 310.314
30.7653, 310.314
30.7729, 310.314
30.7807, 310.314
30.8027, 310.314
30.845, 310.314
30.8574, 310.314
30.8673, 310.314
30.8868, 310.314
30.91, 310.314
30.941, 310.314
30.9586, 310.314
30.9841, 310.314
30.99, 310.314
31.0345, 310.315
31.0575, 310.315
31.0757, 310.315
31.1004, 310.315
31.1082, 310.315
31.1092, 310.315
31.1453, 310.315
31.1832, 310.315
31.2059, 310.315
31.2167, 310.315
31.2212, 310.315
31.2483, 310.315
31.2691, 310.315
31.3243, 310.315
31.3323, 310.315
31.3551, 310.315
31.3793, 310.316
31.4098, 310.316
31.4353, 310.316
31.4544, 310.316
31.4711, 310.316
31.4816, 310.316
31.5126, 310.316
31.5468, 310.316
31.5748, 310.316
31.592, 310.316
31.6351, 310.316
31.6369, 310.316
31.638, 310.316
31.6638, 310.316
31.6647, 310.316
31.6845, 310.316
31.6977, 310.316
31.7263, 310.316
31.7276, 310.316
31.7296, 310.316
31.7719, 310.317
31.798, 310.317
31.829, 310.317
31.8491, 310.317
31.8717, 310.317
31.8953, 310.317
31.9069, 310.317
31.9711, 310.317
31.9926, 310.317
32.0367, 310.317
32.05, 310.317
32.0721, 310.317
32.0898, 310.318
32.1117, 310.318
32.1489, 310.318
32.1603, 310.318
32.1684, 310.318
32.1954, 310.318
32.2025, 310.318
32.2048, 310.318
32.2173, 310.318
32.242, 310.318
32.2485, 310.318
32.2747, 310.318
32.3185, 310.318
32.3206, 310.318
32.3241, 310.318
32.3563, 310.318
32.3686, 310.318
32.4026, 310.318
32.4166, 310.318
32.4587, 310.319
32.4639, 310.319
32.5024, 310.319
32.541, 310.319
32.5479, 310.319
32.5502, 310.319
32.5806, 310.319
32.5961, 310.319
32.6098, 310.319
32.6273, 310.319
32.642, 310.319
32.6665, 310.319
32.6801, 310.319
32.7066, 310.319
32.7345, 310.319
32.7695, 310.319
32.784, 310.319
32.7898, 310.319
32.8136, 310.319
32.854, 310.32
32.8548, 310.32
32.8766, 310.32
32.884, 310.32
32.9022, 310.32
32.9164, 310.32
32.9409, 310.32
32.9664, 310.32
32.9993, 310.32
33.0227, 310.32
33.045, 310.32
33.0715, 310.32
33.113, 310.32
33.1153, 310.32
33.1542, 310.32
33.1816, 310.32
33.2303, 310.321
33.2337, 310.321
33.2419, 310.321
33.2878, 310.321
33.3353, 310.321
33.3483, 310.321
33.3841, 310.321
33.4142, 310.321
33.4278, 310.321
33.4305, 310.321
33.4548, 310.321
33.4706, 310.321
33.5086, 310.321
33.5264, 310.321
33.5395, 310.321
33.5537, 310.321
33.5959, 310.322
33.6487, 310.322
33.6487, 310.322
33.7053, 310.322
33.7382, 310.322
33.7575, 310.322
33.7945, 310.322
33.8039, 310.322
33.8427, 310.322
33.8513, 310.322
33.8782, 310.322
33.89, 310.322
33.8935, 310.322
33.8998, 310.322
33.9313, 310.322
33.9711, 310.322
34.0012, 310.323
34.0278, 310.323
34.0579, 310.323
34.1102, 310.323
34.1247, 310.323
34.1459, 310.323
34.158, 310.323
34.1666, 310.323
34.2084, 310.323
34.2316, 310.323
34.2433, 310.323
34.2802, 310.323
34.2806, 310.323
34.2815, 310.323
34.3277, 310.323
34.375, 310.323
34.3811, 310.323
34.4137, 310.324
34.4374, 310.324
34.4986, 310.324
34.5008, 310.324
34.5038, 310.324
34.5564, 310.324
34.5592, 310.324
34.5609, 310.324
34.6247, 310.324
34.6307, 310.324
34.6585, 310.324
34.6982, 310.324
34.7004, 310.324
34.7039, 310.324
34.7368, 310.324
34.7839, 310.324
34.789, 310.324
34.8391, 310.325
34.8642, 310.325
34.8869, 310.325
34.9098, 310.325
34.9232, 310.325
34.9438, 310.325
34.9642, 310.325
34.9959, 310.325
34.9983, 310.325
35.0155, 310.325
35.0299, 310.325
35.0316, 310.325
35.0359, 310.325
35.0678, 310.325
35.085, 310.325
35.1123, 310.325
35.1247, 310.325
35.1526, 310.325
35.1579, 310.325
35.1985, 310.325
35.2036, 310.325
35.2071, 310.325
35.2432, 310.325
35.2491, 310.325
35.288, 310.326
35.3068, 310.326
35.3482, 310.326
35.3514, 310.326
35.3638, 310.326
35.3792, 310.326
35.4212, 310.326
35.428, 310.326
35.4508, 310.326
35.4528, 310.326
35.4543, 310.326
35.4691, 310.326
35.5066, 310.326
35.5181, 310.326
35.5504, 310.326
35.5735, 310.326
35.613, 310.326
35.6139, 310.326
35.615, 310.326
35.6553, 310.326
35.6822, 310.326
35.6957, 310.326
35.7118, 310.326
35.7566, 310.327
35.7869, 310.327
35.801, 310.327
35.8302, 310.327
35.841, 310.327
35.8599, 310.327
35.8771, 310.327
35.9175, 310.327
35.9214, 310.327
35.9218, 310.327
35.9552, 310.327
35.9627, 310.327
35.9636, 310.327
36.0203, 310.327
36.0444, 310.327
36.0759, 310.327
36.0884, 310.327
36.1241, 310.327
36.1674, 310.327
36.1682, 310.327
36.214, 310.328
36.2185, 310.328
36.2497, 310.328
36.2814, 310.328
36.3139, 310.328
36.329, 310.328
36.3337, 310.328
36.3407, 310.328
36.3852, 310.328
36.3893, 310.328
36.3992, 310.328
36.443, 310.328
36.4906, 310.328
36.5023, 310.328
36.5472, 310.328
36.5654, 310.328
36.5785, 310.328
36.5997, 310.328
36.6231, 310.328
36.6258, 310.328
36.6613, 310.328
36.6921, 310.329
36.7027, 310.329
36.7435, 310.329
36.7545, 310.329
36.7747, 310.329
36.7888, 310.329
36.8065, 310.329
36.8442, 310.329
36.8519, 310.329
36.8865, 310.329
36.8931, 310.329
36.8986, 310.329
36.9515, 310.329
36.9619, 310.329
36.9871, 310.329
36.9976, 310.329
37.0117, 310.329
37.0342, 310.329
37.0531, 310.329
37.1253, 310.329
37.1391, 310.329
37.1582, 310.329
37.1933, 310.329
37.2126, 310.33
37.2642, 310.33
37.2965, 310.33
37.3308, 310.33
37.3802, 310.33
37.3863, 310.33
37.4205, 310.33
37.4254, 310.33
37.4611, 310.33
37.4763, 310.33
37.4979, 310.33
37.4996, 310.33
37.502, 310.33
37.5173, 310.33
37.5513, 310.33
37.5552, 310.33
37.5891, 310.33
37.6186, 310.33
37.6194, 310.33
37.6197, 310.33
37.6514, 310.33
37.6535, 310.33
37.6875, 310.33
37.689, 310.33
37.6924, 310.33
37.7241, 310.33
37.7337, 310.33
37.7671, 310.331
37.7836, 310.331
37.8164, 310.331
37.8401, 310.331
37.857, 310.331
37.8771, 310.331
37.8872, 310.331
37.9187, 310.331
37.9462, 310.331
38.0061, 310.331
38.0169, 310.331
38.0318, 310.331
38.0576, 310.331
38.0872, 310.331
38.106, 310.331
38.1116, 310.331
38.1549, 310.331
38.1809, 310.331
38.2066, 310.331
38.2176, 310.331
38.2405, 310.331
38.2791, 310.331
38.298, 310.331
38.3253, 310.332
38.3356, 310.332
38.3789, 310.332
38.3834, 310.332
38.3952, 310.332
38.4326, 310.332
38.434, 310.332
38.4789, 310.332
38.4803, 310.332
38.4932, 310.332
38.5164, 310.332
38.5182, 310.332
38.5186, 310.332
38.5669, 310.332
38.5812, 310.332
38.6176, 310.332
38.6335, 310.332
38.6424, 310.332
38.7104, 310.332
38.7245, 310.332
38.7417, 310.332
38.7519, 310.332
38.7805, 310.332
38.834, 310.332
38.8427, 310.332
38.8458, 310.332
38.8856, 310.332
38.8925, 310.332
38.9231, 310.332
38.9517, 310.333
38.9727, 310.333
38.9799, 310.333
38.9912, 310.333
39.0245, 310.333
39.0356, 310.333
39.0741, 310.333
39.0891, 310.333
39.1295, 310.333
39.1664, 310.333
39.1849, 310.333
39.2078, 310.333
39.2508, 310.333
39.2722, 310.333
39.2918, 310.333
39.3145, 310.333
39.3315, 310.333
39.3735, 310.333
39.3742, 310.333
39.397, 310.333
39.4293, 310.333
39.4367, 310.333
39.4614, 310.333
39.4984, 310.333
39.5121, 310.333
39.5397, 310.333
39.57, 310.333
39.5815, 310.334
39.6177, 310.334
39.6492, 310.334
39.6625, 310.334
39.6703, 310.334
39.6969, 310.334
39.7208, 310.334
39.7813, 310.334
39.7905, 310.334
39.8052, 310.334
39.8372, 310.334
39.9102, 310.334
39.9231, 310.334
39.9272, 310.334
39.9759, 310.334
39.9969, 310.334
40.0032, 310.334
40.0404, 310.334
40.0616, 310.334
40.0726, 310.334
40.095, 310.334
40.1107, 310.334
40.1433, 310.334
40.1536, 310.334
40.1721, 310.334
40.1939, 310.334
40.2216, 310.334
40.2369, 310.334
40.2703, 310.335
40.2845, 310.335
40.3181, 310.335
40.3542, 310.335
40.3998, 310.335
40.4035, 310.335
40.4072, 310.335
40.4339, 310.335
40.4575, 310.335
40.4767, 310.335
40.517, 310.335
40.5222, 310.335
40.5247, 310.335
40.559, 310.335
40.5689, 310.335
40.6099, 310.335
40.6502, 310.335
40.6542, 310.335
40.6613, 310.335
40.6999, 310.335
40.7412, 310.335
40.76, 310.335
40.7718, 310.335
40.7751, 310.335
40.8004, 310.335
40.8478, 310.335
40.8544, 310.335
40.9001, 310.335
40.9231, 310.335
40.9444, 310.335
40.989, 310.335
41.0065, 310.335
41.0291, 310.336
41.046, 310.336
41.0698, 310.336
41.118, 310.336
41.1272, 310.336
41.1597, 310.336
41.1655, 310.336
41.1681, 310.336
41.2102, 310.336
41.2179, 310.336
41.2377, 310.336
41.2573, 310.336
41.2825, 310.336
41.2905, 310.336
41.3177, 310.336
41.3283, 310.336
41.3751, 310.336
41.3766, 310.336
41.4293, 310.336
41.4657, 310.336
41.482, 310.336
41.5072, 310.336
41.5323, 310.336
41.5711, 310.336
41.5773, 310.336
41.5902, 310.336
41.6056, 310.336
41.6335, 310.336
41.6412, 310.336
41.6822, 310.336
41.6918, 310.336
41.6926, 310.336
41.6975, 310.336
41.7363, 310.336
41.7431, 310.336
41.8042, 310.336
41.8267, 310.336
41.8398, 310.337
41.8558, 310.337
41.8713, 310.337
41.902, 310.337
41.9249, 310.337
41.935, 310.337
41.9683, 310.337
41.983, 310.337
41.9894, 310.337
42.0074, 310.337
42.0093, 310.337
42.0253, 310.337
42.0477, 310.337
42.0539, 310.337
42.113, 310.337
42.1157, 310.337
42.185, 310.337
42.1886, 310.337
42.2189, 310.337
42.2466, 310.337
42.2788, 310.337
42.2851, 310.337
42.2866, 310.337
42.3336, 310.337
42.3771, 310.337
42.3781, 310.337
42.3787, 310.337
42.4229, 310.337
42.461, 310.337
42.4847, 310.337
42.5284, 310.337
42.5452, 310.337
42.5598, 310.337
42.571, 310.337
42.5894, 310.337
42.6136, 310.337
42.6251, 310.337
42.6376, 310.337
42.6698, 310.337
42.6856, 310.337
42.7259, 310.337
42.7355, 310.337
42.7476, 310.338
42.8099, 310.338
42.8359, 310.338
42.8615, 310.338
42.8787, 310.338
42.9226, 310.338
42.9488, 310.338
42.9897, 310.338
43.0127, 310.338
43.0514, 310.338
43.0602, 310.338
43.0635, 310.338
43.0726, 310.338
43.1034, 310.338
43.1409, 310.338
43.1659, 310.338
43.1732, 310.338
43.1927, 310.338
43.227, 310.338
43.252, 310.338
43.2741, 310.338
43.2867, 310.338
43.332, 310.338
43.3322, 310.338
43.3336, 310.338
43.3819, 310.338
43.4453, 310.338
43.4632, 310.338
43.4789, 310.338
43.5316, 310.338
43.5491, 310.338
43.5785, 310.338
43.5844, 310.338
43.6112, 310.338
43.6511, 310.338
43.6588, 310.338
43.6873, 310.338
43.6959, 310.338
43.7379, 310.338
43.7744, 310.339
43.7897, 310.339
43.8217, 310.339
43.8547, 310.339
43.8599, 310.339
43.8942, 310.339
43.8979, 310.339
43.9422, 310.339
43.9454, 310.339
43.9824, 310.339
43.9874, 310.339
44.0281, 310.339
44.0572, 310.339
44.0817, 310.339
44.1048, 310.339
44.1404, 310.339
44.1794, 310.339
44.2034, 310.339
44.2254, 310.339
44.2363, 310.339
44.2505, 310.339
44.2755, 310.339
44.3118, 310.339
44.328, 310.339
44.3495, 310.339
44.3633, 310.339
44.4078, 310.339
44.4325, 310.339
44.4469, 310.339
44.4885, 310.339
44.5222, 310.339
44.5302, 310.339
44.5317, 310.339
44.543, 310.339
44.5785, 310.339
44.6484, 310.339
44.6802, 310.339
44.6826, 310.339
44.7224, 310.339
44.7369, 310.339
44.7538, 310.339
44.7813, 310.339
44.787, 310.339
44.7899, 310.339
44.7938, 310.339
44.8278, 310.339
44.8519, 310.339
44.8658, 310.339
44.9166, 310.339
44.9441, 310.339
44.9573, 310.339
44.987, 310.34
44.9981, 310.34
45.0208, 310.34
45.0243, 310.34
45.0455, 310.34
45.0903, 310.34
45.092, 310.34
45.126, 310.34
45.1261, 310.34
45.1265, 310.34
45.1917, 310.34
45.2106, 310.34
45.2133, 310.34
45.2172, 310.34
45.2658, 310.34
45.2851, 310.34
45.3014, 310.34
45.3136, 310.34
45.342, 310.34
45.3531, 310.34
45.3769, 310.34
45.4326, 310.34
45.4415, 310.34
45.471, 310.34
45.4802, 310.34
45.5009, 310.34
45.5388, 310.34
45.5412, 310.34
45.5837, 310.34
45.6092, 310.34
45.6278, 310.34
45.665, 310.34
45.6889, 310.34
45.7193, 310.34
45.7553, 310.34
45.8036, 310.34
45.8037, 310.34
45.8039, 310.34
45.8443, 310.34
45.8662, 310.34
45.916, 310.34
45.9405, 310.34
45.9748, 310.34
46.0074, 310.34
46.0224, 310.34
46.0559, 310.34
46.0857, 310.34
46.0886, 310.34
46.1292, 310.34
46.154, 310.34
46.154, 310.34
46.154, 310.34
46.1541, 310.34
46.1874, 310.34
46.2027, 310.34
46.219, 310.34
46.2416, 310.34
46.2717, 310.34
46.2978, 310.34
46.3021, 310.34
46.3479, 310.34
46.3889, 310.34
46.3903, 310.34
46.3939, 310.34
46.418, 310.34
46.4471, 310.34
46.4591, 310.34
46.488, 310.341
46.5034, 310.341
46.5318, 310.341
46.5575, 310.341
46.5817, 310.341
46.6124, 310.341
46.6128, 310.341
46.6516, 310.341
46.6785, 310.341
46.7216, 310.341
46.7322, 310.341
46.7549, 310.341
46.7642, 310.341
46.8018, 310.341
46.8416, 310.341
46.8517, 310.341
46.8936, 310.341
46.8994, 310.341
46.9469, 310.341
46.9651, 310.341
46.9781, 310.341
47.0072, 310.341
47.0132, 310.341
47.0525, 310.341
47.0712, 310.341
47.0987, 310.341
47.1094, 310.341
47.1242, 310.341
47.1436, 310.341
47.21, 310.341
47.2275, 310.341
47.2381, 310.341
47.2447, 310.341
47.291, 310.341
47.3108, 310.341
47.3211, 310.341
47.3412, 310.341
47.383, 310.341
47.4047, 310.341
47.4504, 310.341
47.455, 310.341
47.4659, 310.341
47.5032, 310.341
47.5452, 310.341
47.5639, 310.341
47.5884, 310.341
47.6045, 310.341
47.6603, 310.341
47.6702, 310.341
47.6713, 310.341
47.7122, 310.341
47.7385, 310.341
47.7619, 310.341
47.8019, 310.341
47.8109, 310.341
47.8331, 310.341
47.8376, 310.341
47.8521, 310.341
47.8929, 310.341
47.9036, 310.341
47.9732, 310.341
47.9973, 310.341
48.0023, 310.341
48.0335, 310.341
48.0376, 310.341
48.0913, 310.341
48.0967, 310.341
48.1159, 310.341
48.1237, 310.341
48.1642, 310.341
48.177, 310.341
48.1808, 310.341
48.1869, 310.341
48.2286, 310.341
48.2338, 310.341
48.2477, 310.341
48.2739, 310.341
48.2841, 310.341
48.3019, 310.341
48.3344, 310.341
48.3445, 310.341
48.3834, 310.341
48.3915, 310.341
48.4099, 310.341
48.4381, 310.341
48.4509, 310.341
48.4731, 310.341
48.4809, 310.341
48.5566, 310.341
48.5629, 310.341
48.5751, 310.341
48.594, 310.341
48.6287, 310.341
48.6396, 310.341
48.6602, 310.341
48.6662, 310.341
48.6851, 310.341
48.7072, 310.341
48.751, 310.341
48.7753, 310.342
48.7971, 310.342
48.8097, 310.342
48.8433, 310.342
48.8542, 310.342
48.8868, 310.342
48.9038, 310.342
48.9297, 310.342
48.9463, 310.342
48.9845, 310.342
49.0121, 310.342
49.0216, 310.342
49.0605, 310.342
49.0759, 310.342
49.0953, 310.342
49.096, 310.342
49.1246, 310.342
49.1656, 310.342
49.1715, 310.342
49.1872, 310.342
49.2033, 310.342
49.2122, 310.342
49.2448, 310.342
49.2733, 310.342
49.2991, 310.342
49.3039, 310.342
49.3052, 310.342
49.316, 310.342
49.3572, 310.342
49.4013, 310.342
49.4016, 310.342
49.402, 310.342
49.4392, 310.342
49.484, 310.342
49.5123, 310.342
49.5216, 310.342
49.5384, 310.342
49.5634, 310.342
49.5956, 310.342
49.6252, 310.342
49.6418, 310.342
49.6698, 310.342
49.696, 310.342
49.702, 310.342
49.7361, 310.342
49.7524, 310.342
49.7815, 310.342
49.8028, 310.342
49.8052, 310.342
49.8517, 310.342
49.8948, 310.342
49.8957, 310.342
49.8965, 310.342
49.9494, 310.342
49.97, 310.342
50.0062, 310.342
50.0143, 310.342
50.0193, 310.342
50.0551, 310.342
50.085, 310.342
50.0989, 310.342
50.1264, 310.342
50.1578, 310.342
50.1698, 310.342
50.1919, 310.342
50.2106, 310.342
50.2286, 310.342
50.2471, 310.342
50.2709, 310.342
50.2999, 310.342
50.3106, 310.342
50.3254, 310.342
50.3553, 310.342
50.4173, 310.342
50.4247, 310.342
50.428, 310.342
50.4615, 310.342
50.4724, 310.342
50.4888, 310.342
50.5141, 310.342
50.5405, 310.342
50.5616, 310.342
50.5662, 310.342
50.5745, 310.342
50.6025, 310.342
50.6155, 310.342
50.6611, 310.342
50.6777, 310.342
50.7135, 310.342
50.737, 310.342
50.7724, 310.342
50.804, 310.342
50.832, 310.342
50.8489, 310.342
50.859, 310.342
50.9183, 310.342
50.9519, 310.342
50.9636, 310.342
50.9754, 310.342
51.0103, 310.342
51.0593, 310.342
51.0783, 310.342
51.1098, 310.342
51.1266, 310.342
51.1597, 310.342
51.1934, 310.342
51.2036, 310.342
51.2302, 310.342
51.2608, 310.342
51.2665, 310.342
51.2995, 310.342
51.3385, 310.342
51.3422, 310.342
51.346, 310.342
51.3742, 310.342
51.3914, 310.342
51.4133, 310.342
51.4324, 310.342
51.4711, 310.342
51.4738, 310.342
51.5022, 310.342
51.5191, 310.342
51.5244, 310.342
51.5768, 310.342
51.6037, 310.342
51.6333, 310.342
51.6597, 310.342
51.6837, 310.342
51.6921, 310.342
51.7236, 310.342
51.7322, 310.342
51.7615, 310.342
51.7802, 310.342
51.7935, 310.342
51.7983, 310.342
51.8119, 310.342
51.8144, 310.342
51.8458, 310.342
51.8593, 310.342
51.8751, 310.342
51.9123, 310.342
51.9153, 310.342
51.9469, 310.342
51.9632, 310.342
51.9862, 310.342
52.0193, 310.342
52.0536, 310.342
52.0611, 310.342
52.0692, 310.342
52.1072, 310.342
52.1299, 310.342
52.1452, 310.342
52.1492, 310.342
52.1813, 310.342
52.1993, 310.342
52.235, 310.342
52.2378, 310.342
52.2438, 310.342
52.2846, 310.342
52.3226, 310.342
52.3291, 310.342
52.353, 310.342
52.3889, 310.342
52.4175, 310.342
52.4221, 310.342
52.4321, 310.342
52.455, 310.342
52.4662, 310.342
52.5152, 310.342
52.5312, 310.342
52.5524, 310.342
52.5829, 310.342
52.5938, 310.342
52.6226, 310.342
52.6316, 310.342
52.6657, 310.342
52.6852, 310.342
52.7003, 310.342
52.7511, 310.342
52.7664, 310.342
52.7805, 310.342
52.7922, 310.342
52.8073, 310.342
52.8513, 310.342
52.8639, 310.342
52.8804, 310.342
52.8946, 310.342
52.9088, 310.342
52.939, 310.342
52.9834, 310.342
52.9986, 310.342
53.0085, 310.342
53.0285, 310.342
53.051, 310.342
53.0887, 310.342
53.1209, 310.342
53.1495, 310.342
53.1652, 310.342
53.184, 310.342
53.2393, 310.342
53.2423, 310.342
53.2673, 310.342
53.2766, 310.342
53.3019, 310.342
53.306, 310.342
53.308, 310.342
53.3405, 310.342
53.3657, 310.342
53.373, 310.342
53.3834, 310.342
53.4451, 310.342
53.4561, 310.342
53.4596, 310.342
53.4626, 310.342
53.4719, 310.342
53.4913, 310.342
53.5241, 310.342
53.5399, 310.342
53.564, 310.342
53.6006, 310.342
53.6111, 310.342
53.6348, 310.342
53.6697, 310.342
53.6744, 310.342
53.6788, 310.342
53.7135, 310.342
53.7387, 310.342
53.759, 310.342
53.7998, 310.342
53.8058, 310.342
53.8116, 310.342
53.8518, 310.342
53.8828, 310.342
53.8881, 310.342
53.8963, 310.342
53.9348, 310.342
53.9455, 310.342
53.9683, 310.342
53.9944, 310.342
53.9968, 310.342
54.0077, 310.342
54.0488, 310.342
54.0823, 310.342
54.0924, 310.342
54.1041, 310.342
54.1366, 310.342
54.1447, 310.342
54.175, 310.342
54.1774, 310.342
54.1918, 310.342
54.205, 310.342
54.2319, 310.342
54.2362, 310.342
54.246, 310.342
54.3125, 310.342
54.3132, 310.342
54.3138, 310.342
54.3418, 310.342
54.349, 310.342
54.3677, 310.342
54.4062, 310.341
54.433, 310.341
54.4554, 310.341
54.4956, 310.341
54.5167, 310.341
54.5484, 310.341
54.5867, 310.341
54.592, 310.341
54.6291, 310.341
54.6378, 310.341
54.6688, 310.341
54.7328, 310.341
54.734, 310.341
54.7688, 310.341
54.7784, 310.341
54.8075, 310.341
54.8141, 310.341
54.8495, 310.341
54.8908, 310.341
54.9174, 310.341
54.9343, 310.341
54.9386, 310.341
54.9518, 310.341
54.9766, 310.341
55.017, 310.341
55.0323, 310.341
55.0612, 310.341
55.0843, 310.341
55.1143, 310.341
55.1371, 310.341
55.1808, 310.341
55.1963, 310.341
55.2168, 310.341
55.2265, 310.341
55.2584, 310.341
55.2909, 310.341
55.3322, 310.341
55.3416, 310.341
55.3867, 310.341
55.4028, 310.341
55.4288, 310.341
55.4546, 310.341
55.4566, 310.341
55.4729, 310.341
55.5085, 310.341
55.5161, 310.341
55.5321, 310.341
55.5623, 310.341
55.58, 310.341
55.6147, 310.341
55.6215, 310.341
55.6234, 310.341
55.6273, 310.341
55.6631, 310.341
55.6754, 310.341
55.6977, 310.341
55.7145, 310.341
55.7315, 310.341
55.7714, 310.341
55.7843, 310.341
55.8105, 310.341
55.8214, 310.341
55.8579, 310.341
55.8717, 310.341
55.899, 310.341
55.9008, 310.341
55.9144, 310.341
55.9609, 310.341
55.9841, 310.341
55.9998, 310.341
56.0145, 310.341
56.0549, 310.341
56.0755, 310.341
56.114, 310.341
56.1532, 310.341
56.1565, 310.341
56.1643, 310.341
56.1892, 310.341
56.2003, 310.341
56.2464, 310.341
56.2804, 310.341
56.2842, 310.341
56.3349, 310.341
56.3409, 310.341
56.3681, 310.341
56.3823, 310.341
56.4032, 310.341
56.4328, 310.341
56.4351, 310.341
56.4485, 310.341
56.4725, 310.341
56.5078, 310.341
56.5078, 310.341
56.5357, 310.341
56.5603, 310.341
56.5656, 310.341
56.5703, 310.341
56.5903, 310.341
56.6179, 310.341
56.6782, 310.341
56.7042, 310.34
56.7104, 310.34
56.741, 310.34
56.7593, 310.34
56.7596, 310.34
56.7598, 310.34
56.8244, 310.34
56.8332, 310.34
56.8413, 310.34
56.8499, 310.34
56.8675, 310.34
56.881, 310.34
56.9043, 310.34
56.9115, 310.34
56.9223, 310.34
56.959, 310.34
57.0007, 310.34
57.0086, 310.34
57.0153, 310.34
57.0583, 310.34
57.11, 310.34
57.1143, 310.34
57.1355, 310.34
57.1584, 310.34
57.1617, 310.34
57.1754, 310.34
57.1772, 310.34
57.1947, 310.34
57.2267, 310.34
57.2329, 310.34
57.2759, 310.34
57.3034, 310.34
57.3121, 310.34
57.3307, 310.34
57.3406, 310.34
57.3538, 310.34
57.384, 310.34
57.3842, 310.34
57.3848, 310.34
57.4291, 310.34
57.4715, 310.34
57.4822, 310.34
57.4934, 310.34
57.545, 310.34
57.5518, 310.34
57.5681, 310.34
57.6147, 310.34
57.6203, 310.34
57.6387, 310.34
57.6603, 310.34
57.6696, 310.34
57.7107, 310.34
57.7128, 310.34
57.7503, 310.34
57.7712, 310.34
57.7994, 310.34
57.8537, 310.34
57.8662, 310.34
57.8989, 310.34
57.9208, 310.34
57.9542, 310.34
57.9714, 310.34
57.9949, 310.34
57.9997, 310.34
58.0266, 310.34
58.0604, 310.34
58.1124, 310.34
58.1417, 310.34
58.1571, 310.34
58.1925, 310.34
58.2259, 310.34
58.2299, 310.34
58.2727, 310.339
58.2857, 310.339
58.314, 310.339
58.3144, 310.339
58.3149, 310.339
58.3598, 310.339
58.4098, 310.339
58.4505, 310.339
58.4629, 310.339
58.4866, 310.339
58.523, 310.339
58.5367, 310.339
58.5693, 310.339
58.5978, 310.339
58.6082, 310.339
58.6374, 310.339
58.641, 310.339
58.6445, 310.339
58.6891, 310.339
58.7013, 310.339
58.7377, 310.339
58.7619, 310.339
58.7892, 310.339
58.835, 310.339
58.8439, 310.339
58.8735, 310.339
58.8957, 310.339
58.9079, 310.339
58.9131, 310.339
58.9475, 310.339
58.9698, 310.339
58.9869, 310.339
59.0111, 310.339
59.0405, 310.339
59.0541, 310.339
59.0853, 310.339
59.1161, 310.339
59.1282, 310.339
59.1522, 310.339
59.1762, 310.339
59.1835, 310.339
59.1953, 310.339
59.217, 310.339
59.228, 310.339
59.261, 310.339
59.3192, 310.339
59.3368, 310.339
59.3619, 310.339
59.3645, 310.339
59.4055, 310.339
59.4074, 310.339
59.4505, 310.339
59.4531, 310.339
59.468, 310.339
59.4943, 310.339
59.5067, 310.339
59.5305, 310.339
59.5779, 310.339
59.5964, 310.339
59.6273, 310.338
59.6537, 310.338
59.6956, 310.338
59.7084, 310.338
59.7204, 310.338
59.7674, 310.338
59.7714, 310.338
59.7832, 310.338
59.8116, 310.338
59.8175, 310.338
59.8568, 310.338
59.9032, 310.338
59.9068, 310.338
59.915, 310.338
60, 310.338
60, 310.338


